-1.0,-1.0,-1.0,1.0,1.0,1.0,1.0,1.0,-1.0,-1.0,-1.0,-1.0,-1.0,-1.0,-1.0,-1.0,-1.0,-1.0,-1.0,1.0,1.0,1.0,1.0,1.0,1.0,1.0,1.0,-1.0,1.0,1.0,1.0,1.0,1.0,1.0,-1.0,1.0,1.0,-1.0,-1.0,-1.0,-1.0,-1.0,-1.0,1.0,-1.0,-1.0,-1.0,1.0,-1.0,-1.0,-1.0,-1.0,-1.0,1.0,1.0,-1.0,-1.0,-1.0,-1.0,-1.0,-1.0,-1.0,1.0,1.0,1.0,1.0,1.0,1.0,1.0,1.0,1.0,1.0,-1.0,-1.0,-1.0,-1.0,-1.0,-1.0,-1.0,-1.0,-1.0,-1.0,-1.0,-1.0,-1.0,-1.0,1.0,1.0,1.0,1.0,1.0,1.0,1.0,1.0,1.0,1.0,1.0,1.0,1.0,-1.0,-1.0,-1.0,-1.0,-1.0,-1.0,-1.0,-1.0,-1.0,-1.0,1.0,1.0,1.0,1.0,1.0,1.0,1.0,1.0,1.0,1.0,1.0,1.0,1.0,1.0,1.0,1.0,1.0,-1.0,-1.0,-1.0,-1.0,-1.0,-1.0,-1.0,1.0,1.0,1.0,-1.0,-1.0,-1.0,1.0,-1.0,-1.0,-1.0,-1.0,-1.0,-1.0,1.0,-1.0,-1.0,-1.0,1.0,-1.0,-1.0,-1.0,-1.0,-1.0,-1.0,-1.0,-1.0,-1.0,-1.0,-1.0,-1.0,-1.0,-1.0,-1.0,-1.0,1.0,1.0,1.0,-1.0,-1.0,-1.0,-1.0,-1.0,-1.0,-1.0,-1.0,-1.0,-1.0,-1.0,-1.0,-1.0,-1.0,-1.0,-1.0,-1.0,1.0,-1.0,-1.0,-1.0,-1.0,-1.0,1.0,1.0,1.0,-1.0,-1.0,-1.0,-1.0,-1.0,-1.0,1.0,-1.0,-1.0,-1.0,-1.0,-1.0,-1.0,-1.0,1.0,-1.0,-1.0,-1.0,-1.0,1.0,-1.0,1.0,1.0,1.0,-1.0,-1.0,-1.0,-1.0,-1.0,-1.0,-1.0,-1.0,-1.0,-1.0,-1.0,1.0,1.0,-1.0,-1.0,-1.0,-1.0,-1.0,-1.0,-1.0,-1.0,-1.0,-1.0,-1.0,1.0,-1.0,1.0,-1.0,1.0,1.0,-1.0,1.0,1.0,1.0,1.0,-1.0,1.0,-1.0,1.0,1.0,-1.0,-1.0,1.0,1.0,1.0,1.0,1.0,1.0,1.0,1.0,1.0,1.0,-1.0,1.0,1.0,1.0,1.0,1.0,1.0,-1.0,1.0,1.0,1.0,1.0,1.0,1.0,1.0,-1.0,1.0,-1.0,-1.0,1.0,1.0,1.0,1.0,1.0,1.0,1.0,1.0,1.0,1.0,1.0,1.0,1.0,-1.0,-1.0,-1.0,-1.0,-1.0,-1.0,-1.0,-1.0,-1.0,-1.0,-1.0,1.0,1.0,-1.0,-1.0,1.0,1.0,-1.0,1.0,1.0,1.0,-1.0,-1.0,-1.0
-1.0,-1.0,-1.0,-1.0,-1.0,-1.0,-1.0,-1.0,-1.0,-1.0,-1.0,-1.0,-1.0,-1.0,-1.0,-1.0,-1.0,-1.0,-1.0,-1.0,-1.0,-1.0,-1.0,-1.0,-1.0,-1.0,-1.0,-1.0,-1.0,-1.0,-1.0,-1.0,-1.0,-1.0,-1.0,-1.0,-1.0,-1.0,-1.0,-1.0,-1.0,-1.0,-1.0,-1.0,-1.0,-1.0,-1.0,-1.0,-1.0,-1.0,-1.0,-1.0,-1.0,-1.0,-1.0,-1.0,-1.0,-1.0,-1.0,-1.0,-1.0,-1.0,-1.0,-1.0,-1.0,-1.0,-1.0,-1.0,-1.0,-1.0,-1.0,-1.0,-1.0,-1.0,-1.0,-1.0,-1.0,-1.0,-1.0,-1.0,-1.0,-1.0,-1.0,-1.0,-1.0,-1.0,-1.0,-1.0,-1.0,-1.0,-1.0,-1.0,-1.0,-1.0,-1.0,-1.0,-1.0,-1.0,-1.0,-1.0,-1.0,-1.0,-1.0,-1.0,-1.0,-1.0,-1.0,-1.0,-1.0,-1.0,-1.0,-1.0,-1.0,-1.0,-1.0,-1.0,-1.0,-1.0,-1.0,-1.0,-1.0,-1.0,-1.0,-1.0,-1.0,-1.0,-1.0,-1.0,-1.0,-1.0,-1.0,-1.0,-1.0,-1.0,-1.0,-1.0,-1.0,-1.0,-1.0,-1.0,-1.0,-1.0,-1.0,-1.0,-1.0,-1.0,-1.0,-1.0,-1.0,-1.0,-1.0,-1.0,-1.0,-1.0,-1.0,-1.0,-1.0,-1.0,-1.0,-1.0,-1.0,-1.0,-1.0,-1.0,-1.0,-1.0,-1.0,-1.0,-1.0,-1.0,-1.0,-1.0,-1.0,-1.0,-1.0,-1.0,-1.0,-1.0,-1.0,-1.0,-1.0,-1.0,-1.0,-1.0,-1.0,-1.0,-1.0,-1.0,-1.0,-1.0,-1.0,-1.0,-1.0,-1.0,-1.0,-1.0,-1.0,-1.0,-1.0,-1.0,-1.0,-1.0,-1.0,-1.0,-1.0,-1.0,-1.0,-1.0,-1.0,-1.0,-1.0,-1.0,-1.0,-1.0,-1.0,-1.0,-1.0,-1.0,-1.0,-1.0,-1.0,-1.0,-1.0,-1.0,-1.0,-1.0,-1.0,-1.0,-1.0,-1.0,-1.0,-1.0,-1.0,-1.0,-1.0,-1.0,-1.0,-1.0,-1.0,-1.0,-1.0,-1.0,-1.0,-1.0,-1.0,-1.0,1.0,-1.0,-1.0,-1.0,-1.0,1.0,-1.0,-1.0,-1.0,-1.0,1.0,-1.0,-1.0,-1.0,-1.0,-1.0,1.0,-1.0,1.0,-1.0,-1.0,-1.0,1.0,-1.0,-1.0,-1.0,-1.0,1.0,-1.0,1.0,-1.0,-1.0,-1.0,-1.0,1.0,-1.0,1.0,-1.0,-1.0,-1.0,1.0,-1.0,-1.0,-1.0,-1.0,-1.0,-1.0,-1.0,-1.0,-1.0,-1.0,-1.0,-1.0,-1.0,-1.0,-1.0,-1.0,-1.0,-1.0,-1.0,-1.0,-1.0,-1.0,-1.0,-1.0,-1.0,-1.0,-1.0,-1.0,-1.0,-1.0,-1.0,-1.0,-1.0,-1.0,-1.0,-1.0,-1.0,-1.0,-1.0,-1.0,-1.0
0.0,0.0,0.0,0.0,0.0,0.0,0.0,0.0,0.0,0.0,0.0,0.0,0.0,0.0,0.0,0.0,0.0,0.0,0.0,0.0,0.0,0.0,0.0,0.0,0.0,0.0,0.0,0.0,0.0,0.0,0.0,0.0,0.0,0.0,0.0,0.0,0.0,0.0,0.0,0.0,0.0,0.0,0.0,0.0,0.0,0.0,0.0,0.0,0.0,0.0,0.0,0.0,0.0,0.0,0.0,0.0,0.0,0.0,0.0,0.0,0.0,0.0,0.0,0.0,0.0,0.0,0.0,0.0,0.0,0.0,0.0,0.0,0.0,0.0,0.0,0.0,0.0,0.0,0.0,0.0,0.0,0.0,0.0,0.0,0.0,0.0,0.0,0.0,0.0,0.0,0.0,0.0,0.0,0.0,0.0,0.0,0.0,0.0,0.0,0.0,0.0,0.0,0.0,0.0,0.0,0.0,0.0,0.0,0.0,0.0,0.0,0.0,0.0,0.0,0.0,0.0,0.0,0.0,0.0,0.0,0.0,0.0,0.0,0.0,0.0,0.0,0.0,0.0,0.0,0.0,0.0,0.0,0.0,0.0,0.0,0.0,0.0,0.0,0.0,0.0,0.0,0.0,0.0,0.0,0.0,0.0,0.0,0.0,0.0,0.0,0.0,0.0,0.0,0.0,0.0,0.0,0.0,0.0,0.0,0.0,0.0,0.0,0.0,0.0,0.0,0.0,0.0,0.0,0.0,0.0,0.0,0.0,0.0,0.0,0.0,0.0,0.0,0.0,0.0,0.0,0.0,0.0,0.0,0.0,0.0,0.0,0.0,0.0,0.0,0.0,0.0,0.0,0.0,0.0,0.0,0.0,0.0,0.0,0.0,0.0,0.0,0.0,0.0,0.0,0.0,0.0,0.0,0.0,0.0,0.0,0.0,0.0,0.0,0.0,0.0,0.0,0.0,0.0,0.0,0.0,0.0,0.0,0.0,0.0,0.0,0.0,0.0,0.0,0.0,0.0,0.0,0.0,0.0,0.0,0.0,0.0,0.0,0.0,0.0,0.0,0.0,0.0,0.0,0.0,0.0,0.0,0.0,0.0,0.0,0.0,0.0,0.0,0.0,0.0,0.0,0.0,0.0,0.0,0.0,0.0,0.0,0.0,0.0,0.0,0.0,0.0,0.0,0.0,0.0,0.0,0.0,0.0,0.0,0.0,0.0,0.0,0.0,0.0,0.0,0.0,0.0,0.0,0.0,0.0,0.0,0.0,0.0,0.0,0.0,0.0,0.0,0.0,0.0,0.0,0.0,0.0,0.0,0.0,0.0,0.0,0.0,0.0,0.0,0.0,0.0,0.0,0.0,0.0,0.0,0.0,0.0,0.0,0.0,0.0,0.0,0.0,0.0,0.0,0.0,0.0,0.0,0.0,0.0,0.0,0.0,0.0,0.0,0.0
0.30918791307372295,0.30918791307372295,0.30918791307372295,0.30918791307372295,0.30918791307372295,0.30918791307372295,0.30918791307372295,0.30918791307372295,0.30918791307372295,0.30918791307372295,0.30918791307372295,0.30918791307372295,0.30918791307372295,0.30918791307372295,0.30918791307372295,0.30918791307372295,0.30918791307372295,0.30918791307372295,0.30918791307372295,0.30918791307372295,0.30918791307372295,0.30918791307372295,0.30918791307372295,0.30918791307372295,0.30918791307372295,0.30918791307372295,0.30918791307372295,0.30918791307372295,0.30918791307372295,0.30918791307372295,0.30918791307372295,0.30918791307372295,0.30918791307372295,0.30918791307372295,0.30918791307372295,0.30918791307372295,0.30918791307372295,0.30918791307372295,0.30918791307372295,0.30918791307372295,0.30918791307372295,0.30918791307372295,0.30918791307372295,0.30918791307372295,0.30918791307372295,0.30918791307372295,0.30918791307372295,0.30918791307372295,0.30918791307372295,0.30918791307372295,0.30918791307372295,0.30918791307372295,0.30918791307372295,0.30918791307372295,0.30918791307372295,0.30918791307372295,0.30918791307372295,0.30918791307372295,0.30918791307372295,0.30918791307372295,0.30918791307372295,0.30918791307372295,0.30918791307372295,0.30918791307372295,0.30918791307372295,0.30918791307372295,0.30918791307372295,0.30918791307372295,0.30918791307372295,0.30918791307372295,0.30918791307372295,0.30918791307372295,0.30918791307372295,0.30918791307372295,0.30918791307372295,0.30918791307372295,0.30918791307372295,0.30918791307372295,0.30918791307372295,0.30918791307372295,0.30918791307372295,0.30918791307372295,0.30918791307372295,0.30918791307372295,0.30918791307372295,0.30918791307372295,0.30918791307372295,0.30918791307372295,0.30918791307372295,0.30918791307372295,0.30918791307372295,0.30918791307372295,0.30918791307372295,0.30918791307372295,0.30918791307372295,0.30918791307372295,0.30918791307372295,0.30918791307372295,0.30918791307372295,0.30918791307372295,0.30918791307372295,0.30918791307372295,0.30918791307372295,0.30918791307372295,0.30918791307372295,0.30918791307372295,0.30918791307372295,0.30918791307372295,0.30918791307372295,0.30918791307372295,0.30918791307372295,0.30918791307372295,0.30918791307372295,0.30918791307372295,0.30918791307372295,0.30918791307372295,0.30918791307372295,0.30918791307372295,0.30918791307372295,0.30918791307372295,0.30918791307372295,0.30918791307372295,0.30918791307372295,0.30918791307372295,0.30918791307372295,0.30918791307372295,0.30918791307372295,0.30918791307372295,0.30918791307372295,0.30918791307372295,0.30918791307372295,0.30918791307372295,0.30918791307372295,0.30918791307372295,0.30918791307372295,0.30918791307372295,0.30918791307372295,0.30918791307372295,0.30918791307372295,0.30918791307372295,0.30918791307372295,0.30918791307372295,0.30918791307372295,0.30918791307372295,0.30918791307372295,0.30918791307372295,0.30918791307372295,0.30918791307372295,0.30918791307372295,0.30918791307372295,0.30918791307372295,0.30918791307372295,0.30918791307372295,0.30918791307372295,0.30918791307372295,0.30918791307372295,0.30918791307372295,0.30918791307372295,0.30918791307372295,0.30918791307372295,0.30918791307372295,0.30918791307372295,0.30918791307372295,0.30918791307372295,0.30918791307372295,0.30918791307372295,0.30918791307372295,0.30918791307372295,0.30918791307372295,0.30918791307372295,0.30918791307372295,0.30918791307372295,0.30918791307372295,0.30918791307372295,0.30918791307372295,0.30918791307372295,0.30918791307372295,0.30918791307372295,0.30918791307372295,0.30918791307372295,0.30918791307372295,0.30918791307372295,0.30918791307372295,0.30918791307372295,0.30918791307372295,0.30918791307372295,0.30918791307372295,0.30918791307372295,0.30918791307372295,0.30918791307372295,0.30918791307372295,0.30918791307372295,0.30918791307372295,0.30918791307372295,0.30918791307372295,0.30918791307372295,0.30918791307372295,0.30918791307372295,0.30918791307372295,0.30918791307372295,0.30918791307372295,0.30918791307372295,0.30918791307372295,0.30918791307372295,0.30918791307372295,0.30918791307372295,0.30918791307372295,0.30918791307372295,0.30918791307372295,0.30918791307372295,0.30918791307372295,0.30918791307372295,0.30918791307372295,0.30918791307372295,0.30918791307372295,0.30918791307372295,0.30918791307372295,0.30918791307372295,0.30918791307372295,0.30918791307372295,0.30918791307372295,0.30918791307372295,0.30918791307372295,0.30918791307372295,0.30918791307372295,0.30918791307372295,0.30918791307372295,0.30918791307372295,0.30918791307372295,0.30918791307372295,0.30918791307372295,0.30918791307372295,0.30918791307372295,0.30918791307372295,0.30918791307372295,0.30918791307372295,0.30918791307372295,0.30918791307372295,0.30918791307372295,0.30918791307372295,0.30918791307372295,0.30918791307372295,0.30918791307372295,0.30918791307372295,0.30918791307372295,0.30918791307372295,0.30918791307372295,0.30918791307372295,0.30918791307372295,0.30918791307372295,0.30918791307372295,0.30918791307372295,0.30918791307372295,0.30918791307372295,0.30918791307372295,0.30918791307372295,0.30918791307372295,0.30918791307372295,0.30918791307372295,0.30918791307372295,0.30918791307372295,0.30918791307372295,0.30918791307372295,0.30918791307372295,0.30918791307372295,0.30918791307372295,0.30918791307372295,0.30918791307372295,0.30918791307372295,0.30918791307372295,0.30918791307372295,0.30918791307372295,0.30918791307372295,0.30918791307372295,0.30918791307372295,0.30918791307372295,0.30918791307372295,0.30918791307372295,0.30918791307372295,0.30918791307372295,0.30918791307372295,0.30918791307372295,0.30918791307372295,0.30918791307372295,0.30918791307372295,0.30918791307372295,0.30918791307372295,0.30918791307372295,0.30918791307372295,0.30918791307372295,0.30918791307372295,0.30918791307372295,0.30918791307372295,0.30918791307372295,0.30918791307372295,0.30918791307372295,0.30918791307372295,0.30918791307372295,0.30918791307372295,0.30918791307372295,0.30918791307372295,0.30918791307372295,0.30918791307372295,0.30918791307372295,0.30918791307372295,0.30918791307372295,0.30918791307372295,0.30918791307372295,0.30918791307372295,0.30918791307372295,0.30918791307372295,0.30918791307372295,0.30918791307372295,0.30918791307372295,0.30918791307372295,0.30918791307372295,0.30918791307372295,0.30918791307372295,0.30918791307372295,0.30918791307372295,0.30918791307372295,0.30918791307372295,0.30918791307372295,0.30918791307372295,0.30918791307372295,0.30918791307372295,0.30918791307372295,0.30918791307372295
-0.10149845550216545,0.08368291488307082,-0.3402387645907802,0.23498711139257678,-1.2519502074688795,-1.2519502074688795,-1.2519502074688795,-0.6767243314855225,-0.6767243314855225,-0.6767243314855225,-0.6767243314855225,-0.6767243314855225,-0.6767243314855225,-0.6767243314855225,-1.2519502074688795,-1.2519502074688795,-1.2519502074688795,-0.6767243314855225,-1.2519502074688795,-0.3402387645907802,-0.6767243314855225,-0.3402387645907802,-0.6767243314855225,-0.3402387645907802,-0.6767243314855225,-0.3402387645907802,-0.6767243314855225,-0.6767243314855225,-0.6767243314855225,-1.2519502074688795,-1.2519502074688795,-1.2519502074688795,-1.2519502074688795,-1.2519502074688795,-1.2519502074688795,-1.2519502074688795,-1.2519502074688795,-0.6767243314855225,-0.6767243314855225,-1.2519502074688795,-1.2519502074688795,-1.2519502074688795,-0.6767243314855225,-1.2519502074688795,-1.2519502074688795,-1.2519502074688795,-1.2519502074688795,-1.2519502074688795,-0.3402387645907802,-1.2519502074688795,-1.2519502074688795,-0.6767243314855225,-1.2519502074688795,-1.2519502074688795,-1.2519502074688795,-1.2519502074688795,-0.6767243314855225,-1.2519502074688795,-1.2519502074688795,-1.2519502074688795,-1.2519502074688795,-0.6767243314855225,-1.2519502074688795,-1.2519502074688795,-1.2519502074688795,-0.6767243314855225,-0.6767243314855225,-1.2519502074688795,-1.2519502074688795,-1.2519502074688795,-1.2519502074688795,-1.2519502074688795,-1.2519502074688795,-1.2519502074688795,-1.2519502074688795,-0.6767243314855225,-0.6767243314855225,-0.6767243314855225,-1.2519502074688795,-1.2519502074688795,-1.2519502074688795,-1.2519502074688795,-1.2519502074688795,0.36291298676789485,-0.3402387645907802,-0.3402387645907802,-1.2519502074688795,-0.6767243314855225,-0.3402387645907802,-0.6767243314855225,-0.3402387645907802,-0.6767243314855225,-0.3402387645907802,-0.6767243314855225,-0.6767243314855225,-1.2519502074688795,-1.2519502074688795,-0.6767243314855225,-0.6767243314855225,-0.3402387645907802,-1.2519502074688795,-1.2519502074688795,-1.2519502074688795,-1.2519502074688795,-0.3402387645907802,-0.3402387645907802,-0.6767243314855225,-0.6767243314855225,-1.2519502074688795,-1.2519502074688795,-1.2519502074688795,-0.6767243314855225,-1.2519502074688795,-1.2519502074688795,-0.6767243314855225,-0.6767243314855225,-1.2519502074688795,-1.2519502074688795,-0.6767243314855225,-0.6767243314855225,-1.2519502074688795,-1.2519502074688795,-1.2519502074688795,-1.2519502074688795,-1.2519502074688795,-1.2519502074688795,0.5714726782873192,1.4831841211654184,-0.6767243314855225,-0.10149845550216545,-0.3402387645907802,0.36291298676789485,-0.3402387645907802,-0.3402387645907802,-0.3402387645907802,-0.3402387645907802,0.6589087908664282,-1.2519502074688795,1.6526141078838175,-0.10149845550216545,1.5978317049669264,1.6526141078838175,1.274624429645994,-1.2519502074688795,1.6526141078838175,1.0489532964645487,-0.6767243314855225,1.6526141078838175,1.419316037235021,1.513364738734609,-0.6767243314855225,1.0489532964645487,-0.6767243314855225,1.6526141078838175,1.6526141078838175,1.1915676175655106,1.0489532964645487,1.6526141078838175,1.0992641859387686,-1.2519502074688795,1.6526141078838175,0.6589087908664282,-0.6767243314855225,1.6526141078838175,1.6526141078838175,1.6526141078838175,1.6526141078838175,-1.2519502074688795,-1.2519502074688795,-1.2519502074688795,0.23498711139257678,-1.2519502074688795,1.6526141078838175,0.6589087908664282,1.6526141078838175,1.6526141078838175,1.6526141078838175,0.5714726782873192,1.234134666849785,1.6526141078838175,0.7380043757662827,-1.2519502074688795,1.6526141078838175,1.6526141078838175,-1.2519502074688795,1.6526141078838175,0.810212987375934,-0.6767243314855225,1.6526141078838175,1.513364738734609,1.6526141078838175,1.0489532964645487,1.6526141078838175,-1.2519502074688795,-1.2519502074688795,-1.2519502074688795,1.5706202337445274,-1.2519502074688795,1.6526141078838175,-1.2519502074688795,1.234134666849785,0.810212987375934,-0.6767243314855225,1.6526141078838175,1.6526141078838175,1.4831841211654184,-1.2519502074688795,1.6526141078838175,1.6526141078838175,1.6526141078838175,-0.10149845550216545,0.9381388627512518,0.08368291488307082,1.31323025174964,-1.2519502074688795,-1.2519502074688795,-1.2519502074688795,-0.3402387645907802,-0.3402387645907802,-0.3402387645907802,-0.3402387645907802,-0.3402387645907802,-0.3402387645907802,-0.3402387645907802,-0.3402387645907802,-0.3402387645907802,-0.6767243314855225,-1.2519502074688795,-1.2519502074688795,-1.2519502074688795,-1.2519502074688795,-1.2519502074688795,-1.2519502074688795,-1.2519502074688795,-1.2519502074688795,-1.2519502074688795,-1.2519502074688795,-1.2519502074688795,-1.2519502074688795,-1.2519502074688795,-0.6767243314855225,-0.6767243314855225,-0.3402387645907802,-0.10149845550216545,0.9953943577611701,1.6526141078838175,-1.2519502074688795,-0.3402387645907802,0.9953943577611701,0.7380043757662827,1.0992641859387686,-1.2519502074688795,-0.3402387645907802,0.7380043757662827,0.6589087908664282,1.4518643469057944,-1.2519502074688795,-0.3402387645907802,0.6589087908664282,0.6589087908664282,0.08368291488307082,1.350119681269004,-1.2519502074688795,-0.3402387645907802,-1.2519502074688795,-0.3402387645907802,0.6589087908664282,1.0489532964645487,-1.2519502074688795,-0.3402387645907802,1.0489532964645487,1.0489532964645487,-0.6767243314855225,-1.2519502074688795,-0.3402387645907802,-1.2519502074688795,-0.3402387645907802,1.0489532964645487,0.9381388627512518,-0.6767243314855225,-1.2519502074688795,-0.3402387645907802,-1.2519502074688795,-0.3402387645907802,0.9381388627512518,0.810212987375934,-1.2519502074688795,-0.3402387645907802,0.810212987375934,0.08368291488307082,-0.6767243314855225,-1.2519502074688795,-1.2519502074688795,-0.6767243314855225,-0.6767243314855225,-1.2519502074688795,-1.2519502074688795,-1.2519502074688795,-1.2519502074688795,-1.2519502074688795,-1.2519502074688795,-1.2519502074688795,-1.2519502074688795,-1.2519502074688795,-0.6767243314855225,-0.6767243314855225,-1.2519502074688795,-0.3402387645907802,-0.6767243314855225,-0.6767243314855225,-0.6767243314855225,-1.2519502074688795,-0.6767243314855225,-0.6767243314855225,-0.3402387645907802,-1.2519502074688795,-1.2519502074688795,-0.3402387645907802,-0.3402387645907802,-1.2519502074688795,-0.6767243314855225,-0.3402387645907802,0.23498711139257678,-1.2519502074688795,-1.2519502074688795,-0.3402387645907802,0.810212987375934,-1.2519502074688795
-0.4775130935520587,-0.4775130935520587,0.5719650796632643,0.04722599305560278,2.6709214260939103,2.1461823394862485,2.6709214260939103,0.04722599305560278,-1.0022521801597202,-0.4775130935520587,1.0967041662709258,0.5719650796632643,1.0967041662709258,1.0967041662709258,2.6709214260939103,4.245138685916894,4.245138685916894,-1.0022521801597202,0.5719650796632643,-1.0022521801597202,2.6709214260939103,-1.0022521801597202,-0.4775130935520587,-1.0022521801597202,-0.4775130935520587,-1.0022521801597202,1.6214432528785871,1.0967041662709258,2.6709214260939103,-0.4775130935520587,1.0967041662709258,0.04722599305560278,1.0967041662709258,2.1461823394862485,-0.4775130935520587,-0.4775130935520587,-0.4775130935520587,-0.4775130935520587,-1.0022521801597202,3.1956605127015716,1.0967041662709258,0.5719650796632643,1.6214432528785871,1.6214432528785871,-0.4775130935520587,1.6214432528785871,2.6709214260939103,1.0967041662709258,0.04722599305560278,2.6709214260939103,1.6214432528785871,0.5719650796632643,1.0967041662709258,0.04722599305560278,1.6214432528785871,1.0967041662709258,0.04722599305560278,0.5719650796632643,1.0967041662709258,-1.0022521801597202,-0.4775130935520587,-0.4775130935520587,1.0967041662709258,0.04722599305560278,0.04722599305560278,-1.0022521801597202,-0.4775130935520587,-0.4775130935520587,0.04722599305560278,2.1461823394862485,0.04722599305560278,2.1461823394862485,1.0967041662709258,-0.4775130935520587,1.0967041662709258,-1.0022521801597202,0.5719650796632643,0.04722599305560278,0.04722599305560278,-1.0022521801597202,0.5719650796632643,0.5719650796632643,0.04722599305560278,-1.0022521801597202,0.04722599305560278,0.04722599305560278,2.1461823394862485,2.6709214260939103,-1.0022521801597202,-0.4775130935520587,-1.0022521801597202,-0.4775130935520587,-1.0022521801597202,1.6214432528785871,0.04722599305560278,0.5719650796632643,1.6214432528785871,1.0967041662709258,0.5719650796632643,-0.4775130935520587,0.04722599305560278,1.6214432528785871,1.6214432528785871,3.1956605127015716,-1.0022521801597202,0.04722599305560278,0.04722599305560278,1.0967041662709258,2.6709214260939103,1.6214432528785871,1.0967041662709258,0.04722599305560278,0.5719650796632643,1.6214432528785871,1.0967041662709258,0.5719650796632643,0.04722599305560278,0.04722599305560278,-1.0022521801597202,-0.4775130935520587,-0.4775130935520587,0.04722599305560278,2.1461823394862485,0.04722599305560278,-0.4775130935520587,0.04722599305560278,0.04722599305560278,-0.4775130935520587,1.0967041662709258,-1.0022521801597202,-1.0022521801597202,-1.0022521801597202,-1.0022521801597202,0.04722599305560278,-0.4775130935520587,-0.4775130935520587,-0.4775130935520587,-1.0022521801597202,-0.4775130935520587,-0.4775130935520587,-1.0022521801597202,-0.4775130935520587,-0.4775130935520587,-1.0022521801597202,-0.4775130935520587,-1.0022521801597202,1.0967041662709258,-0.4775130935520587,-0.4775130935520587,-0.4775130935520587,1.0967041662709258,-1.0022521801597202,0.04722599305560278,-0.4775130935520587,-0.4775130935520587,-0.4775130935520587,-1.0022521801597202,-0.4775130935520587,-1.0022521801597202,-1.0022521801597202,-0.4775130935520587,-0.4775130935520587,-1.0022521801597202,-0.4775130935520587,-0.4775130935520587,-0.4775130935520587,-0.4775130935520587,1.6214432528785871,1.0967041662709258,2.1461823394862485,0.04722599305560278,-1.0022521801597202,-1.0022521801597202,-1.0022521801597202,-1.0022521801597202,-0.4775130935520587,-0.4775130935520587,0.04722599305560278,-0.4775130935520587,-0.4775130935520587,-0.4775130935520587,-1.0022521801597202,-0.4775130935520587,-0.4775130935520587,-1.0022521801597202,-0.4775130935520587,-0.4775130935520587,-0.4775130935520587,-0.4775130935520587,-0.4775130935520587,-0.4775130935520587,-0.4775130935520587,-0.4775130935520587,1.6214432528785871,1.0967041662709258,2.1461823394862485,-0.4775130935520587,-1.0022521801597202,-0.4775130935520587,1.6214432528785871,-0.4775130935520587,0.04722599305560278,-0.4775130935520587,-0.4775130935520587,-0.4775130935520587,-0.4775130935520587,0.04722599305560278,-0.4775130935520587,-0.4775130935520587,-0.4775130935520587,-0.4775130935520587,-1.0022521801597202,0.04722599305560278,-1.0022521801597202,0.5719650796632643,0.04722599305560278,1.6214432528785871,0.04722599305560278,-0.4775130935520587,-0.4775130935520587,0.04722599305560278,0.04722599305560278,0.04722599305560278,0.04722599305560278,0.04722599305560278,0.04722599305560278,-1.0022521801597202,0.5719650796632643,0.5719650796632643,5.294616859132217,-0.4775130935520587,-1.0022521801597202,-1.0022521801597202,-1.0022521801597202,-1.0022521801597202,-1.0022521801597202,1.0967041662709258,2.1461823394862485,1.6214432528785871,2.6709214260939103,1.0967041662709258,1.0967041662709258,0.04722599305560278,-1.0022521801597202,-1.0022521801597202,-0.4775130935520587,2.1461823394862485,-1.0022521801597202,-1.0022521801597202,-0.4775130935520587,0.04722599305560278,2.1461823394862485,-1.0022521801597202,-0.4775130935520587,-0.4775130935520587,-0.4775130935520587,2.1461823394862485,-1.0022521801597202,-0.4775130935520587,0.5719650796632643,0.5719650796632643,-0.4775130935520587,2.1461823394862485,-1.0022521801597202,2.1461823394862485,-1.0022521801597202,0.5719650796632643,-1.0022521801597202,2.1461823394862485,-1.0022521801597202,-1.0022521801597202,-0.4775130935520587,0.5719650796632643,2.1461823394862485,-1.0022521801597202,2.1461823394862485,-1.0022521801597202,-0.4775130935520587,-1.0022521801597202,-0.4775130935520587,2.1461823394862485,-1.0022521801597202,2.1461823394862485,-1.0022521801597202,-1.0022521801597202,0.04722599305560278,2.1461823394862485,-1.0022521801597202,0.04722599305560278,-1.0022521801597202,0.04722599305560278,0.04722599305560278,0.04722599305560278,-1.0022521801597202,-0.4775130935520587,-0.4775130935520587,0.04722599305560278,2.1461823394862485,0.04722599305560278,-0.4775130935520587,1.0967041662709258,0.04722599305560278,1.0967041662709258,2.1461823394862485,-0.4775130935520587,2.6709214260939103,2.6709214260939103,-1.0022521801597202,0.5719650796632643,0.5719650796632643,1.0967041662709258,-0.4775130935520587,-0.4775130935520587,0.04722599305560278,1.0967041662709258,1.6214432528785871,1.0967041662709258,0.04722599305560278,-0.4775130935520587,0.5719650796632643,0.5719650796632643,0.5719650796632643,0.04722599305560278,2.6709214260939103,2.1461823394862485,-1.0022521801597202,0.04722599305560278,0.04722599305560278
1.0,1.0,-1.0,1.0,-1.0,-1.0,-1.0,-1.0,1.0,-1.0,-1.0,-1.0,-1.0,-1.0,-1.0,-1.0,-1.0,1.0,-1.0,1.0,-1.0,1.0,-1.0,1.0,-1.0,1.0,-1.0,-1.0,-1.0,-1.0,-1.0,-1.0,-1.0,-1.0,-1.0,-1.0,-1.0,-1.0,-1.0,-1.0,-1.0,-1.0,-1.0,-1.0,-1.0,-1.0,-1.0,-1.0,-1.0,-1.0,-1.0,-1.0,-1.0,-1.0,-1.0,-1.0,-1.0,-1.0,-1.0,-1.0,-1.0,-1.0,-1.0,-1.0,-1.0,-1.0,-1.0,-1.0,-1.0,-1.0,-1.0,-1.0,-1.0,-1.0,-1.0,-1.0,-1.0,-1.0,-1.0,-1.0,-1.0,-1.0,-1.0,1.0,1.0,1.0,-1.0,-1.0,1.0,-1.0,1.0,-1.0,1.0,-1.0,-1.0,-1.0,-1.0,-1.0,-1.0,-1.0,-1.0,-1.0,-1.0,-1.0,-1.0,1.0,-1.0,-1.0,-1.0,-1.0,-1.0,-1.0,-1.0,-1.0,-1.0,-1.0,-1.0,-1.0,-1.0,-1.0,-1.0,-1.0,-1.0,-1.0,-1.0,-1.0,1.0,1.0,-1.0,-1.0,-1.0,1.0,-1.0,1.0,1.0,-1.0,1.0,-1.0,1.0,1.0,1.0,1.0,1.0,-1.0,1.0,1.0,-1.0,1.0,1.0,1.0,-1.0,1.0,-1.0,1.0,1.0,1.0,1.0,1.0,1.0,-1.0,1.0,1.0,-1.0,1.0,1.0,1.0,1.0,-1.0,-1.0,-1.0,1.0,-1.0,1.0,1.0,1.0,1.0,1.0,1.0,1.0,1.0,1.0,-1.0,1.0,1.0,-1.0,1.0,1.0,1.0,1.0,1.0,1.0,1.0,1.0,-1.0,-1.0,-1.0,1.0,-1.0,1.0,-1.0,1.0,1.0,1.0,1.0,1.0,1.0,-1.0,1.0,1.0,1.0,1.0,1.0,1.0,1.0,-1.0,-1.0,-1.0,1.0,1.0,-1.0,1.0,1.0,1.0,1.0,1.0,1.0,-1.0,-1.0,-1.0,-1.0,-1.0,-1.0,-1.0,-1.0,-1.0,-1.0,-1.0,-1.0,-1.0,-1.0,-1.0,-1.0,1.0,1.0,1.0,1.0,-1.0,-1.0,1.0,1.0,1.0,-1.0,-1.0,1.0,1.0,1.0,-1.0,-1.0,1.0,1.0,-1.0,1.0,-1.0,-1.0,-1.0,-1.0,1.0,1.0,-1.0,-1.0,1.0,1.0,-1.0,-1.0,-1.0,-1.0,-1.0,1.0,1.0,-1.0,-1.0,-1.0,-1.0,-1.0,1.0,1.0,-1.0,-1.0,1.0,1.0,-1.0,-1.0,-1.0,-1.0,-1.0,-1.0,-1.0,-1.0,-1.0,-1.0,-1.0,-1.0,-1.0,-1.0,-1.0,-1.0,-1.0,1.0,-1.0,-1.0,-1.0,-1.0,-1.0,-1.0,-1.0,-1.0,-1.0,1.0,-1.0,-1.0,-1.0,-1.0,1.0,-1.0,-1.0,1.0,1.0,-1.0
1.0,-1.0,-1.0,-1.0,-1.0,-1.0,-1.0,-1.0,-1.0,-1.0,-1.0,-1.0,-1.0,-1.0,-1.0,-1.0,-1.0,-1.0,-1.0,-1.0,-1.0,-1.0,-1.0,-1.0,-1.0,-1.0,-1.0,-1.0,-1.0,-1.0,-1.0,-1.0,-1.0,-1.0,-1.0,-1.0,-1.0,-1.0,-1.0,-1.0,-1.0,-1.0,-1.0,-1.0,-1.0,-1.0,-1.0,-1.0,-1.0,-1.0,-1.0,-1.0,-1.0,-1.0,-1.0,-1.0,-1.0,-1.0,-1.0,-1.0,-1.0,-1.0,-1.0,-1.0,-1.0,-1.0,1.0,-1.0,-1.0,-1.0,-1.0,-1.0,-1.0,-1.0,-1.0,1.0,-1.0,-1.0,-1.0,-1.0,-1.0,-1.0,-1.0,-1.0,-1.0,-1.0,-1.0,-1.0,-1.0,-1.0,-1.0,-1.0,-1.0,-1.0,-1.0,-1.0,-1.0,-1.0,-1.0,-1.0,-1.0,-1.0,-1.0,-1.0,-1.0,-1.0,-1.0,-1.0,-1.0,-1.0,-1.0,-1.0,-1.0,-1.0,-1.0,-1.0,-1.0,-1.0,-1.0,1.0,-1.0,-1.0,-1.0,-1.0,-1.0,-1.0,-1.0,-1.0,1.0,-1.0,-1.0,-1.0,-1.0,-1.0,-1.0,-1.0,-1.0,-1.0,-1.0,1.0,-1.0,-1.0,-1.0,-1.0,-1.0,-1.0,1.0,-1.0,-1.0,-1.0,1.0,-1.0,1.0,-1.0,-1.0,-1.0,-1.0,-1.0,-1.0,-1.0,-1.0,-1.0,-1.0,-1.0,-1.0,-1.0,-1.0,-1.0,-1.0,-1.0,-1.0,-1.0,-1.0,-1.0,-1.0,-1.0,-1.0,-1.0,-1.0,-1.0,-1.0,-1.0,-1.0,-1.0,-1.0,-1.0,-1.0,-1.0,-1.0,-1.0,-1.0,-1.0,-1.0,-1.0,-1.0,-1.0,-1.0,-1.0,-1.0,-1.0,-1.0,-1.0,-1.0,-1.0,-1.0,-1.0,-1.0,-1.0,-1.0,-1.0,1.0,-1.0,-1.0,-1.0,-1.0,-1.0,-1.0,-1.0,-1.0,-1.0,-1.0,-1.0,-1.0,-1.0,-1.0,-1.0,-1.0,-1.0,-1.0,-1.0,-1.0,-1.0,-1.0,-1.0,-1.0,-1.0,-1.0,-1.0,-1.0,-1.0,-1.0,-1.0,-1.0,-1.0,-1.0,-1.0,-1.0,-1.0,-1.0,-1.0,-1.0,-1.0,-1.0,-1.0,-1.0,-1.0,-1.0,-1.0,-1.0,-1.0,1.0,-1.0,-1.0,-1.0,-1.0,-1.0,-1.0,-1.0,-1.0,-1.0,-1.0,-1.0,-1.0,-1.0,-1.0,-1.0,-1.0,-1.0,-1.0,1.0,-1.0,-1.0,-1.0,-1.0,-1.0,-1.0,-1.0,-1.0,-1.0,-1.0,-1.0,-1.0,-1.0,-1.0,1.0,-1.0,-1.0,-1.0,-1.0,-1.0,-1.0,-1.0,-1.0,-1.0,-1.0,-1.0,-1.0,-1.0,-1.0,-1.0,-1.0,-1.0,-1.0,-1.0,-1.0,-1.0,-1.0,-1.0,-1.0,-1.0,-1.0,-1.0,-1.0,-1.0,-1.0,-1.0,-1.0,-1.0
-1.0,-1.0,-1.0,-1.0,-1.0,-1.0,-1.0,-1.0,-1.0,-1.0,-1.0,-1.0,-1.0,-1.0,-1.0,-1.0,-1.0,-1.0,-1.0,-1.0,-1.0,-1.0,-1.0,-1.0,-1.0,-1.0,-1.0,-1.0,-1.0,-1.0,-1.0,-1.0,-1.0,-1.0,-1.0,-1.0,-1.0,-1.0,-1.0,-1.0,-1.0,-1.0,-1.0,-1.0,-1.0,-1.0,-1.0,-1.0,-1.0,-1.0,-1.0,-1.0,-1.0,-1.0,-1.0,-1.0,-1.0,-1.0,-1.0,-1.0,-1.0,-1.0,-1.0,-1.0,-1.0,-1.0,-1.0,-1.0,-1.0,-1.0,-1.0,-1.0,-1.0,-1.0,-1.0,-1.0,-1.0,-1.0,-1.0,-1.0,-1.0,-1.0,-1.0,-1.0,-1.0,-1.0,-1.0,-1.0,-1.0,-1.0,-1.0,-1.0,-1.0,-1.0,-1.0,-1.0,-1.0,-1.0,-1.0,-1.0,-1.0,-1.0,-1.0,-1.0,-1.0,-1.0,-1.0,-1.0,-1.0,-1.0,-1.0,-1.0,-1.0,-1.0,-1.0,-1.0,-1.0,-1.0,-1.0,-1.0,-1.0,-1.0,-1.0,-1.0,-1.0,-1.0,-1.0,-1.0,-1.0,-1.0,-1.0,-1.0,-1.0,-1.0,-1.0,-1.0,-1.0,-1.0,-1.0,-1.0,-1.0,-1.0,-1.0,-1.0,-1.0,-1.0,-1.0,-1.0,-1.0,-1.0,-1.0,-1.0,-1.0,-1.0,-1.0,-1.0,-1.0,-1.0,-1.0,-1.0,-1.0,-1.0,-1.0,-1.0,-1.0,-1.0,-1.0,-1.0,-1.0,-1.0,-1.0,-1.0,-1.0,-1.0,-1.0,-1.0,-1.0,-1.0,-1.0,-1.0,-1.0,-1.0,-1.0,-1.0,-1.0,-1.0,-1.0,-1.0,-1.0,-1.0,-1.0,-1.0,-1.0,-1.0,-1.0,-1.0,-1.0,-1.0,-1.0,-1.0,-1.0,-1.0,-1.0,-1.0,-1.0,-1.0,-1.0,-1.0,-1.0,-1.0,-1.0,-1.0,-1.0,-1.0,-1.0,-1.0,-1.0,-1.0,-1.0,-1.0,-1.0,-1.0,-1.0,-1.0,-1.0,-1.0,1.0,-1.0,-1.0,-1.0,-1.0,-1.0,-1.0,-1.0,-1.0,-1.0,-1.0,-1.0,-1.0,-1.0,-1.0,-1.0,-1.0,-1.0,-1.0,-1.0,-1.0,-1.0,-1.0,-1.0,-1.0,-1.0,-1.0,-1.0,-1.0,-1.0,-1.0,-1.0,-1.0,-1.0,-1.0,-1.0,-1.0,-1.0,-1.0,-1.0,-1.0,-1.0,-1.0,-1.0,-1.0,-1.0,-1.0,-1.0,-1.0,-1.0,-1.0,-1.0,-1.0,-1.0,-1.0,-1.0,-1.0,-1.0,-1.0,-1.0,-1.0,-1.0,-1.0,-1.0,-1.0,-1.0,-1.0,-1.0,-1.0,-1.0,-1.0,-1.0,-1.0,-1.0,-1.0,-1.0,-1.0,-1.0,-1.0,-1.0,-1.0,-1.0,-1.0,-1.0,-1.0,-1.0,-1.0,-1.0,-1.0,-1.0,-1.0,-1.0,-1.0,-1.0,-1.0,-1.0,-1.0,-1.0,-1.0,-1.0,-1.0,-1.0
-0.8109875735775016,-1.1379986919555263,-2.446043165467626,-1.356006104207543,-2.446043165467626,-2.446043165467626,-2.446043165467626,-2.446043165467626,0.8240680183126226,-2.446043165467626,-2.446043165467626,-2.446043165467626,-2.446043165467626,-2.446043165467626,-2.446043165467626,-2.446043165467626,-2.446043165467626,0.8240680183126226,-2.446043165467626,1.914105079572705,-2.446043165467626,1.914105079572705,-2.446043165467626,1.914105079572705,-2.446043165467626,1.914105079572705,-2.446043165467626,-2.446043165467626,-2.446043165467626,-2.446043165467626,-2.446043165467626,-2.446043165467626,-2.446043165467626,-2.446043165467626,-2.446043165467626,-2.446043165467626,-2.446043165467626,-2.446043165467626,-2.446043165467626,-2.446043165467626,-2.446043165467626,-2.446043165467626,-2.446043165467626,-2.446043165467626,-2.446043165467626,-2.446043165467626,-2.446043165467626,-2.446043165467626,-2.446043165467626,-2.446043165467626,-2.446043165467626,-2.446043165467626,-2.446043165467626,-2.446043165467626,-2.446043165467626,-2.446043165467626,-2.446043165467626,-2.446043165467626,-2.446043165467626,-2.446043165467626,-2.446043165467626,-2.446043165467626,-2.446043165467626,-2.446043165467626,-2.446043165467626,-2.446043165467626,-2.446043165467626,-2.446043165467626,-2.446043165467626,-2.446043165467626,-2.446043165467626,-2.446043165467626,-2.446043165467626,-2.446043165467626,-2.446043165467626,-2.446043165467626,-2.446043165467626,-2.446043165467626,-2.446043165467626,-2.446043165467626,-2.446043165467626,-2.446043165467626,-2.446043165467626,0.35690927777258696,-0.2659690429474603,-0.2659690429474603,-2.446043165467626,-2.446043165467626,1.914105079572705,-2.446043165467626,1.914105079572705,-2.446043165467626,1.914105079572705,-2.446043165467626,-2.446043165467626,-2.446043165467626,-2.446043165467626,-2.446043165467626,-2.446043165467626,-2.446043165467626,-2.446043165467626,-2.446043165467626,-2.446043165467626,-2.446043165467626,-2.446043165467626,-0.2659690429474603,-2.446043165467626,-2.446043165467626,-2.446043165467626,-2.446043165467626,-2.446043165467626,-2.446043165467626,-2.446043165467626,-2.446043165467626,-2.446043165467626,-2.446043165467626,-2.446043165467626,-2.446043165467626,-2.446043165467626,-2.446043165467626,-2.446043165467626,-2.446043165467626,-2.446043165467626,-2.446043165467626,-2.446043165467626,-2.446043165467626,0.46072233122592815,0.218491873168132,-2.446043165467626,-2.446043165467626,-2.446043165467626,-1.5117256843875548,-2.446043165467626,-0.2659690429474603,-0.2659690429474603,-2.446043165467626,-0.4839764551994768,-2.446043165467626,0.06942697590179618,0.8240680183126226,1.1405303909365172,0.476183849825362,0.6683484381326106,-2.446043165467626,0.006540222367560503,1.2328319162851535,-2.446043165467626,0.24171945133805767,0.4316546762589928,-0.577408203307484,-2.446043165467626,1.2328319162851535,-2.446043165467626,0.17004578155657307,-0.4163189824316095,-0.03648755636639027,1.6415958142576847,0.41530412034009156,1.7858654253068136,-2.446043165467626,-0.10448207090892954,0.8240680183126226,-2.446043165467626,0.2234353519040056,1.1510791366906477,0.184263656268661,-0.10327694425192559,-2.446043165467626,-2.446043165467626,-2.446043165467626,-1.356006104207543,-2.446043165467626,0.3507624522391656,0.17004578155657307,1.3823796838360793,0.34641132854696827,0.9174997664206294,0.46072233122592815,0.17004578155657307,0.5076056456887275,1.7159165229799629,-2.446043165467626,0.19977406504548426,0.194046597584318,-2.446043165467626,-0.1881092528574543,-0.8109875735775016,0.8240680183126226,0.19715551157754901,0.35690927777258696,0.1474932906339506,0.41530412034009156,-0.21642190379927478,-2.446043165467626,-2.446043165467626,-2.446043165467626,0.38805319380858955,-2.446043165467626,0.21724326255958679,-2.446043165467626,-0.15696533682145206,-0.2659690429474603,0.8240680183126226,0.29462144570058246,0.6818892711917424,0.218491873168132,-2.446043165467626,0.30773467350521483,0.8240680183126226,0.46072233122592815,0.8240680183126226,-1.0445669438475194,-1.1379986919555263,-1.2569118259111718,-2.446043165467626,-2.446043165467626,-2.446043165467626,-0.2659690429474603,-0.2659690429474603,-2.446043165467626,-0.2659690429474603,-0.2659690429474603,-0.2659690429474603,-0.2659690429474603,-0.2659690429474603,-0.2659690429474603,-2.446043165467626,-2.446043165467626,-2.446043165467626,-2.446043165467626,-2.446043165467626,-2.446043165467626,-2.446043165467626,-2.446043165467626,-2.446043165467626,-2.446043165467626,-2.446043165467626,-2.446043165467626,-2.446043165467626,-2.446043165467626,-2.446043165467626,-2.446043165467626,-0.2659690429474603,2.459123610202747,-0.2659690429474603,-0.15696533682145206,-2.446043165467626,-2.446043165467626,-0.2659690429474603,-0.662346156132945,-0.9071673142769207,-2.446043165467626,-2.446043165467626,-0.662346156132945,-1.1379986919555263,0.06942697590179618,-2.446043165467626,-2.446043165467626,-1.1379986919555263,-1.7920209287115763,-2.446043165467626,0.39753177694998143,-2.446043165467626,-2.446043165467626,-2.446043165467626,-2.446043165467626,-1.7920209287115763,0.41530412034009156,-2.446043165467626,-2.446043165467626,0.41530412034009156,-0.8109875735775016,-2.446043165467626,-2.446043165467626,-2.446043165467626,-2.446043165467626,-2.446043165467626,-0.8109875735775016,-0.11024946276744832,-2.446043165467626,-2.446043165467626,-2.446043165467626,-2.446043165467626,-2.446043165467626,-0.11024946276744832,-1.356006104207543,-2.446043165467626,-2.446043165467626,-1.356006104207543,1.478090255068672,-2.446043165467626,-2.446043165467626,-2.446043165467626,-2.446043165467626,-2.446043165467626,-2.446043165467626,-2.446043165467626,-2.446043165467626,-2.446043165467626,-2.446043165467626,-2.446043165467626,-2.446043165467626,-2.446043165467626,-2.446043165467626,-2.446043165467626,-2.446043165467626,-2.446043165467626,-0.2659690429474603,-2.446043165467626,-2.446043165467626,-2.446043165467626,-2.446043165467626,-2.446043165467626,-2.446043165467626,-2.446043165467626,-2.446043165467626,-2.446043165467626,-0.2659690429474603,-2.446043165467626,-2.446043165467626,-2.446043165467626,-2.446043165467626,-1.356006104207543,-2.446043165467626,-2.446043165467626,-0.2659690429474603,-1.356006104207543,-2.446043165467626
-0.3722746267518522,-0.09034067734104072,-0.3722746267518522,0.30210161745907094,-0.8379914509840762,-0.8379914509840762,-0.8379914509840762,-0.8379914509840762,-0.8379914509840762,-0.8379914509840762,-0.471255805443032,-0.7073537229411824,-0.6425382111868007,-0.471255805443032,-0.8379914509840762,-0.7769746277781607,-0.7769746277781607,-0.8379914509840762,-0.8379914509840762,-0.7769746277781607,-0.3264385948391911,-0.7769746277781607,-0.8379914509840762,-0.7769746277781607,-0.8379914509840762,-0.7769746277781607,-0.5249534087498556,-0.5819073491100745,-0.3264385948391911,-0.8379914509840762,-0.8379914509840762,-0.8379914509840762,-0.8379914509840762,-0.8379914509840762,-0.8379914509840762,-0.8379914509840762,-0.8379914509840762,-0.8379914509840762,-0.8379914509840762,-0.8379914509840762,-0.8379914509840762,-0.8379914509840762,-0.471255805443032,-0.8379914509840762,-0.8379914509840762,-0.8379914509840762,-0.8379914509840762,-0.8379914509840762,-0.5249534087498556,-0.8379914509840762,-0.8379914509840762,-0.7073537229411824,-0.8379914509840762,-0.8379914509840762,-0.8379914509840762,-0.8379914509840762,-0.8379914509840762,-0.8379914509840762,-0.8379914509840762,-0.8379914509840762,-0.8379914509840762,-0.8379914509840762,-0.8379914509840762,-0.8379914509840762,-0.8379914509840762,-0.8379914509840762,-0.8379914509840762,-0.8379914509840762,-0.8379914509840762,-0.8379914509840762,-0.8379914509840762,-0.8379914509840762,-0.8379914509840762,-0.8379914509840762,-0.8379914509840762,-0.8379914509840762,-0.5819073491100745,-0.7769746277781607,-0.8379914509840762,-0.8379914509840762,-0.8379914509840762,-0.8379914509840762,-0.8379914509840762,0.06927136342686518,-0.471255805443032,-0.42046223010339584,-0.8379914509840762,-0.3264385948391911,-0.7769746277781607,-0.8379914509840762,-0.7769746277781607,-0.8379914509840762,-0.7769746277781607,-0.5249534087498556,-0.8379914509840762,-0.8379914509840762,-0.8379914509840762,-0.6425382111868007,-0.7073537229411824,-0.5819073491100745,-0.8379914509840762,-0.8379914509840762,-0.8379914509840762,-0.8379914509840762,-0.7769746277781607,-0.42046223010339584,-0.8379914509840762,-0.6425382111868007,-0.8379914509840762,-0.8379914509840762,-0.8379914509840762,-0.8379914509840762,-0.8379914509840762,-0.8379914509840762,-0.6425382111868007,-0.7073537229411824,-0.8379914509840762,-0.8379914509840762,-0.8379914509840762,-0.8379914509840762,-0.8379914509840762,-0.8379914509840762,-0.8379914509840762,-0.8379914509840762,-0.8379914509840762,-0.8379914509840762,0.5780761757080852,1.5514351232272507,-0.6425382111868007,-0.7073537229411824,-0.8379914509840762,0.06927136342686518,-0.8379914509840762,-0.5249534087498556,-0.5819073491100745,-0.6425382111868007,0.6753477046111246,-0.8379914509840762,1.9803654469444316,-0.3722746267518522,1.526872879717154,1.9803654469444316,1.262810323072475,-0.8379914509840762,1.9803654469444316,0.9300827983220268,-0.5819073491100745,1.9803654469444316,1.4076275336763153,1.5753715084975637,-0.5819073491100745,0.9870367386822461,-0.8379914509840762,1.9803654469444316,1.9803654469444316,1.1765615098326578,0.7634859499187053,1.9803654469444316,0.8694519362453007,-0.8379914509840762,1.9803654469444316,0.5950037021326975,-0.8379914509840762,1.9803654469444316,1.9803654469444316,1.9803654469444316,1.9803654469444316,-0.8379914509840762,-0.8379914509840762,-0.8379914509840762,0.2056629363936535,-0.8379914509840762,1.9803654469444316,0.4501864915288565,1.7671093602928716,1.9803654469444316,1.7525439166027355,0.6279703232151996,1.2952084404769273,1.9803654469444316,0.6440297279399877,-0.8379914509840762,1.9803654469444316,1.9803654469444316,-0.8379914509840762,1.9803654469444316,0.7634859499187053,-0.8379914509840762,1.9803654469444316,1.5694443449922186,1.9803654469444316,1.0196221658868025,1.9803654469444316,-0.8379914509840762,-0.8379914509840762,-0.8379914509840762,1.7074415452500555,-0.8379914509840762,1.9803654469444316,-0.8379914509840762,1.2952084404769273,0.975918830234688,-0.8379914509840762,1.9803654469444316,1.9803654469444316,1.4625016584885797,-0.8379914509840762,1.9803654469444316,1.9803654469444316,1.9803654469444316,-0.3722746267518522,0.7634859499187053,0.008640501350139093,1.0915279173287058,-0.8379914509840762,-0.8379914509840762,-0.8379914509840762,-0.5249534087498556,-0.5819073491100745,-0.6425382111868007,-0.5249534087498556,-0.471255805443032,-0.5249534087498556,-0.471255805443032,-0.471255805443032,-0.42046223010339584,-0.8379914509840762,-0.8379914509840762,-0.8379914509840762,-0.6425382111868007,-0.8379914509840762,-0.8379914509840762,-0.8379914509840762,-0.8379914509840762,-0.8379914509840762,-0.8379914509840762,-0.8379914509840762,-0.8379914509840762,-0.8379914509840762,-0.8379914509840762,-0.5249534087498556,-0.5819073491100745,-0.471255805443032,-0.471255805443032,0.8818951949704836,1.9098595683041977,-0.8379914509840762,-0.8379914509840762,0.8818951949704836,0.5950037021326975,1.2206753555631018,-0.8379914509840762,-0.8379914509840762,0.5950037021326975,0.6279703232151996,1.4887817581103617,-0.8379914509840762,-0.8379914509840762,0.6279703232151996,0.8311016196308474,0.2056629363936535,1.3187942558098,-0.8379914509840762,-0.8379914509840762,-0.8379914509840762,-0.8379914509840762,0.8311016196308474,0.8941757920556948,-0.8379914509840762,-0.8379914509840762,0.8941757920556948,0.9417531632978903,-0.7769746277781607,-0.8379914509840762,-0.8379914509840762,-0.8379914509840762,-0.8379914509840762,0.9417531632978903,0.7056552457997395,-0.8379914509840762,-0.8379914509840762,-0.8379914509840762,-0.8379914509840762,-0.8379914509840762,0.7056552457997395,0.8568416489305937,-0.8379914509840762,-0.8379914509840762,0.8568416489305937,-0.24097494863154706,-0.8379914509840762,-0.8379914509840762,-0.8379914509840762,-0.8379914509840762,-0.8379914509840762,-0.8379914509840762,-0.8379914509840762,-0.8379914509840762,-0.8379914509840762,-0.8379914509840762,-0.8379914509840762,-0.8379914509840762,-0.8379914509840762,-0.8379914509840762,-0.8379914509840762,-0.2009922210080832,-0.8379914509840762,-0.8379914509840762,-0.7073537229411824,-0.7769746277781607,-0.471255805443032,-0.8379914509840762,-0.8379914509840762,-0.8379914509840762,-0.1626419043936299,-0.8379914509840762,-0.8379914509840762,-0.5249534087498556,-0.7073537229411824,-0.8379914509840762,-0.7073537229411824,-0.3722746267518522,0.30210161745907094,-0.8379914509840762,-0.8379914509840762,-0.8379914509840762,0.998024610130591,-0.8379914509840762
-1.0,-1.0,-1.0,1.0,-1.0,-1.0,-1.0,-1.0,-1.0,-1.0,-1.0,-1.0,-1.0,-1.0,-1.0,-1.0,-1.0,-1.0,-1.0,-1.0,-1.0,-1.0,-1.0,-1.0,-1.0,-1.0,-1.0,1.0,-1.0,-1.0,-1.0,-1.0,-1.0,-1.0,-1.0,-1.0,-1.0,-1.0,-1.0,-1.0,-1.0,-1.0,-1.0,-1.0,-1.0,-1.0,-1.0,-1.0,-1.0,-1.0,-1.0,-1.0,-1.0,-1.0,-1.0,-1.0,-1.0,-1.0,-1.0,-1.0,-1.0,-1.0,-1.0,-1.0,-1.0,-1.0,-1.0,-1.0,-1.0,-1.0,-1.0,-1.0,-1.0,-1.0,-1.0,-1.0,-1.0,-1.0,-1.0,-1.0,-1.0,-1.0,-1.0,1.0,-1.0,-1.0,-1.0,-1.0,-1.0,-1.0,-1.0,-1.0,-1.0,-1.0,-1.0,-1.0,-1.0,-1.0,-1.0,-1.0,-1.0,-1.0,-1.0,-1.0,-1.0,-1.0,-1.0,-1.0,-1.0,-1.0,-1.0,-1.0,-1.0,-1.0,-1.0,-1.0,-1.0,-1.0,-1.0,-1.0,-1.0,-1.0,-1.0,-1.0,-1.0,-1.0,1.0,1.0,-1.0,-1.0,1.0,-1.0,1.0,-1.0,-1.0,-1.0,1.0,-1.0,1.0,-1.0,1.0,1.0,1.0,-1.0,1.0,1.0,-1.0,1.0,1.0,1.0,-1.0,1.0,-1.0,1.0,1.0,1.0,1.0,1.0,1.0,-1.0,1.0,1.0,1.0,1.0,1.0,1.0,1.0,-1.0,-1.0,-1.0,-1.0,-1.0,1.0,1.0,1.0,1.0,1.0,1.0,-1.0,1.0,1.0,-1.0,1.0,1.0,-1.0,1.0,1.0,-1.0,1.0,1.0,1.0,1.0,1.0,-1.0,-1.0,-1.0,1.0,-1.0,1.0,-1.0,1.0,1.0,-1.0,1.0,1.0,1.0,-1.0,1.0,1.0,1.0,-1.0,1.0,1.0,1.0,-1.0,-1.0,-1.0,-1.0,-1.0,-1.0,-1.0,-1.0,-1.0,-1.0,-1.0,-1.0,-1.0,-1.0,-1.0,-1.0,-1.0,-1.0,-1.0,-1.0,-1.0,-1.0,-1.0,-1.0,-1.0,-1.0,-1.0,1.0,-1.0,-1.0,1.0,1.0,1.0,-1.0,1.0,-1.0,-1.0,1.0,-1.0,-1.0,1.0,1.0,1.0,-1.0,1.0,-1.0,-1.0,-1.0,1.0,-1.0,1.0,-1.0,-1.0,1.0,1.0,-1.0,1.0,1.0,-1.0,1.0,-1.0,1.0,-1.0,1.0,1.0,-1.0,1.0,-1.0,1.0,-1.0,1.0,1.0,1.0,-1.0,1.0,-1.0,-1.0,-1.0,-1.0,-1.0,-1.0,-1.0,-1.0,-1.0,-1.0,-1.0,-1.0,-1.0,-1.0,-1.0,-1.0,-1.0,-1.0,-1.0,-1.0,-1.0,-1.0,-1.0,-1.0,-1.0,-1.0,-1.0,-1.0,-1.0,-1.0,-1.0,-1.0,-1.0,1.0,-1.0,-1.0,-1.0,1.0,-1.0
-0.16989594669116745,-0.16989594669116745,-0.16989594669116745,2.2788781480215374,-0.16989594669116745,-0.16989594669116745,-0.16989594669116745,-0.16989594669116745,-0.16989594669116745,-0.16989594669116745,-0.16989594669116745,-0.16989594669116745,-0.16989594669116745,-0.16989594669116745,-0.16989594669116745,-0.16989594669116745,-0.16989594669116745,-0.16989594669116745,-0.16989594669116745,-0.16989594669116745,-0.16989594669116745,-0.16989594669116745,-0.16989594669116745,-0.16989594669116745,-0.16989594669116745,-0.16989594669116745,-0.16989594669116745,2.2788781480215374,-0.16989594669116745,-0.16989594669116745,-0.16989594669116745,-0.16989594669116745,-0.16989594669116745,-0.16989594669116745,-0.16989594669116745,-0.16989594669116745,-0.16989594669116745,-0.16989594669116745,-0.16989594669116745,-0.16989594669116745,-0.16989594669116745,-0.16989594669116745,-0.16989594669116745,-0.16989594669116745,-0.16989594669116745,-0.16989594669116745,-0.16989594669116745,-0.16989594669116745,-0.16989594669116745,-0.16989594669116745,-0.16989594669116745,-0.16989594669116745,-0.16989594669116745,-0.16989594669116745,-0.16989594669116745,-0.16989594669116745,-0.16989594669116745,-0.16989594669116745,-0.16989594669116745,-0.16989594669116745,-0.16989594669116745,-0.16989594669116745,-0.16989594669116745,-0.16989594669116745,-0.16989594669116745,-0.16989594669116745,-0.16989594669116745,-0.16989594669116745,-0.16989594669116745,-0.16989594669116745,-0.16989594669116745,-0.16989594669116745,-0.16989594669116745,-0.16989594669116745,-0.16989594669116745,-0.16989594669116745,-0.16989594669116745,-0.16989594669116745,-0.16989594669116745,-0.16989594669116745,-0.16989594669116745,-0.16989594669116745,-0.16989594669116745,2.2788781480215374,-0.16989594669116745,-0.16989594669116745,-0.16989594669116745,-0.16989594669116745,-0.16989594669116745,-0.16989594669116745,-0.16989594669116745,-0.16989594669116745,-0.16989594669116745,-0.16989594669116745,-0.16989594669116745,-0.16989594669116745,-0.16989594669116745,-0.16989594669116745,-0.16989594669116745,-0.16989594669116745,-0.16989594669116745,-0.16989594669116745,-0.16989594669116745,-0.16989594669116745,-0.16989594669116745,-0.16989594669116745,-0.16989594669116745,-0.16989594669116745,-0.16989594669116745,-0.16989594669116745,-0.16989594669116745,-0.16989594669116745,-0.16989594669116745,-0.16989594669116745,-0.16989594669116745,-0.16989594669116745,-0.16989594669116745,-0.16989594669116745,-0.16989594669116745,-0.16989594669116745,-0.16989594669116745,-0.16989594669116745,-0.16989594669116745,-0.16989594669116745,-0.16989594669116745,-0.16989594669116745,2.2788781480215374,7.176426337446948,-0.16989594669116745,-0.16989594669116745,2.2788781480215374,-0.16989594669116745,2.2788781480215374,-0.16989594669116745,-0.16989594669116745,-0.16989594669116745,2.2788781480215374,-0.16989594669116745,24.31784500043588,-0.16989594669116745,7.176426337446948,14.522748621585063,7.176426337446948,-0.16989594669116745,24.31784500043588,4.7276522427342424,-0.16989594669116745,24.31784500043588,7.176426337446948,7.176426337446948,-0.16989594669116745,9.625200432159653,-0.16989594669116745,16.971522716297766,24.31784500043588,14.522748621585063,4.7276522427342424,19.420296811010473,9.625200432159653,-0.16989594669116745,24.31784500043588,2.2788781480215374,4.7276522427342424,24.31784500043588,24.31784500043588,24.31784500043588,24.31784500043588,-0.16989594669116745,-0.16989594669116745,-0.16989594669116745,-0.16989594669116745,-0.16989594669116745,24.31784500043588,4.7276522427342424,24.31784500043588,24.31784500043588,7.176426337446948,4.7276522427342424,-0.16989594669116745,24.31784500043588,4.7276522427342424,-0.16989594669116745,24.31784500043588,24.31784500043588,-0.16989594669116745,24.31784500043588,7.176426337446948,-0.16989594669116745,24.31784500043588,12.073974526872357,16.971522716297766,4.7276522427342424,24.31784500043588,-0.16989594669116745,-0.16989594669116745,-0.16989594669116745,7.176426337446948,-0.16989594669116745,24.31784500043588,-0.16989594669116745,9.625200432159653,4.7276522427342424,-0.16989594669116745,24.31784500043588,24.31784500043588,12.073974526872357,-0.16989594669116745,24.31784500043588,16.971522716297766,24.31784500043588,-0.16989594669116745,7.176426337446948,4.7276522427342424,12.073974526872357,-0.16989594669116745,-0.16989594669116745,-0.16989594669116745,-0.16989594669116745,-0.16989594669116745,-0.16989594669116745,-0.16989594669116745,-0.16989594669116745,-0.16989594669116745,-0.16989594669116745,-0.16989594669116745,-0.16989594669116745,-0.16989594669116745,-0.16989594669116745,-0.16989594669116745,-0.16989594669116745,-0.16989594669116745,-0.16989594669116745,-0.16989594669116745,-0.16989594669116745,-0.16989594669116745,-0.16989594669116745,-0.16989594669116745,-0.16989594669116745,-0.16989594669116745,-0.16989594669116745,-0.16989594669116745,2.2788781480215374,-0.16989594669116745,-0.16989594669116745,4.7276522427342424,12.073974526872357,2.2788781480215374,-0.16989594669116745,4.7276522427342424,-0.16989594669116745,-0.16989594669116745,2.2788781480215374,-0.16989594669116745,-0.16989594669116745,2.2788781480215374,4.7276522427342424,2.2788781480215374,-0.16989594669116745,2.2788781480215374,-0.16989594669116745,-0.16989594669116745,-0.16989594669116745,2.2788781480215374,-0.16989594669116745,2.2788781480215374,-0.16989594669116745,-0.16989594669116745,4.7276522427342424,2.2788781480215374,-0.16989594669116745,4.7276522427342424,4.7276522427342424,-0.16989594669116745,2.2788781480215374,-0.16989594669116745,2.2788781480215374,-0.16989594669116745,4.7276522427342424,2.2788781480215374,-0.16989594669116745,2.2788781480215374,-0.16989594669116745,2.2788781480215374,-0.16989594669116745,2.2788781480215374,2.2788781480215374,2.2788781480215374,-0.16989594669116745,2.2788781480215374,-0.16989594669116745,-0.16989594669116745,-0.16989594669116745,-0.16989594669116745,-0.16989594669116745,-0.16989594669116745,-0.16989594669116745,-0.16989594669116745,-0.16989594669116745,-0.16989594669116745,-0.16989594669116745,-0.16989594669116745,-0.16989594669116745,-0.16989594669116745,-0.16989594669116745,-0.16989594669116745,-0.16989594669116745,-0.16989594669116745,-0.16989594669116745,-0.16989594669116745,-0.16989594669116745,-0.16989594669116745,-0.16989594669116745,-0.16989594669116745,-0.16989594669116745,-0.16989594669116745,-0.16989594669116745,-0.16989594669116745,-0.16989594669116745,-0.16989594669116745,-0.16989594669116745,-0.16989594669116745,-0.16989594669116745,2.2788781480215374,-0.16989594669116745,-0.16989594669116745,-0.16989594669116745,4.7276522427342424,-0.16989594669116745
0.0,0.0,0.0,-0.6189992528449889,0.0,0.0,0.0,0.0,0.0,0.0,0.0,0.0,0.0,0.0,0.0,0.0,0.0,0.0,0.0,0.0,0.0,0.0,0.0,0.0,0.0,0.0,0.0,0.934053787354754,0.0,0.0,0.0,0.0,0.0,0.0,0.0,0.0,0.0,0.0,0.0,0.0,0.0,0.0,0.0,0.0,0.0,0.0,0.0,0.0,0.0,0.0,0.0,0.0,0.0,0.0,0.0,0.0,0.0,0.0,0.0,0.0,0.0,0.0,0.0,0.0,0.0,0.0,0.0,0.0,0.0,0.0,0.0,0.0,0.0,0.0,0.0,0.0,0.0,0.0,0.0,0.0,0.0,0.0,0.0,-0.20995619157541512,0.0,0.0,0.0,0.0,0.0,0.0,0.0,0.0,0.0,0.0,0.0,0.0,0.0,0.0,0.0,0.0,0.0,0.0,0.0,0.0,0.0,0.0,0.0,0.0,0.0,0.0,0.0,0.0,0.0,0.0,0.0,0.0,0.0,0.0,0.0,0.0,0.0,0.0,0.0,0.0,0.0,0.0,-1.0917363902447395,-1.000652307440521,0.0,0.0,1.383949894750324,0.0,1.383949894750324,0.0,0.0,0.0,-1.0917363902447395,0.0,-0.49736021698769955,0.0,-0.9575006331927713,-0.7726410419442644,-0.4935877410062204,0.0,-0.10343810381931595,-0.5782451446245359,0.0,-0.14522407048121272,-0.7480068902535597,-1.0427044554630998,0.0,0.46570647112965946,0.0,-0.6699608235333241,-0.05929938191462339,0.8019466982872586,-0.28556288495852333,-0.3578572530666546,0.6722829220617325,0.0,-0.22365301311556113,-1.0917363902447395,1.383949894750324,-0.13971335576788738,-0.08836532761562461,-0.367261594883402,-0.3749163974276554,0.0,0.0,0.0,0.0,0.0,-0.09526750533394714,0.2648508492298048,0.6075508009675293,-0.8757170898223039,-1.0917363902447395,-0.04748503280362552,0.0,-0.3905406482693353,-0.07569866894854653,0.0,-0.9183642396622737,-0.9159949038222054,0.0,-0.4426960156789808,0.3836400531664252,0.0,-0.6050056525673947,-0.1891954458477727,-0.8643567208530526,-0.7355505479325227,0.08272606809059745,0.0,0.0,0.0,-1.0917363902447395,0.0,-0.3936198609597523,0.0,-0.07569866894854653,-0.6587712381424831,0.0,-0.7817848743258048,-0.8697547878836169,-0.0013153782437147193,0.0,-0.6762936140794245,-0.7355505479325227,-0.46858033041793773,0.0,0.3836400531664252,1.0405718751108533,0.650422237923948,0.0,0.0,0.0,0.0,0.0,0.0,0.0,0.0,0.0,0.0,0.0,0.0,0.0,0.0,0.0,0.0,0.0,0.0,0.0,0.0,0.0,0.0,0.0,0.0,0.0,0.0,0.0,0.934053787354754,0.0,0.0,-0.4935877410062204,-0.7872469560567372,1.383949894750324,0.0,-0.4935877410062204,0.0,0.0,1.383949894750324,0.0,0.0,-1.0917363902447395,-1.0917363902447395,1.383949894750324,0.0,-1.0917363902447395,0.0,0.0,0.0,1.383949894750324,0.0,1.383949894750324,0.0,0.0,-0.5151626563746414,1.383949894750324,0.0,-0.5151626563746414,-0.598747986214873,0.0,1.383949894750324,0.0,1.383949894750324,0.0,-0.598747986214873,-1.0917363902447395,0.0,1.383949894750324,0.0,1.383949894750324,0.0,-1.0917363902447395,-1.0917363902447395,1.383949894750324,0.0,-1.0917363902447395,0.0,0.0,0.0,0.0,0.0,0.0,0.0,0.0,0.0,0.0,0.0,0.0,0.0,0.0,0.0,0.0,0.0,0.0,0.0,0.0,0.0,0.0,0.0,0.0,0.0,0.0,0.0,0.0,0.0,0.0,0.0,0.0,0.0,-0.6189992528449889,0.0,0.0,0.0,-0.6976073246208357,0.0
-0.5077224524862195,-0.5077224524862195,-0.5077224524862195,-0.5077224524862195,-0.5077224524862195,-0.5077224524862195,-0.5077224524862195,-0.5077224524862195,-0.5077224524862195,-0.5077224524862195,-0.5077224524862195,-0.5077224524862195,-0.5077224524862195,-0.5077224524862195,-0.5077224524862195,-0.5077224524862195,-0.5077224524862195,-0.5077224524862195,-0.5077224524862195,-0.5077224524862195,-0.5077224524862195,-0.5077224524862195,-0.5077224524862195,-0.5077224524862195,-0.5077224524862195,-0.5077224524862195,-0.5077224524862195,-0.5077224524862195,-0.5077224524862195,-0.5077224524862195,-0.5077224524862195,-0.5077224524862195,-0.5077224524862195,-0.5077224524862195,-0.5077224524862195,-0.5077224524862195,-0.5077224524862195,-0.5077224524862195,-0.5077224524862195,-0.5077224524862195,-0.5077224524862195,-0.5077224524862195,-0.5077224524862195,-0.5077224524862195,-0.5077224524862195,-0.5077224524862195,-0.5077224524862195,-0.5077224524862195,-0.5077224524862195,-0.5077224524862195,-0.5077224524862195,-0.5077224524862195,-0.5077224524862195,-0.5077224524862195,-0.5077224524862195,-0.5077224524862195,-0.5077224524862195,-0.5077224524862195,-0.5077224524862195,1.969566382794139,-0.5077224524862195,-0.5077224524862195,-0.5077224524862195,-0.5077224524862195,-0.5077224524862195,-0.5077224524862195,-0.5077224524862195,-0.5077224524862195,-0.5077224524862195,-0.5077224524862195,-0.5077224524862195,-0.5077224524862195,-0.5077224524862195,-0.5077224524862195,-0.5077224524862195,-0.5077224524862195,-0.5077224524862195,-0.5077224524862195,-0.5077224524862195,-0.5077224524862195,-0.5077224524862195,-0.5077224524862195,-0.5077224524862195,-0.5077224524862195,-0.5077224524862195,-0.5077224524862195,-0.5077224524862195,-0.5077224524862195,-0.5077224524862195,-0.5077224524862195,-0.5077224524862195,-0.5077224524862195,-0.5077224524862195,-0.5077224524862195,-0.5077224524862195,-0.5077224524862195,-0.5077224524862195,-0.5077224524862195,-0.5077224524862195,-0.5077224524862195,-0.5077224524862195,-0.5077224524862195,-0.5077224524862195,-0.5077224524862195,-0.5077224524862195,-0.5077224524862195,-0.5077224524862195,-0.5077224524862195,-0.5077224524862195,-0.5077224524862195,-0.5077224524862195,-0.5077224524862195,-0.5077224524862195,-0.5077224524862195,-0.5077224524862195,-0.5077224524862195,-0.5077224524862195,-0.5077224524862195,-0.5077224524862195,-0.5077224524862195,-0.5077224524862195,-0.5077224524862195,-0.5077224524862195,-0.5077224524862195,-0.5077224524862195,-0.5077224524862195,-0.5077224524862195,-0.5077224524862195,-0.5077224524862195,1.969566382794139,1.969566382794139,1.969566382794139,1.969566382794139,-0.5077224524862195,-0.5077224524862195,-0.5077224524862195,-0.5077224524862195,1.969566382794139,1.969566382794139,-0.5077224524862195,-0.5077224524862195,-0.5077224524862195,-0.5077224524862195,1.969566382794139,-0.5077224524862195,-0.5077224524862195,-0.5077224524862195,-0.5077224524862195,-0.5077224524862195,-0.5077224524862195,-0.5077224524862195,-0.5077224524862195,-0.5077224524862195,-0.5077224524862195,-0.5077224524862195,-0.5077224524862195,-0.5077224524862195,-0.5077224524862195,-0.5077224524862195,1.969566382794139,-0.5077224524862195,-0.5077224524862195,-0.5077224524862195,-0.5077224524862195,-0.5077224524862195,-0.5077224524862195,-0.5077224524862195,-0.5077224524862195,-0.5077224524862195,-0.5077224524862195,-0.5077224524862195,1.969566382794139,-0.5077224524862195,-0.5077224524862195,-0.5077224524862195,1.969566382794139,-0.5077224524862195,-0.5077224524862195,-0.5077224524862195,-0.5077224524862195,-0.5077224524862195,1.969566382794139,1.969566382794139,-0.5077224524862195,1.969566382794139,-0.5077224524862195,-0.5077224524862195,-0.5077224524862195,1.969566382794139,-0.5077224524862195,-0.5077224524862195,-0.5077224524862195,-0.5077224524862195,-0.5077224524862195,-0.5077224524862195,-0.5077224524862195,-0.5077224524862195,1.969566382794139,-0.5077224524862195,-0.5077224524862195,-0.5077224524862195,-0.5077224524862195,-0.5077224524862195,-0.5077224524862195,-0.5077224524862195,-0.5077224524862195,-0.5077224524862195,-0.5077224524862195,-0.5077224524862195,-0.5077224524862195,-0.5077224524862195,1.969566382794139,-0.5077224524862195,1.969566382794139,-0.5077224524862195,-0.5077224524862195,-0.5077224524862195,-0.5077224524862195,-0.5077224524862195,-0.5077224524862195,-0.5077224524862195,-0.5077224524862195,-0.5077224524862195,-0.5077224524862195,-0.5077224524862195,-0.5077224524862195,-0.5077224524862195,-0.5077224524862195,-0.5077224524862195,-0.5077224524862195,-0.5077224524862195,1.969566382794139,1.969566382794139,1.969566382794139,1.969566382794139,-0.5077224524862195,-0.5077224524862195,-0.5077224524862195,-0.5077224524862195,-0.5077224524862195,-0.5077224524862195,-0.5077224524862195,-0.5077224524862195,-0.5077224524862195,-0.5077224524862195,-0.5077224524862195,-0.5077224524862195,1.969566382794139,-0.5077224524862195,-0.5077224524862195,1.969566382794139,-0.5077224524862195,1.969566382794139,-0.5077224524862195,-0.5077224524862195,-0.5077224524862195,-0.5077224524862195,1.969566382794139,-0.5077224524862195,-0.5077224524862195,-0.5077224524862195,-0.5077224524862195,-0.5077224524862195,1.969566382794139,-0.5077224524862195,1.969566382794139,-0.5077224524862195,1.969566382794139,-0.5077224524862195,1.969566382794139,1.969566382794139,-0.5077224524862195,-0.5077224524862195,-0.5077224524862195,1.969566382794139,-0.5077224524862195,1.969566382794139,-0.5077224524862195,-0.5077224524862195,-0.5077224524862195,-0.5077224524862195,1.969566382794139,-0.5077224524862195,1.969566382794139,-0.5077224524862195,-0.5077224524862195,-0.5077224524862195,1.969566382794139,-0.5077224524862195,-0.5077224524862195,-0.5077224524862195,-0.5077224524862195,-0.5077224524862195,-0.5077224524862195,-0.5077224524862195,-0.5077224524862195,-0.5077224524862195,-0.5077224524862195,-0.5077224524862195,-0.5077224524862195,-0.5077224524862195,-0.5077224524862195,-0.5077224524862195,-0.5077224524862195,-0.5077224524862195,-0.5077224524862195,-0.5077224524862195,-0.5077224524862195,-0.5077224524862195,-0.5077224524862195,-0.5077224524862195,-0.5077224524862195,-0.5077224524862195,-0.5077224524862195,-0.5077224524862195,-0.5077224524862195,-0.5077224524862195,-0.5077224524862195,-0.5077224524862195,-0.5077224524862195,-0.5077224524862195,-0.5077224524862195,-0.5077224524862195,-0.5077224524862195,-0.5077224524862195,-0.5077224524862195,1.969566382794139,-0.5077224524862195
-0.8700053950135924,-0.8700053950135924,-0.8700053950135924,-0.8700053950135924,-0.8700053950135924,-0.8700053950135924,-0.8700053950135924,-0.8700053950135924,-0.8700053950135924,-0.8700053950135924,-0.8700053950135924,-0.8700053950135924,-0.8700053950135924,-0.8700053950135924,-0.8700053950135924,-0.8700053950135924,-0.8700053950135924,-0.8700053950135924,-0.8700053950135924,-0.8700053950135924,-0.8700053950135924,-0.8700053950135924,-0.8700053950135924,-0.8700053950135924,-0.8700053950135924,-0.8700053950135924,-0.8700053950135924,-0.8700053950135924,-0.8700053950135924,-0.8700053950135924,-0.8700053950135924,-0.8700053950135924,-0.8700053950135924,-0.8700053950135924,-0.8700053950135924,-0.8700053950135924,-0.8700053950135924,-0.8700053950135924,-0.8700053950135924,-0.8700053950135924,-0.8700053950135924,-0.8700053950135924,-0.8700053950135924,-0.8700053950135924,-0.8700053950135924,-0.8700053950135924,-0.8700053950135924,-0.8700053950135924,-0.8700053950135924,-0.8700053950135924,-0.8700053950135924,-0.8700053950135924,-0.8700053950135924,-0.8700053950135924,-0.8700053950135924,-0.8700053950135924,-0.8700053950135924,-0.8700053950135924,-0.8700053950135924,0.7678250823255489,-0.8700053950135924,-0.8700053950135924,-0.8700053950135924,-0.8700053950135924,-0.8700053950135924,-0.8700053950135924,-0.8700053950135924,-0.8700053950135924,-0.8700053950135924,-0.8700053950135924,-0.8700053950135924,-0.8700053950135924,-0.8700053950135924,-0.8700053950135924,-0.8700053950135924,-0.8700053950135924,-0.8700053950135924,-0.8700053950135924,-0.8700053950135924,-0.8700053950135924,-0.8700053950135924,-0.8700053950135924,-0.8700053950135924,-0.8700053950135924,-0.8700053950135924,-0.8700053950135924,-0.8700053950135924,-0.8700053950135924,-0.8700053950135924,-0.8700053950135924,-0.8700053950135924,-0.8700053950135924,-0.8700053950135924,-0.8700053950135924,-0.8700053950135924,-0.8700053950135924,-0.8700053950135924,-0.8700053950135924,-0.8700053950135924,-0.8700053950135924,-0.8700053950135924,-0.8700053950135924,-0.8700053950135924,-0.8700053950135924,-0.8700053950135924,-0.8700053950135924,-0.8700053950135924,-0.8700053950135924,-0.8700053950135924,-0.8700053950135924,-0.8700053950135924,-0.8700053950135924,-0.8700053950135924,-0.8700053950135924,-0.8700053950135924,-0.8700053950135924,-0.8700053950135924,-0.8700053950135924,-0.8700053950135924,-0.8700053950135924,-0.8700053950135924,-0.8700053950135924,-0.8700053950135924,-0.8700053950135924,-0.8700053950135924,-0.8700053950135924,-0.8700053950135924,-0.8700053950135924,-0.8700053950135924,0.2998735173715085,0.5858439181767553,-0.25581896601141446,0.5858439181767553,-0.8700053950135924,-0.8700053950135924,-0.8700053950135924,-0.8700053950135924,2.40565555966469,-0.8326120051200049,-0.8700053950135924,-0.8700053950135924,-0.8700053950135924,-0.8700053950135924,2.40565555966469,-0.8700053950135924,-0.8700053950135924,-0.8700053950135924,-0.8700053950135924,-0.8700053950135924,-0.8700053950135924,-0.8700053950135924,-0.8700053950135924,-0.8700053950135924,-0.8700053950135924,-0.8700053950135924,-0.8700053950135924,-0.8700053950135924,-0.8700053950135924,-0.8700053950135924,2.40565555966469,-0.8700053950135924,-0.8700053950135924,-0.8700053950135924,-0.8700053950135924,-0.8700053950135924,-0.8700053950135924,-0.8700053950135924,-0.8700053950135924,-0.8700053950135924,-0.8700053950135924,-0.8700053950135924,2.40565555966469,-0.8700053950135924,-0.8700053950135924,-0.8700053950135924,-0.8289741513224239,-0.8700053950135924,-0.8700053950135924,-0.8700053950135924,-0.8700053950135924,-0.8700053950135924,2.40565555966469,-0.8597529350615478,-0.8700053950135924,2.40565555966469,-0.8700053950135924,-0.8700053950135924,-0.8700053950135924,-0.8483122761084383,-0.8700053950135924,-0.8700053950135924,-0.8700053950135924,-0.8700053950135924,-0.8700053950135924,-0.8700053950135924,-0.8700053950135924,-0.8700053950135924,2.40565555966469,-0.8700053950135924,-0.8700053950135924,-0.8700053950135924,-0.8700053950135924,-0.8700053950135924,-0.8700053950135924,-0.8700053950135924,-0.8700053950135924,-0.8700053950135924,-0.8700053950135924,-0.8700053950135924,-0.8700053950135924,-0.8700053950135924,-0.47888169893260346,-0.8700053950135924,-0.3183151289625133,-0.8700053950135924,-0.8700053950135924,-0.8700053950135924,-0.8700053950135924,-0.8700053950135924,-0.8700053950135924,-0.8700053950135924,-0.8700053950135924,-0.8700053950135924,-0.8700053950135924,-0.8700053950135924,-0.8700053950135924,-0.8700053950135924,-0.8700053950135924,-0.8700053950135924,-0.8700053950135924,-0.8700053950135924,2.40565555966469,2.40565555966469,2.40565555966469,2.40565555966469,-0.8700053950135924,-0.8700053950135924,-0.8700053950135924,-0.8700053950135924,-0.8700053950135924,-0.8700053950135924,-0.8700053950135924,-0.8700053950135924,-0.8700053950135924,-0.8700053950135924,-0.8700053950135924,-0.8700053950135924,0.9167187620836525,-0.8700053950135924,-0.8700053950135924,-0.7497976535575087,-0.8700053950135924,0.9167187620836525,-0.8700053950135924,-0.8700053950135924,-0.8700053950135924,-0.8700053950135924,0.9167187620836525,-0.8700053950135924,-0.8700053950135924,-0.8700053950135924,-0.8700053950135924,-0.8700053950135924,0.9167187620836525,-0.8700053950135924,0.9167187620836525,-0.8700053950135924,-0.784923292294676,-0.8700053950135924,0.9167187620836525,-0.784923292294676,-0.8700053950135924,-0.8700053950135924,-0.8700053950135924,0.9167187620836525,-0.8700053950135924,0.9167187620836525,-0.8700053950135924,-0.8700053950135924,-0.8700053950135924,-0.8700053950135924,0.9167187620836525,-0.8700053950135924,0.9167187620836525,-0.8700053950135924,-0.8700053950135924,-0.8700053950135924,0.9167187620836525,-0.8700053950135924,-0.8700053950135924,-0.8700053950135924,-0.8700053950135924,-0.8700053950135924,-0.8700053950135924,-0.8700053950135924,-0.8700053950135924,-0.8700053950135924,-0.8700053950135924,-0.8700053950135924,-0.8700053950135924,-0.8700053950135924,-0.8700053950135924,-0.8700053950135924,-0.8700053950135924,-0.8700053950135924,-0.8700053950135924,-0.8700053950135924,-0.8700053950135924,-0.8700053950135924,-0.8700053950135924,-0.8700053950135924,-0.8700053950135924,-0.8700053950135924,-0.8700053950135924,-0.8700053950135924,-0.8700053950135924,-0.8700053950135924,-0.8700053950135924,-0.8700053950135924,-0.8700053950135924,-0.8700053950135924,-0.8700053950135924,-0.8700053950135924,-0.8700053950135924,-0.8700053950135924,-0.8700053950135924,-0.717649071540184,-0.8700053950135924
-0.11203533773096849,0.1848040217649151,-0.11203533773096849,0.5979941312604431,-0.797640857572655,-0.901855017471593,-0.797640857572655,-0.7033676826920172,-1.096933728981207,-0.797640857572655,-0.21624949762990653,-0.4648295453855011,-0.3965873381778338,-0.21624949762990653,-0.797640857572655,-0.538131199345661,-0.538131199345661,-1.0183565364195493,-1.096933728981207,-0.538131199345661,-0.0637760259906795,-0.538131199345661,-0.797640857572655,-0.538131199345661,-0.797640857572655,-0.538131199345661,-0.2727860098355923,-0.3327510165778624,-0.0637760259906795,-1.096933728981207,-1.096933728981207,-1.096933728981207,-1.096933728981207,-0.901855017471593,-1.096933728981207,-1.096933728981207,-1.096933728981207,-0.797640857572655,-1.096933728981207,-0.7033676826920172,-1.096933728981207,-1.096933728981207,-0.21624949762990653,-1.0183565364195493,-1.096933728981207,-1.0183565364195493,-0.797640857572655,-1.096933728981207,-0.2727860098355923,-0.797640857572655,-1.0183565364195493,-0.4648295453855011,-1.096933728981207,-1.096933728981207,-1.0183565364195493,-1.096933728981207,-0.7033676826920172,-1.096933728981207,-1.096933728981207,-1.096933728981207,-1.096933728981207,-0.901855017471593,-1.096933728981207,-1.096933728981207,-1.096933728981207,-0.797640857572655,-0.6173030170247277,-1.096933728981207,-1.096933728981207,-0.901855017471593,-1.096933728981207,-0.901855017471593,-1.096933728981207,-1.096933728981207,-1.096933728981207,-0.797640857572655,-0.3327510165778624,-0.538131199345661,-1.096933728981207,-1.096933728981207,-1.096933728981207,-1.096933728981207,-1.096933728981207,0.3528545032638245,-0.21624949762990653,-0.16277054484031625,-0.901855017471593,-0.0637760259906795,-0.538131199345661,-0.797640857572655,-0.538131199345661,-0.797640857572655,-0.538131199345661,-0.2727860098355923,-0.7033676826920172,-1.096933728981207,-1.0183565364195493,-0.3965873381778338,-0.4648295453855011,-0.3327510165778624,-1.096933728981207,-1.0183565364195493,-1.0183565364195493,-0.7033676826920172,-0.538131199345661,-0.16277054484031625,-0.6173030170247277,-0.3965873381778338,-0.797640857572655,-1.0183565364195493,-1.096933728981207,-0.7033676826920172,-1.096933728981207,-1.0183565364195493,-0.3965873381778338,-0.4648295453855011,-1.096933728981207,-1.096933728981207,-0.797640857572655,-0.6173030170247277,-1.096933728981207,-1.096933728981207,-0.901855017471593,-1.096933728981207,-1.096933728981207,-1.096933728981207,0.8885590358382506,1.8704253214638973,-0.3965873381778338,-0.4648295453855011,-0.901855017471593,0.3528545032638245,-0.901855017471593,-0.2727860098355923,-0.3327510165778624,-0.3965873381778338,0.9909731594196948,-1.096933728981207,1.8704253214638973,-0.11203533773096849,1.8704253214638973,1.7767307402951829,1.609494014237879,-1.096933728981207,0.7942858609576123,1.2591757019524048,-0.3327510165778624,1.2591757019524048,1.7619674858771057,0.5485278398908471,-0.3327510165778624,1.3191407086946754,-0.6173030170247277,1.8704253214638973,1.3421445288373728,0.8330798403377128,1.0837711368852283,1.8704253214638973,1.1953393803524335,-1.096933728981207,1.112864989710445,0.9063814942978732,-0.901855017471593,1.8704253214638973,1.2714630610014237,1.8704253214638973,1.8704253214638973,-1.0183565364195493,-1.096933728981207,-0.901855017471593,0.49645688688845147,-1.096933728981207,1.3646254893492975,0.06830250281695922,1.4497635791329209,1.8704253214638973,1.8704253214638973,0.9410910094425512,1.6436049697978885,1.7619674858771057,0.9579994499562016,-1.096933728981207,1.8704253214638973,1.8704253214638973,-1.096933728981207,1.4291561736899514,1.0837711368852283,-0.901855017471593,1.6351868791273556,1.8704253214638973,1.8704253214638973,1.3534488768330435,1.8704253214638973,-1.0183565364195493,-1.096933728981207,-0.901855017471593,1.3866068313717606,-1.096933728981207,1.3646254893492975,-1.0183565364195493,0.9579994499562016,1.3074350136926938,-0.901855017471593,1.7767307402951829,1.8704253214638973,1.127097173144767,-1.096933728981207,1.8704253214638973,1.8704253214638973,1.7469805372909508,-0.11203533773096849,0.38329135654449087,0.2890181816638531,0.32145124083595084,-1.096933728981207,-1.096933728981207,-1.0183565364195493,-0.2727860098355923,-0.3327510165778624,-0.3965873381778338,-0.2727860098355923,-0.21624949762990653,-0.2727860098355923,-0.21624949762990653,-0.21624949762990653,-0.16277054484031625,-1.0183565364195493,-1.096933728981207,-1.096933728981207,-0.3965873381778338,-1.096933728981207,-1.096933728981207,-1.096933728981207,-1.096933728981207,-1.096933728981207,-1.096933728981207,-1.096933728981207,-0.901855017471593,-1.0183565364195493,-0.797640857572655,-0.2727860098355923,-0.3327510165778624,-0.21624949762990653,-0.21624949762990653,1.2084404948430576,1.6007792469953916,-0.797640857572655,-0.7033676826920172,1.2084404948430576,0.9063814942978732,1.5651314364284308,-0.797640857572655,-0.7033676826920172,0.9063814942978732,0.9410910094425512,1.847412208131132,-0.797640857572655,-0.7033676826920172,0.9410910094425512,1.1549615420534673,0.49645688688845147,1.668437730560575,-0.797640857572655,-0.7033676826920172,-0.797640857572655,-0.7033676826920172,1.1549615420534673,1.2213703480254048,-0.797640857572655,-0.7033676826920172,1.2213703480254048,1.2714630610014237,-0.538131199345661,-0.797640857572655,-0.7033676826920172,-0.797640857572655,-0.7033676826920172,1.2714630610014237,0.32145124083595084,-0.797640857572655,-0.797640857572655,-0.7033676826920172,-0.797640857572655,-0.7033676826920172,0.32145124083595084,0.49645688688845147,-0.797640857572655,-0.7033676826920172,0.49645688688845147,0.026205950473936392,-0.6173030170247277,-1.096933728981207,-1.096933728981207,-0.797640857572655,-0.6173030170247277,-1.096933728981207,-1.096933728981207,-0.901855017471593,-1.096933728981207,-1.096933728981207,-1.096933728981207,-1.096933728981207,-1.096933728981207,-0.901855017471593,-0.797640857572655,0.06830250281695922,-0.797640857572655,-0.7033676826920172,-0.4648295453855011,-0.538131199345661,-0.21624949762990653,-1.096933728981207,-0.797640857572655,-0.7033676826920172,0.10868034111592541,-1.0183565364195493,-1.096933728981207,-0.2727860098355923,-0.4648295453855011,-1.096933728981207,-0.4648295453855011,-0.11203533773096849,0.5979941312604431,-0.797640857572655,-0.901855017471593,-0.7033676826920172,0.6451039720015455,-1.096933728981207
-1.0,-1.0,-1.0,-1.0,-1.0,-1.0,-1.0,-1.0,-1.0,-1.0,-1.0,-1.0,-1.0,-1.0,-1.0,-1.0,-1.0,-1.0,-1.0,-1.0,-1.0,-1.0,-1.0,-1.0,-1.0,-1.0,-1.0,-1.0,-1.0,-1.0,-1.0,-1.0,-1.0,-1.0,-1.0,-1.0,-1.0,-1.0,-1.0,-1.0,-1.0,-1.0,-1.0,-1.0,-1.0,-1.0,-1.0,-1.0,-1.0,-1.0,-1.0,-1.0,-1.0,-1.0,-1.0,-1.0,-1.0,-1.0,-1.0,-1.0,-1.0,-1.0,-1.0,-1.0,-1.0,-1.0,-1.0,-1.0,-1.0,-1.0,-1.0,-1.0,-1.0,-1.0,-1.0,-1.0,-1.0,-1.0,-1.0,-1.0,-1.0,-1.0,-1.0,-1.0,-1.0,-1.0,-1.0,-1.0,-1.0,-1.0,-1.0,-1.0,-1.0,-1.0,-1.0,-1.0,-1.0,-1.0,-1.0,-1.0,-1.0,-1.0,-1.0,-1.0,-1.0,-1.0,-1.0,-1.0,-1.0,-1.0,-1.0,-1.0,-1.0,-1.0,-1.0,-1.0,-1.0,-1.0,-1.0,-1.0,-1.0,-1.0,-1.0,-1.0,-1.0,-1.0,-1.0,-1.0,-1.0,-1.0,-1.0,-1.0,-1.0,-1.0,-1.0,-1.0,-1.0,-1.0,1.0,-1.0,-1.0,1.0,-1.0,-1.0,1.0,-1.0,-1.0,1.0,-1.0,1.0,-1.0,-1.0,-1.0,-1.0,1.0,1.0,-1.0,-1.0,-1.0,-1.0,1.0,-1.0,-1.0,1.0,1.0,1.0,-1.0,-1.0,-1.0,-1.0,-1.0,-1.0,1.0,1.0,1.0,-1.0,-1.0,-1.0,-1.0,1.0,-1.0,-1.0,1.0,1.0,-1.0,1.0,-1.0,-1.0,1.0,-1.0,1.0,-1.0,-1.0,-1.0,-1.0,-1.0,1.0,-1.0,1.0,-1.0,1.0,-1.0,-1.0,1.0,1.0,1.0,-1.0,1.0,1.0,1.0,-1.0,1.0,-1.0,1.0,-1.0,-1.0,-1.0,-1.0,-1.0,-1.0,-1.0,-1.0,-1.0,-1.0,-1.0,-1.0,-1.0,-1.0,-1.0,-1.0,-1.0,-1.0,-1.0,-1.0,-1.0,-1.0,-1.0,-1.0,-1.0,-1.0,-1.0,-1.0,-1.0,-1.0,-1.0,1.0,-1.0,-1.0,-1.0,-1.0,-1.0,-1.0,-1.0,-1.0,-1.0,-1.0,-1.0,-1.0,-1.0,-1.0,-1.0,-1.0,-1.0,-1.0,-1.0,-1.0,-1.0,-1.0,-1.0,-1.0,-1.0,-1.0,-1.0,-1.0,-1.0,-1.0,-1.0,-1.0,1.0,-1.0,-1.0,-1.0,-1.0,-1.0,1.0,1.0,-1.0,-1.0,1.0,-1.0,-1.0,-1.0,-1.0,-1.0,-1.0,-1.0,-1.0,-1.0,-1.0,-1.0,-1.0,-1.0,-1.0,-1.0,-1.0,-1.0,-1.0,-1.0,-1.0,-1.0,-1.0,-1.0,-1.0,-1.0,-1.0,-1.0,-1.0,-1.0,-1.0,-1.0,-1.0,-1.0,-1.0,-1.0,-1.0,-1.0,1.0,-1.0
-1.7346635082816426,-1.713375580689451,-1.6552202924627375,-1.6536526187700673,-1.6444087497546667,-1.6309916252539507,-1.617163662130328,-1.6045682148754254,-1.5577974811203106,-1.509242842818364,-1.5014152858977206,-1.4972420304124052,-1.4930579633843817,-1.4888955194417746,-1.4847222639564592,-1.4806463123555165,-1.4765379261264493,-1.4611963470236966,-1.446903487563627,-1.4280914032515835,-1.427540014573472,-1.4227072549829642,-1.4222747932746413,-1.4175609606539226,-1.4171284989455997,-1.4124146663248807,-1.4119065238176014,-1.4062412754385722,-1.4056574521323364,-1.401170661908487,-1.397202825734625,-1.3934836550430485,-1.3890076763619073,-1.3849209132182565,-1.3729957816112541,-1.3727363045862604,-1.3586812990657682,-1.3524322273805034,-1.3483778988649766,-1.3440749048671645,-1.3400097648089297,-1.3360419286350678,-1.3314362114414295,-1.327241332870698,-1.3231761928124632,-1.3190678065833965,-1.314764812585584,-1.3072075442326425,-1.3003746492411417,-1.2959094821027084,-1.2916281111903123,-1.287022393996674,-1.2828167038832345,-1.27544323175633,-1.269161725442941,-1.2649992815003337,-1.2606314182462732,-1.2564905973890819,-1.2523497765318907,-1.2482954480163642,-1.2443600464706264,-1.2401543563571868,-1.2326078995469532,-1.2264236971179365,-1.222531541743031,-1.2181312438608463,-1.2136336420942886,-1.2096117482068862,-1.2057304043746888,-1.2012111795227152,-1.1972757779769776,-1.1896212057396631,-1.1832640186273173,-1.1794042978805361,-1.1753067231941774,-1.170668571372415,-1.1655871462996217,-1.160646271282033,-1.1563432772842208,-1.1522781372259863,-1.1480724471125465,-1.1440505532251442,-1.1400827170512822,-1.1212814442819468,-1.116697350173725,-1.1039505413209092,-1.0946526145919684,-1.0879927042837965,-1.0831815677787051,-1.0827491060703822,-1.0785542274996505,-1.0781217657913278,-1.0739268872205963,-1.0734187447133168,-1.066261503440574,-1.0611692668250725,-1.0563040726064405,-1.0518821516388397,-1.0469196535358352,-1.041405766754719,-1.0372000766412792,-1.0334052251507464,-1.029534692861257,-1.025415495089482,-1.0211665588052101,-1.0168311301792736,-1.0127551785783309,-1.0075980727065812,-1.0035869903618868,-0.9914564394434312,-0.9741471595678095,-0.9669682952096507,-0.9613787276295779,-0.9560162024463748,-0.9510969505142024,-0.9456371214466266,-0.9370419449937101,-0.9338633514375374,-0.9301766153740851,-0.9263925754262603,-0.9230842433575908,-0.9199164613441259,-0.9161107983108849,-0.9128889585838798,-0.9076886065412978,-0.8698157724349252,-0.8649722013017095,-0.8551769436081973,-0.8439761853626356,-0.8391650488575443,-0.8380947061294453,-0.8343431008097446,-0.8330781503129003,-0.8175743980695265,-0.7967621783564901,-0.7711496336810699,-0.6305347092198995,-0.6262425267647954,-0.6165445729556557,-0.6067601268048516,-0.6048032375746908,-0.6000785934112637,-0.5957539763280354,-0.5943052296051539,-0.5876020731261499,-0.5699143892557459,-0.567946688482877,-0.5624976709580092,-0.5565621340112783,-0.5532213673144843,-0.5477291036187844,-0.5465398339208964,-0.5432098787668106,-0.5397826197283522,-0.5288197154223684,-0.519943438859042,-0.507758830227046,-0.5033369092594451,-0.49932582691475075,-0.49829873035748407,-0.49284971283261636,-0.4868384950869289,-0.48596276012757517,-0.47972449998501826,-0.47004816926129467,-0.46063131556256504,-0.45054414621593475,-0.32412477733046147,-0.3026206188841084,-0.2731483534619071,-0.2659911121891641,-0.26494239254648116,-0.2560120582696146,-0.24660601611359298,-0.2438058265522026,-0.2363458620836337,-0.22891833224318897,-0.22604246188284208,-0.21380379553730575,-0.200278555609509,-0.1878885276660597,-0.18703441579212207,-0.17300103335704609,-0.15264289843774853,-0.1460586689285334,-0.1406637091172059,-0.12874938905291172,-0.116575591963624,-0.0994284852286235,-0.08611947615498815,-0.08063802400199616,-0.07591337983856926,-0.07189148595116689,0.02541239842147152,0.04691655686782458,0.07641044537544202,0.08514617188356324,0.0877733767616248,0.09960120448425429,0.1142832794818144,0.11573202620469597,0.12392717557741366,0.13628476889273883,0.14835045055494595,0.16007016285049502,0.16745444652010724,0.16913023563985824,0.18261222939682262,0.19943498985058114,0.20860317806702514,0.21487387283770634,0.21594421556580556,0.22127430612088442,0.2228095451854303,0.22657196204783933,0.2311452446133531,0.2361293658017739,0.24984921349831596,0.2707911717238494,0.296533454911766,0.31822140958415635,0.3405039991054906,0.3715871843911943,0.4077085485788596,0.4316236810491123,0.4563280561370544,0.4684586070555098,0.47452388251473765,0.4776592299000784,0.481281096707282,0.48748692222171497,0.4882977879248201,0.4937900516205201,0.4969253990058605,0.5001148041047417,0.5033150207463307,0.5087316036430743,0.5155104409210347,0.5190890615574061,0.52276498607815,0.5268733723072172,0.5283653652009309,0.5432204248818204,0.6740617147348948,0.7588458326515868,0.7652787005628892,0.7789228674604747,0.7793228945406732,0.7867179897529939,0.8642151278844462,0.8691560029020344,0.8815244077600678,0.8819244348402663,0.8888221990880157,0.9653030522049091,0.9706547658454044,0.9834123862409281,0.9838124133211269,0.99040745437305,1.0260422991388518,1.0283884039065032,1.0328643825876445,1.0453625259581747,1.0457625530383732,1.099549978011026,1.0999500050912248,1.1066099153993962,1.1396391783725528,1.1539536609180387,1.1543536879982377,1.161629856240769,1.1961078659368074,1.1983026091065458,1.2115359373812247,1.2119359644614232,1.2239043422392577,1.2243043693194564,1.2306831795172182,1.2652044353840886,1.2671613246142497,1.2803622182608043,1.2807622453410026,1.2927306231188374,1.2931306501990356,1.2990013178895186,1.3268194172773848,1.3411014651947466,1.341501492274945,1.3484208796081105,1.3648436129816703,1.3811582309281492,1.411268377370127,1.4144469709262995,1.4181337069897517,1.4219177469375768,1.4252260790062463,1.4283938610197113,1.4321995240529521,1.4354213637799573,1.4432597322433087,1.4472708145880029,1.451033231450412,1.4555524563023852,1.4596824656168683,1.474115875132143,1.4776836842258065,1.480797408525731,1.4842246675641895,1.487219464894325,1.4902142622244607,1.4934252904087577,1.4973823150399117,1.501685309037724,1.505501783613673,1.5088749849385912,1.5124319824895465,1.515578141417595,1.5199460046716557,1.52395708701635,1.5280438501600009,1.5320224978765713,1.5347361950962968,1.5363579265025074,1.5452558261512497,1.5583269812853073,1.5672789386475903,1.5755497688192643,1.6026326833029823
-1.1401173408097443,-1.139985870475959,-1.1383130848560268,-1.1382413711392674,-1.1377900911533754,-1.1370486253729624,-1.1361773349141522,-1.1352890743466382,-1.1312012141164591,-1.12564140622351,-1.1246196163834792,-1.124060609898137,-1.1234902127787871,-1.1229128851952255,-1.1223241669776565,-1.1217396151281334,-1.1211408511507417,-1.1188200974709974,-1.1165375536726154,-1.11335622312786,-1.1132599414695046,-1.1124086626322163,-1.1123318381276692,-1.1114875534670308,-1.111409463354947,-1.110551383572159,-1.110458129667128,-1.1094085036401569,-1.1092992987263146,-1.108453569950312,-1.1076961220194315,-1.1069780147078236,-1.1061033512121625,-1.1052947955031127,-1.1028811468948867,-1.1028277297485536,-1.0998770960599458,-1.098529122332791,-1.0976426943703081,-1.0966916737940595,-1.095783549868554,-1.0948881002647002,-1.093837467999972,-1.092870057274356,-1.091923019107705,-1.0909563581747892,-1.0899336168690925,-1.088111910254692,-1.0864368590045035,-1.0853279008774461,-1.0842539424820468,-1.0830869854634309,-1.0820108470524028,-1.0800998708702274,-1.078447510188396,-1.07734021177534,-1.0761676734540757,-1.075046066031692,-1.0739147080471265,-1.0727975343723224,-1.071704190910897,-1.0705260199381494,-1.0683867587330123,-1.0666095242978544,-1.0654798339705727,-1.064192281204694,-1.062864877987095,-1.061668130667549,-1.0605044832059944,-1.059138801209858,-1.0579400866150674,-1.0555832959239586,-1.0536006342419566,-1.052385662871828,-1.0510865484753353,-1.04960452647022,-1.0479668230059662,-1.0463603378720285,-1.0449499448331683,-1.0436078408927325,-1.0422094440385443,-1.0408627509413688,-1.0395251446603637,-1.0330652853440982,-1.0314597728468349,-1.0269325748742324,-1.023572013297454,-1.0211346951362175,-1.0193582781944572,-1.0191979554985626,-1.0176373061296349,-1.0174758454504929,-1.0159041576440666,-1.0157130932812823,-1.0130063320614007,-1.0110627887197003,-1.009192125727001,-1.007480224259429,-1.0055458024649886,-1.0033800202678018,-1.0017164576963222,-1.0002067699358697,-0.9986585385432435,-0.9970014820187427,-0.9952821250991265,-0.9935171865663082,-0.9918481320956539,-0.9897228188626942,-0.9880593413076033,-0.9829728804378374,-0.9755700360231746,-0.9724497896539388,-0.9700000278918361,-0.9676330737872633,-0.965447393999528,-0.9630054170531955,-0.9591267678309222,-0.9576817585647465,-0.955998547768615,-0.9542628740503621,-0.9527387277541036,-0.9512734997095841,-0.9495056799587259,-0.9480026221139307,-0.9455640922198902,-0.9273410696442387,-0.9249516919520161,-0.9200788314683537,-0.914439907782801,-0.9119958795419005,-0.9114503619801197,-0.909533151783468,-0.9088849106276174,-0.9008658808885842,-0.889886241130064,-0.8760360670134549,-0.793351490348566,-0.7906507497048307,-0.7845099954482408,-0.7782602733798087,-0.7770037959983951,-0.7739612256602477,-0.7711651370095995,-0.7702260691127644,-0.7658655911697407,-0.7542368897375424,-0.7529322354165893,-0.7493078555558373,-0.7453406570121371,-0.7430989414536512,-0.7393997381308568,-0.7385964701885898,-0.7363430410800557,-0.7340171802351922,-0.7265325046217559,-0.7204223565974254,-0.7119618923552473,-0.708870622715332,-0.7060569438149341,-0.7053349886642362,-0.701494792939482,-0.6972387988751281,-0.6966170561111927,-0.6921754800114077,-0.6852422477815107,-0.6784438122596194,-0.6711055070492861,-0.5742300518606654,-0.5568469114394353,-0.5325954788791427,-0.52663155701588,-0.5257552424142099,-0.5182676783706318,-0.5103322214033903,-0.5079601083195664,-0.5016188163220138,-0.49527365441700416,-0.49280844170730337,-0.4822647897530221,-0.47051367093624274,-0.4596575604224541,-0.45890597343765194,-0.446497710540829,-0.4282980510537158,-0.42236147671595414,-0.4174788143877453,-0.40663722326394863,-0.39547613882345856,-0.37961251037471333,-0.3671844424814225,-0.3620365290207077,-0.3575856622714796,-0.3537868216024056,-0.2590760387781862,-0.23741852360314572,-0.20728662615892793,-0.19826697253649497,-0.19554589057515667,-0.1832468099920414,-0.1678690930780657,-0.166345059516596,-0.15770156213534195,-0.14459568237216644,-0.1317156021821521,-0.1191255832865051,-0.11115283161041,-0.10933917862043922,-0.09468994238013849,-0.07626574739856805,-0.06615704434028091,-0.05921554594498242,-0.05802846985449893,-0.052107370759480215,-0.05039890521031043,-0.046206294153989,-0.04109926393790976,-0.03551990187675127,-0.02008856358434352,0.003672204865525569,0.03322112655372322,0.05840866918500193,0.08456538026736403,0.12152443142390089,0.1651642859638918,0.19446547903540035,0.225075180581696,0.24023246256298642,0.24784248327549746,0.25178456426227064,0.25634530615227324,0.26417717221204534,0.2652021173964541,0.2721542559351143,0.27613068779703376,0.2801814144440249,0.2842516864518195,0.29115416767565383,0.2998161082623251,0.30439937816589346,0.30911485104643366,0.3143941786729525,0.3163137839853375,0.33549542234452573,0.5098648744085378,0.6280529552854479,0.637187141504332,0.6566387157380416,0.6572106049315702,0.6677992173277079,0.7806335192206258,0.7879431488484316,0.8063020874037546,0.8068973165539193,0.8171753104403304,0.9329485387533153,0.9411742407739603,0.9608486749347959,0.9614670817194542,0.9716755538695113,1.0272626534542086,1.0309476984906318,1.0379868353167765,1.0577023294021233,1.0583348287001133,1.1442090594396186,1.144853885382779,1.1556027348601827,1.2092834793587528,1.2327407564839845,1.2333979582608425,1.2453678066307396,1.302496071975105,1.3061555321968183,1.328278505618653,1.328948806300573,1.3490455677472408,1.3497186820129752,1.360464420515383,1.419020355704433,1.4223599835409637,1.444945527111805,1.4456314845022549,1.4661966777419535,1.4668854487162166,1.4770040953351888,1.5252176643421393,1.5501418816714978,1.5508416561195217,1.5629602630620383,1.5918320157212387,1.6206655589311374,1.6742780038288672,1.6799677156003905,1.686574203792181,1.6933630947787062,1.6993051967437955,1.7050006895300402,1.711850602076417,1.717656113481055,1.7318049102883086,1.73905870522009,1.7458711198890513,1.7540644894592148,1.7615623667418556,1.7878418635577566,1.7943561801915504,1.800047317366856,1.8063178945071268,1.811802700131086,1.8172926060071823,1.8231845608992354,1.8304534186545403,1.8383679109392908,1.845396359397375,1.8516153681820275,1.858180242214241,1.8639928596661957,1.87207194221696,1.8795006557427312,1.887078943373626,1.894465871277918,1.8995094016299745,1.9025254627082002,1.9191001987748115,1.9435303971034745,1.9603178049897774,1.9758684123683115,2.027061272233935
-1.0,-1.0,-1.0,-1.0,-1.0,-1.0,-1.0,-1.0,-1.0,-1.0,-1.0,-1.0,-1.0,-1.0,-1.0,-1.0,-1.0,-1.0,-1.0,-1.0,-1.0,-1.0,-1.0,-1.0,-1.0,-1.0,-1.0,1.0,-1.0,-1.0,-1.0,-1.0,-1.0,-1.0,-1.0,-1.0,-1.0,-1.0,-1.0,-1.0,-1.0,-1.0,-1.0,-1.0,-1.0,-1.0,-1.0,-1.0,-1.0,-1.0,-1.0,-1.0,-1.0,-1.0,-1.0,-1.0,-1.0,-1.0,-1.0,-1.0,-1.0,-1.0,-1.0,-1.0,-1.0,-1.0,-1.0,-1.0,-1.0,-1.0,-1.0,-1.0,-1.0,-1.0,-1.0,-1.0,-1.0,-1.0,-1.0,-1.0,-1.0,-1.0,-1.0,1.0,-1.0,-1.0,-1.0,-1.0,-1.0,-1.0,-1.0,-1.0,-1.0,-1.0,-1.0,-1.0,-1.0,-1.0,-1.0,-1.0,-1.0,-1.0,-1.0,-1.0,-1.0,-1.0,-1.0,-1.0,-1.0,-1.0,-1.0,-1.0,-1.0,-1.0,-1.0,-1.0,-1.0,-1.0,-1.0,-1.0,-1.0,-1.0,-1.0,-1.0,-1.0,-1.0,-1.0,1.0,-1.0,-1.0,-1.0,-1.0,-1.0,-1.0,-1.0,-1.0,1.0,-1.0,1.0,-1.0,1.0,1.0,1.0,-1.0,1.0,-1.0,-1.0,-1.0,1.0,-1.0,-1.0,-1.0,-1.0,-1.0,1.0,1.0,-1.0,1.0,1.0,-1.0,1.0,1.0,1.0,1.0,1.0,1.0,1.0,-1.0,-1.0,-1.0,-1.0,-1.0,1.0,1.0,1.0,1.0,1.0,1.0,-1.0,-1.0,1.0,-1.0,1.0,1.0,-1.0,1.0,-1.0,-1.0,1.0,1.0,1.0,1.0,1.0,-1.0,-1.0,-1.0,-1.0,-1.0,-1.0,-1.0,-1.0,-1.0,-1.0,1.0,1.0,-1.0,-1.0,-1.0,1.0,1.0,-1.0,-1.0,-1.0,1.0,-1.0,-1.0,-1.0,-1.0,-1.0,-1.0,-1.0,-1.0,-1.0,-1.0,-1.0,-1.0,-1.0,-1.0,-1.0,-1.0,-1.0,-1.0,-1.0,-1.0,-1.0,-1.0,-1.0,-1.0,-1.0,-1.0,-1.0,1.0,-1.0,-1.0,-1.0,-1.0,1.0,-1.0,-1.0,-1.0,-1.0,1.0,-1.0,-1.0,-1.0,-1.0,1.0,-1.0,-1.0,-1.0,-1.0,-1.0,1.0,-1.0,1.0,-1.0,-1.0,-1.0,1.0,-1.0,-1.0,1.0,-1.0,1.0,-1.0,1.0,-1.0,1.0,-1.0,-1.0,1.0,-1.0,1.0,-1.0,-1.0,-1.0,1.0,-1.0,-1.0,-1.0,-1.0,-1.0,-1.0,-1.0,-1.0,-1.0,-1.0,-1.0,-1.0,-1.0,-1.0,-1.0,-1.0,-1.0,-1.0,-1.0,-1.0,-1.0,-1.0,-1.0,-1.0,-1.0,-1.0,-1.0,-1.0,-1.0,-1.0,-1.0,-1.0,-1.0,-1.0,-1.0,-1.0,-1.0,-1.0,-1.0,1.0,-1.0
-1.0,-1.0,-1.0,-1.0,-1.0,-1.0,-1.0,-1.0,-1.0,-1.0,-1.0,-1.0,-1.0,-1.0,-1.0,-1.0,-1.0,-1.0,-1.0,-1.0,-1.0,-1.0,-1.0,-1.0,-1.0,-1.0,-1.0,-1.0,-1.0,-1.0,-1.0,-1.0,-1.0,-1.0,-1.0,-1.0,-1.0,-1.0,-1.0,-1.0,-1.0,-1.0,-1.0,-1.0,-1.0,-1.0,-1.0,-1.0,-1.0,-1.0,-1.0,-1.0,-1.0,-1.0,-1.0,-1.0,-1.0,-1.0,-1.0,-1.0,-1.0,-1.0,-1.0,-1.0,-1.0,-1.0,-1.0,-1.0,-1.0,-1.0,-1.0,-1.0,-1.0,-1.0,-1.0,-1.0,-1.0,-1.0,-1.0,-1.0,-1.0,-1.0,-1.0,1.0,-1.0,-1.0,-1.0,-1.0,-1.0,-1.0,-1.0,-1.0,-1.0,-1.0,-1.0,-1.0,-1.0,-1.0,-1.0,-1.0,-1.0,-1.0,-1.0,-1.0,-1.0,-1.0,-1.0,-1.0,-1.0,-1.0,-1.0,-1.0,-1.0,-1.0,-1.0,-1.0,-1.0,-1.0,-1.0,-1.0,-1.0,-1.0,-1.0,-1.0,-1.0,-1.0,-1.0,1.0,-1.0,-1.0,-1.0,-1.0,-1.0,-1.0,-1.0,-1.0,-1.0,-1.0,-1.0,-1.0,-1.0,-1.0,-1.0,-1.0,-1.0,-1.0,-1.0,-1.0,-1.0,-1.0,-1.0,-1.0,-1.0,-1.0,-1.0,1.0,-1.0,-1.0,-1.0,-1.0,-1.0,1.0,-1.0,-1.0,-1.0,-1.0,-1.0,-1.0,-1.0,-1.0,-1.0,-1.0,-1.0,1.0,-1.0,-1.0,-1.0,-1.0,-1.0,-1.0,-1.0,-1.0,-1.0,-1.0,-1.0,-1.0,-1.0,-1.0,-1.0,-1.0,-1.0,-1.0,-1.0,-1.0,-1.0,-1.0,-1.0,-1.0,-1.0,-1.0,-1.0,-1.0,-1.0,-1.0,-1.0,-1.0,-1.0,-1.0,-1.0,-1.0,-1.0,-1.0,-1.0,-1.0,-1.0,-1.0,-1.0,-1.0,-1.0,-1.0,-1.0,-1.0,-1.0,-1.0,-1.0,-1.0,-1.0,-1.0,-1.0,-1.0,-1.0,-1.0,-1.0,-1.0,-1.0,-1.0,-1.0,-1.0,-1.0,-1.0,-1.0,1.0,-1.0,-1.0,-1.0,-1.0,-1.0,-1.0,-1.0,-1.0,-1.0,-1.0,-1.0,-1.0,-1.0,-1.0,-1.0,-1.0,-1.0,-1.0,-1.0,-1.0,-1.0,-1.0,-1.0,-1.0,-1.0,-1.0,-1.0,-1.0,-1.0,1.0,-1.0,-1.0,-1.0,-1.0,-1.0,1.0,-1.0,-1.0,-1.0,-1.0,-1.0,-1.0,-1.0,-1.0,-1.0,-1.0,-1.0,-1.0,-1.0,-1.0,-1.0,-1.0,-1.0,-1.0,-1.0,-1.0,-1.0,-1.0,-1.0,-1.0,-1.0,-1.0,-1.0,-1.0,-1.0,-1.0,-1.0,-1.0,-1.0,-1.0,-1.0,-1.0,-1.0,-1.0,-1.0,-1.0,-1.0,-1.0,-1.0,-1.0,-1.0,-1.0,-1.0,-1.0,-1.0,-1.0
-1.0,-1.0,-1.0,-1.0,-1.0,-1.0,-1.0,-1.0,-1.0,-1.0,-1.0,-1.0,-1.0,-1.0,-1.0,-1.0,-1.0,-1.0,-1.0,-1.0,-1.0,-1.0,-1.0,-1.0,-1.0,-1.0,-1.0,-1.0,-1.0,-1.0,-1.0,-1.0,-1.0,-1.0,-1.0,-1.0,-1.0,-1.0,-1.0,-1.0,-1.0,-1.0,-1.0,-1.0,-1.0,-1.0,-1.0,-1.0,-1.0,-1.0,-1.0,-1.0,-1.0,-1.0,-1.0,-1.0,-1.0,-1.0,-1.0,-1.0,-1.0,-1.0,-1.0,-1.0,-1.0,-1.0,-1.0,-1.0,-1.0,-1.0,-1.0,-1.0,-1.0,-1.0,-1.0,-1.0,-1.0,-1.0,-1.0,-1.0,-1.0,-1.0,-1.0,-1.0,-1.0,-1.0,-1.0,-1.0,-1.0,-1.0,-1.0,-1.0,-1.0,-1.0,-1.0,-1.0,-1.0,-1.0,-1.0,-1.0,-1.0,-1.0,-1.0,-1.0,-1.0,-1.0,-1.0,-1.0,-1.0,-1.0,-1.0,-1.0,-1.0,-1.0,-1.0,-1.0,-1.0,-1.0,-1.0,-1.0,-1.0,-1.0,-1.0,-1.0,-1.0,-1.0,-1.0,-1.0,-1.0,-1.0,-1.0,-1.0,-1.0,-1.0,-1.0,-1.0,-1.0,-1.0,-1.0,-1.0,-1.0,-1.0,-1.0,-1.0,-1.0,-1.0,-1.0,-1.0,-1.0,-1.0,-1.0,-1.0,-1.0,-1.0,-1.0,-1.0,-1.0,-1.0,-1.0,-1.0,-1.0,-1.0,-1.0,-1.0,-1.0,-1.0,-1.0,-1.0,-1.0,-1.0,-1.0,-1.0,-1.0,-1.0,-1.0,-1.0,-1.0,-1.0,-1.0,-1.0,-1.0,-1.0,-1.0,-1.0,-1.0,-1.0,-1.0,-1.0,-1.0,-1.0,-1.0,-1.0,-1.0,-1.0,-1.0,-1.0,-1.0,-1.0,-1.0,-1.0,-1.0,-1.0,-1.0,-1.0,-1.0,-1.0,-1.0,-1.0,-1.0,-1.0,-1.0,-1.0,-1.0,-1.0,-1.0,-1.0,-1.0,-1.0,-1.0,-1.0,-1.0,-1.0,-1.0,-1.0,-1.0,-1.0,-1.0,-1.0,-1.0,-1.0,-1.0,-1.0,-1.0,-1.0,-1.0,-1.0,-1.0,-1.0,-1.0,-1.0,-1.0,-1.0,-1.0,-1.0,-1.0,-1.0,-1.0,-1.0,-1.0,-1.0,-1.0,-1.0,-1.0,-1.0,-1.0,-1.0,-1.0,-1.0,-1.0,-1.0,-1.0,-1.0,-1.0,-1.0,-1.0,-1.0,-1.0,-1.0,-1.0,-1.0,-1.0,-1.0,-1.0,-1.0,-1.0,-1.0,-1.0,-1.0,-1.0,-1.0,-1.0,-1.0,-1.0,-1.0,-1.0,-1.0,-1.0,-1.0,-1.0,-1.0,-1.0,-1.0,-1.0,-1.0,-1.0,-1.0,-1.0,-1.0,-1.0,-1.0,-1.0,-1.0,-1.0,-1.0,-1.0,-1.0,-1.0,-1.0,-1.0,-1.0,-1.0,-1.0,-1.0,-1.0,-1.0,-1.0,-1.0,-1.0,-1.0,-1.0,-1.0,-1.0,-1.0,-1.0,-1.0,-1.0,1.0,-1.0
-1.0,-1.0,-1.0,-1.0,-1.0,-1.0,-1.0,-1.0,-1.0,-1.0,-1.0,-1.0,-1.0,-1.0,-1.0,-1.0,-1.0,-1.0,-1.0,-1.0,-1.0,-1.0,-1.0,-1.0,-1.0,-1.0,-1.0,-1.0,-1.0,-1.0,-1.0,-1.0,-1.0,-1.0,-1.0,-1.0,-1.0,-1.0,-1.0,-1.0,-1.0,-1.0,-1.0,-1.0,-1.0,-1.0,-1.0,-1.0,-1.0,-1.0,-1.0,-1.0,-1.0,-1.0,-1.0,-1.0,-1.0,-1.0,-1.0,-1.0,-1.0,-1.0,-1.0,-1.0,-1.0,-1.0,-1.0,-1.0,-1.0,-1.0,-1.0,-1.0,-1.0,-1.0,-1.0,-1.0,-1.0,-1.0,-1.0,-1.0,-1.0,-1.0,-1.0,-1.0,-1.0,-1.0,-1.0,-1.0,-1.0,-1.0,-1.0,-1.0,-1.0,-1.0,-1.0,-1.0,-1.0,-1.0,-1.0,-1.0,-1.0,-1.0,-1.0,-1.0,-1.0,-1.0,-1.0,-1.0,-1.0,-1.0,-1.0,-1.0,-1.0,-1.0,-1.0,-1.0,-1.0,-1.0,-1.0,-1.0,-1.0,-1.0,-1.0,-1.0,-1.0,-1.0,-1.0,-1.0,-1.0,-1.0,-1.0,-1.0,-1.0,-1.0,-1.0,-1.0,-1.0,-1.0,-1.0,-1.0,-1.0,-1.0,-1.0,-1.0,-1.0,-1.0,-1.0,-1.0,-1.0,-1.0,-1.0,-1.0,-1.0,-1.0,-1.0,-1.0,-1.0,-1.0,-1.0,-1.0,-1.0,-1.0,-1.0,-1.0,-1.0,-1.0,-1.0,-1.0,-1.0,-1.0,-1.0,-1.0,-1.0,-1.0,-1.0,-1.0,-1.0,-1.0,-1.0,-1.0,-1.0,-1.0,-1.0,-1.0,-1.0,-1.0,-1.0,-1.0,-1.0,-1.0,-1.0,-1.0,-1.0,-1.0,-1.0,-1.0,-1.0,-1.0,-1.0,-1.0,-1.0,-1.0,-1.0,-1.0,-1.0,-1.0,-1.0,-1.0,-1.0,-1.0,-1.0,-1.0,-1.0,-1.0,-1.0,-1.0,-1.0,-1.0,-1.0,-1.0,-1.0,-1.0,-1.0,-1.0,-1.0,-1.0,-1.0,-1.0,-1.0,-1.0,-1.0,-1.0,-1.0,-1.0,-1.0,-1.0,-1.0,-1.0,-1.0,-1.0,-1.0,-1.0,-1.0,-1.0,-1.0,-1.0,-1.0,-1.0,-1.0,-1.0,-1.0,-1.0,-1.0,-1.0,-1.0,-1.0,-1.0,-1.0,-1.0,-1.0,-1.0,-1.0,-1.0,-1.0,-1.0,-1.0,-1.0,-1.0,-1.0,-1.0,-1.0,-1.0,-1.0,-1.0,-1.0,-1.0,-1.0,-1.0,-1.0,-1.0,-1.0,-1.0,-1.0,-1.0,-1.0,-1.0,-1.0,-1.0,-1.0,-1.0,-1.0,-1.0,-1.0,-1.0,-1.0,-1.0,-1.0,-1.0,-1.0,-1.0,-1.0,-1.0,-1.0,-1.0,-1.0,-1.0,-1.0,-1.0,-1.0,-1.0,-1.0,-1.0,-1.0,-1.0,-1.0,-1.0,-1.0,-1.0,-1.0,-1.0,-1.0,-1.0,-1.0,-1.0,-1.0,-1.0,-1.0,-1.0
-1.0,-1.0,-1.0,-1.0,-1.0,-1.0,-1.0,-1.0,-1.0,-1.0,-1.0,-1.0,-1.0,-1.0,-1.0,-1.0,-1.0,-1.0,-1.0,-1.0,-1.0,-1.0,-1.0,-1.0,-1.0,-1.0,-1.0,-1.0,-1.0,-1.0,-1.0,-1.0,-1.0,-1.0,-1.0,-1.0,-1.0,-1.0,-1.0,-1.0,-1.0,-1.0,-1.0,-1.0,-1.0,-1.0,-1.0,-1.0,-1.0,-1.0,-1.0,-1.0,-1.0,-1.0,-1.0,-1.0,-1.0,-1.0,-1.0,-1.0,-1.0,-1.0,-1.0,-1.0,-1.0,-1.0,-1.0,-1.0,-1.0,-1.0,-1.0,-1.0,-1.0,-1.0,-1.0,-1.0,-1.0,-1.0,-1.0,-1.0,-1.0,-1.0,-1.0,-1.0,-1.0,-1.0,-1.0,-1.0,-1.0,-1.0,-1.0,-1.0,-1.0,-1.0,-1.0,-1.0,-1.0,-1.0,-1.0,-1.0,-1.0,-1.0,-1.0,-1.0,-1.0,-1.0,-1.0,-1.0,-1.0,-1.0,-1.0,-1.0,-1.0,-1.0,-1.0,-1.0,-1.0,-1.0,-1.0,-1.0,-1.0,-1.0,-1.0,-1.0,-1.0,-1.0,-1.0,-1.0,-1.0,-1.0,-1.0,-1.0,-1.0,-1.0,-1.0,-1.0,-1.0,-1.0,-1.0,-1.0,-1.0,-1.0,-1.0,-1.0,-1.0,-1.0,-1.0,-1.0,-1.0,-1.0,-1.0,-1.0,-1.0,-1.0,-1.0,-1.0,-1.0,-1.0,-1.0,-1.0,-1.0,-1.0,-1.0,-1.0,-1.0,-1.0,-1.0,-1.0,-1.0,-1.0,-1.0,-1.0,-1.0,-1.0,-1.0,-1.0,-1.0,-1.0,-1.0,-1.0,-1.0,-1.0,-1.0,-1.0,-1.0,-1.0,-1.0,-1.0,-1.0,-1.0,-1.0,-1.0,-1.0,-1.0,-1.0,-1.0,-1.0,-1.0,-1.0,-1.0,-1.0,-1.0,-1.0,-1.0,-1.0,-1.0,-1.0,-1.0,-1.0,-1.0,-1.0,-1.0,-1.0,-1.0,-1.0,-1.0,-1.0,-1.0,-1.0,-1.0,-1.0,-1.0,-1.0,-1.0,-1.0,-1.0,-1.0,-1.0,-1.0,-1.0,-1.0,-1.0,-1.0,-1.0,-1.0,-1.0,-1.0,-1.0,-1.0,-1.0,-1.0,-1.0,-1.0,-1.0,-1.0,-1.0,-1.0,-1.0,-1.0,-1.0,-1.0,-1.0,-1.0,-1.0,-1.0,-1.0,-1.0,-1.0,-1.0,-1.0,-1.0,-1.0,-1.0,-1.0,-1.0,-1.0,-1.0,-1.0,-1.0,-1.0,-1.0,-1.0,-1.0,-1.0,-1.0,-1.0,-1.0,-1.0,-1.0,-1.0,-1.0,-1.0,-1.0,-1.0,-1.0,-1.0,-1.0,-1.0,-1.0,-1.0,-1.0,-1.0,-1.0,-1.0,-1.0,-1.0,-1.0,-1.0,-1.0,-1.0,-1.0,-1.0,-1.0,-1.0,-1.0,-1.0,-1.0,-1.0,-1.0,-1.0,-1.0,-1.0,-1.0,-1.0,-1.0,-1.0,-1.0,-1.0,-1.0,-1.0,-1.0,-1.0,-1.0,-1.0,-1.0,-1.0,-1.0,-1.0
-1.0,-1.0,-1.0,-1.0,-1.0,-1.0,-1.0,-1.0,-1.0,-1.0,-1.0,-1.0,-1.0,-1.0,-1.0,-1.0,-1.0,-1.0,-1.0,-1.0,-1.0,-1.0,-1.0,-1.0,-1.0,-1.0,-1.0,-1.0,-1.0,-1.0,-1.0,-1.0,-1.0,-1.0,-1.0,-1.0,-1.0,-1.0,-1.0,-1.0,-1.0,-1.0,-1.0,-1.0,-1.0,-1.0,-1.0,-1.0,-1.0,-1.0,-1.0,-1.0,-1.0,-1.0,-1.0,-1.0,-1.0,-1.0,-1.0,-1.0,-1.0,-1.0,-1.0,-1.0,-1.0,-1.0,-1.0,-1.0,-1.0,-1.0,-1.0,-1.0,-1.0,-1.0,-1.0,-1.0,-1.0,-1.0,-1.0,-1.0,-1.0,-1.0,-1.0,-1.0,-1.0,-1.0,-1.0,-1.0,-1.0,-1.0,-1.0,-1.0,-1.0,-1.0,-1.0,-1.0,-1.0,-1.0,-1.0,-1.0,-1.0,-1.0,-1.0,-1.0,-1.0,-1.0,-1.0,-1.0,-1.0,-1.0,-1.0,-1.0,-1.0,-1.0,-1.0,-1.0,-1.0,-1.0,-1.0,-1.0,-1.0,-1.0,-1.0,-1.0,-1.0,-1.0,-1.0,-1.0,-1.0,-1.0,-1.0,-1.0,-1.0,-1.0,-1.0,-1.0,-1.0,-1.0,-1.0,-1.0,-1.0,-1.0,-1.0,-1.0,-1.0,-1.0,-1.0,-1.0,-1.0,-1.0,-1.0,-1.0,-1.0,-1.0,-1.0,-1.0,-1.0,-1.0,-1.0,-1.0,-1.0,-1.0,-1.0,-1.0,-1.0,-1.0,-1.0,-1.0,-1.0,-1.0,-1.0,-1.0,-1.0,-1.0,-1.0,-1.0,-1.0,-1.0,-1.0,-1.0,-1.0,-1.0,-1.0,-1.0,-1.0,-1.0,-1.0,-1.0,-1.0,-1.0,-1.0,-1.0,-1.0,-1.0,-1.0,-1.0,-1.0,-1.0,-1.0,-1.0,-1.0,-1.0,-1.0,-1.0,-1.0,-1.0,-1.0,-1.0,-1.0,-1.0,-1.0,-1.0,-1.0,-1.0,-1.0,-1.0,-1.0,-1.0,-1.0,-1.0,-1.0,-1.0,-1.0,-1.0,-1.0,-1.0,-1.0,-1.0,-1.0,-1.0,-1.0,-1.0,-1.0,-1.0,-1.0,-1.0,-1.0,-1.0,-1.0,-1.0,-1.0,-1.0,-1.0,-1.0,-1.0,-1.0,-1.0,-1.0,-1.0,-1.0,-1.0,-1.0,-1.0,-1.0,-1.0,-1.0,-1.0,-1.0,-1.0,-1.0,-1.0,-1.0,-1.0,-1.0,-1.0,-1.0,-1.0,-1.0,-1.0,-1.0,-1.0,-1.0,-1.0,-1.0,-1.0,-1.0,-1.0,-1.0,-1.0,-1.0,-1.0,-1.0,-1.0,-1.0,-1.0,-1.0,-1.0,-1.0,-1.0,-1.0,-1.0,-1.0,-1.0,-1.0,-1.0,-1.0,-1.0,-1.0,-1.0,-1.0,-1.0,-1.0,-1.0,-1.0,-1.0,-1.0,-1.0,-1.0,-1.0,-1.0,-1.0,-1.0,-1.0,-1.0,-1.0,-1.0,-1.0,-1.0,-1.0,-1.0,-1.0,-1.0,-1.0,-1.0,-1.0,-1.0,-1.0,-1.0
-1.0,-1.0,-1.0,-1.0,-1.0,-1.0,-1.0,-1.0,-1.0,-1.0,-1.0,-1.0,-1.0,-1.0,-1.0,-1.0,-1.0,-1.0,-1.0,-1.0,-1.0,-1.0,-1.0,-1.0,-1.0,-1.0,-1.0,-1.0,-1.0,-1.0,-1.0,-1.0,-1.0,-1.0,-1.0,-1.0,-1.0,-1.0,-1.0,-1.0,-1.0,-1.0,-1.0,-1.0,-1.0,-1.0,-1.0,-1.0,-1.0,-1.0,-1.0,-1.0,-1.0,-1.0,-1.0,-1.0,-1.0,-1.0,-1.0,-1.0,-1.0,-1.0,-1.0,-1.0,-1.0,-1.0,-1.0,-1.0,-1.0,-1.0,-1.0,-1.0,-1.0,-1.0,-1.0,-1.0,-1.0,-1.0,-1.0,-1.0,-1.0,-1.0,-1.0,-1.0,-1.0,-1.0,-1.0,-1.0,-1.0,-1.0,-1.0,-1.0,-1.0,-1.0,-1.0,-1.0,-1.0,-1.0,-1.0,-1.0,-1.0,-1.0,-1.0,-1.0,-1.0,-1.0,-1.0,-1.0,-1.0,-1.0,-1.0,-1.0,-1.0,-1.0,-1.0,-1.0,-1.0,-1.0,-1.0,-1.0,-1.0,-1.0,-1.0,-1.0,-1.0,-1.0,-1.0,-1.0,-1.0,1.0,-1.0,1.0,-1.0,-1.0,-1.0,-1.0,-1.0,-1.0,1.0,-1.0,-1.0,-1.0,-1.0,-1.0,-1.0,-1.0,-1.0,-1.0,-1.0,-1.0,-1.0,-1.0,-1.0,-1.0,-1.0,-1.0,-1.0,-1.0,-1.0,-1.0,-1.0,-1.0,-1.0,-1.0,-1.0,-1.0,-1.0,-1.0,-1.0,-1.0,-1.0,-1.0,-1.0,-1.0,-1.0,1.0,-1.0,-1.0,-1.0,-1.0,-1.0,-1.0,-1.0,-1.0,-1.0,-1.0,-1.0,-1.0,1.0,-1.0,-1.0,-1.0,-1.0,-1.0,-1.0,-1.0,-1.0,-1.0,-1.0,-1.0,-1.0,-1.0,-1.0,-1.0,-1.0,-1.0,-1.0,-1.0,-1.0,-1.0,-1.0,-1.0,-1.0,1.0,-1.0,-1.0,-1.0,-1.0,-1.0,-1.0,-1.0,-1.0,-1.0,-1.0,-1.0,-1.0,-1.0,-1.0,-1.0,-1.0,-1.0,-1.0,-1.0,-1.0,-1.0,-1.0,-1.0,-1.0,-1.0,-1.0,-1.0,-1.0,-1.0,-1.0,-1.0,-1.0,-1.0,1.0,-1.0,-1.0,1.0,-1.0,1.0,-1.0,-1.0,-1.0,-1.0,1.0,-1.0,-1.0,-1.0,-1.0,-1.0,1.0,-1.0,1.0,-1.0,-1.0,-1.0,1.0,-1.0,-1.0,-1.0,-1.0,1.0,-1.0,1.0,-1.0,-1.0,-1.0,-1.0,1.0,-1.0,1.0,-1.0,-1.0,-1.0,1.0,-1.0,-1.0,-1.0,-1.0,-1.0,-1.0,-1.0,-1.0,-1.0,-1.0,-1.0,-1.0,-1.0,-1.0,-1.0,-1.0,-1.0,-1.0,-1.0,-1.0,-1.0,-1.0,-1.0,-1.0,-1.0,-1.0,-1.0,-1.0,-1.0,-1.0,-1.0,-1.0,-1.0,-1.0,-1.0,-1.0,-1.0,-1.0,1.0,-1.0
-0.47847101069523384,0.3691269934294201,1.337810426714739,-0.6802800592963419,1.337810426714739,1.337810426714739,1.337810426714739,0.12695613510809048,0.12695613510809048,0.12695613510809048,0.12695613510809048,0.12695613510809048,0.12695613510809048,0.12695613510809048,1.337810426714739,1.337810426714739,1.337810426714739,0.12695613510809048,1.337810426714739,-1.0838981564985581,0.12695613510809048,-1.0838981564985581,0.12695613510809048,-1.0838981564985581,0.12695613510809048,-1.0838981564985581,0.12695613510809048,-1.0838981564985581,0.12695613510809048,1.337810426714739,1.337810426714739,1.337810426714739,1.337810426714739,1.337810426714739,1.337810426714739,1.337810426714739,1.337810426714739,0.12695613510809048,0.12695613510809048,1.337810426714739,1.337810426714739,1.337810426714739,0.12695613510809048,1.337810426714739,1.337810426714739,1.337810426714739,1.337810426714739,1.337810426714739,0.5305742323103066,1.337810426714739,1.337810426714739,0.12695613510809048,1.337810426714739,1.337810426714739,1.337810426714739,1.337810426714739,0.12695613510809048,1.337810426714739,1.337810426714739,1.337810426714739,1.337810426714739,0.12695613510809048,1.337810426714739,1.337810426714739,1.337810426714739,0.12695613510809048,0.12695613510809048,1.337810426714739,1.337810426714739,1.337810426714739,1.337810426714739,1.337810426714739,1.337810426714739,1.337810426714739,1.337810426714739,0.12695613510809048,0.12695613510809048,0.12695613510809048,1.337810426714739,1.337810426714739,1.337810426714739,1.337810426714739,1.337810426714739,-0.7379397874680871,-0.27666196209412575,-0.27666196209412575,1.337810426714739,0.12695613510809048,-1.0838981564985581,0.12695613510809048,-1.0838981564985581,0.12695613510809048,-1.0838981564985581,0.12695613510809048,0.12695613510809048,1.337810426714739,1.337810426714739,1.337810426714739,1.337810426714739,0.5305742323103066,1.337810426714739,1.337810426714739,1.337810426714739,1.337810426714739,-0.27666196209412575,0.5305742323103066,1.337810426714739,1.337810426714739,1.337810426714739,1.337810426714739,1.337810426714739,0.12695613510809048,1.337810426714739,1.337810426714739,1.337810426714739,1.337810426714739,1.337810426714739,1.337810426714739,0.12695613510809048,0.12695613510809048,1.337810426714739,1.337810426714739,1.337810426714739,1.337810426714739,1.337810426714739,1.337810426714739,-0.54574069356227,-0.9045123355197954,1.337810426714739,0.12695613510809048,-0.27666196209412575,-0.04602304940714509,-0.27666196209412575,0.5305742323103066,0.5305742323103066,0.5305742323103066,0.12695613510809048,-1.0838981564985581,-0.72685137820429,0.12695613510809048,-0.9276588930654422,-0.9808467274256518,-0.9685787001550679,-1.0838981564985581,-0.6946949913392781,-0.9325413700477271,1.337810426714739,-0.8185054350505255,-0.9870298131700264,-0.7379397874680871,1.337810426714739,-0.9325413700477271,1.337810426714739,-0.9518049610505601,-0.7707461845313214,-0.701523117043827,-0.9325413700477271,-0.9829936321980041,-0.9414447104271877,-1.0838981564985581,-0.8746146986900016,-0.8417272981772284,0.12695613510809048,-0.8120737236889023,-0.9224509176176717,-0.9786064789675452,-0.9393185395903015,1.337810426714739,1.337810426714739,1.337810426714739,0.5305742323103066,-1.0838981564985581,-0.8289814635287374,-0.357385581534569,-0.906699967482951,-0.8390062772972136,-0.9455148088863697,-0.814819425030414,-0.9628127273378934,-0.9667187089237211,-0.8637428307518948,-1.0838981564985581,-1.0178515587745591,-0.8839405670589281,-1.0838981564985581,-0.9397488360691952,-0.27666196209412575,0.12695613510809048,-0.8956824635027061,-0.9109189719833226,-0.708115790137874,-0.9325413700477271,-1.0288593250618923,1.337810426714739,1.337810426714739,1.337810426714739,-0.5188328204154554,-1.0838981564985581,-0.8467205117508642,-1.0838981564985581,-0.7206418690165637,-0.47847101069523384,0.12695613510809048,-0.8071314612741813,-1.0049293983502985,-0.814819425030414,-1.0838981564985581,-0.886917075567333,-0.9541637681121315,-0.9493587907644861,0.12695613510809048,-0.5649606029528517,-1.0838981564985581,-0.7536651678785631,1.337810426714739,1.337810426714739,-1.0838981564985581,0.5305742323103066,0.5305742323103066,0.5305742323103066,0.5305742323103066,0.5305742323103066,0.5305742323103066,0.5305742323103066,-0.27666196209412575,-0.27666196209412575,0.12695613510809048,-1.0838981564985581,-1.0838981564985581,-1.0838981564985581,1.337810426714739,-1.0838981564985581,-1.0838981564985581,-1.0838981564985581,-1.0838981564985581,1.337810426714739,1.337810426714739,-1.0838981564985581,-1.0838981564985581,-1.0838981564985581,0.12695613510809048,0.12695613510809048,-0.27666196209412575,-1.0838981564985581,-0.4381092009750122,-0.5390137252755662,1.337810426714739,-0.27666196209412575,-0.4381092009750122,-0.423432179258568,-0.5140843722130765,1.337810426714739,-0.27666196209412575,-0.423432179258568,-0.5995564398558987,-0.80447024305087,1.337810426714739,-0.27666196209412575,-0.5995564398558987,-0.357385581534569,0.3691269934294201,-0.6627314463745064,1.337810426714739,-0.27666196209412575,1.337810426714739,-0.27666196209412575,-0.357385581534569,-0.781184583596896,1.337810426714739,-0.27666196209412575,-0.781184583596896,-0.47847101069523384,1.337810426714739,1.337810426714739,-0.27666196209412575,1.337810426714739,-0.27666196209412575,-0.47847101069523384,0.12695613510809048,1.337810426714739,1.337810426714739,-0.27666196209412575,1.337810426714739,-0.27666196209412575,0.12695613510809048,-0.27666196209412575,1.337810426714739,-0.27666196209412575,-0.27666196209412575,-0.5995564398558987,0.12695613510809048,1.337810426714739,1.337810426714739,0.12695613510809048,0.12695613510809048,1.337810426714739,1.337810426714739,1.337810426714739,1.337810426714739,1.337810426714739,1.337810426714739,1.337810426714739,1.337810426714739,1.337810426714739,0.12695613510809048,0.12695613510809048,1.337810426714739,-0.27666196209412575,0.12695613510809048,0.12695613510809048,0.12695613510809048,1.337810426714739,0.12695613510809048,0.12695613510809048,-0.27666196209412575,1.337810426714739,1.337810426714739,-0.27666196209412575,0.5305742323103066,1.337810426714739,1.337810426714739,1.337810426714739,-0.6802800592963419,1.337810426714739,1.337810426714739,-0.27666196209412575,-0.07485291349301758,1.337810426714739
-0.7114277058548415,-0.02500070950017269,1.4516825767754173,-0.791542901507814,1.4516825767754173,1.4516825767754173,1.4516825767754173,-0.2788056493287897,-0.2788056493287897,-0.2788056493287897,-0.2788056493287897,-0.2788056493287897,-0.2788056493287897,-0.2788056493287897,1.4516825767754173,1.4516825767754173,1.4516825767754173,-0.2788056493287897,1.4516825767754173,-0.8556350580301921,-0.2788056493287897,-0.8556350580301921,-0.2788056493287897,-0.8556350580301921,-0.2788056493287897,-0.8556350580301921,-0.2788056493287897,-0.8556350580301921,-0.2788056493287897,1.4516825767754173,1.4516825767754173,1.4516825767754173,1.4516825767754173,1.4516825767754173,1.4516825767754173,1.4516825767754173,1.4516825767754173,-0.2788056493287897,-0.2788056493287897,1.4516825767754173,1.4516825767754173,1.4516825767754173,-0.2788056493287897,1.4516825767754173,1.4516825767754173,1.4516825767754173,1.4516825767754173,1.4516825767754173,0.16983944632785655,1.4516825767754173,1.4516825767754173,-0.2788056493287897,1.4516825767754173,1.4516825767754173,1.4516825767754173,1.4516825767754173,-0.2788056493287897,1.4516825767754173,1.4516825767754173,1.4516825767754173,1.4516825767754173,-0.2788056493287897,1.4516825767754173,1.4516825767754173,1.4516825767754173,-0.2788056493287897,-0.2788056493287897,1.4516825767754173,1.4516825767754173,1.4516825767754173,1.4516825767754173,1.4516825767754173,1.4516825767754173,1.4516825767754173,1.4516825767754173,-0.2788056493287897,-0.2788056493287897,-0.2788056493287897,1.4516825767754173,1.4516825767754173,1.4516825767754173,1.4516825767754173,1.4516825767754173,-0.8085469430341592,-0.59926643194068,-0.59926643194068,1.4516825767754173,-0.2788056493287897,-0.8556350580301921,-0.2788056493287897,-0.8556350580301921,-0.2788056493287897,-0.8556350580301921,-0.2788056493287897,-0.2788056493287897,1.4516825767754173,1.4516825767754173,1.4516825767754173,1.4516825767754173,0.16983944632785655,1.4516825767754173,1.4516825767754173,1.4516825767754173,1.4516825767754173,-0.59926643194068,0.16983944632785655,1.4516825767754173,1.4516825767754173,1.4516825767754173,1.4516825767754173,1.4516825767754173,-0.2788056493287897,1.4516825767754173,1.4516825767754173,1.4516825767754173,1.4516825767754173,1.4516825767754173,1.4516825767754173,-0.2788056493287897,-0.2788056493287897,1.4516825767754173,1.4516825767754173,1.4516825767754173,1.4516825767754173,1.4516825767754173,1.4516825767754173,-0.7416934464348534,-0.8429748789640434,1.4516825767754173,-0.2788056493287897,-0.59926643194068,-0.43184202306589653,-0.59926643194068,0.16983944632785655,0.16983944632785655,0.16983944632785655,-0.2788056493287897,-0.8556350580301921,-0.8054801012249584,-0.2788056493287897,-0.8460312385304809,-0.8514570270029298,-0.8504030452528551,-0.8556350580301921,-0.7960391624883381,-0.8466220985192328,1.4516825767754173,-0.8279247317724404,-0.8519433498145031,-0.8085469430341592,1.4516825767754173,-0.8466220985192328,1.4516825767754173,-0.8487703113481259,-0.8170540185064658,-0.7981119036998584,-0.8466220985192328,-0.8516292982475435,-0.8476512599858821,-0.8556350580301921,-0.8384031476346008,-0.832561881682136,-0.2788056493287897,-0.8265653543846821,-0.8453803129866116,-0.8512733989851909,-0.8474111591313528,1.4516825767754173,1.4516825767754173,1.4516825767754173,0.16983944632785655,-0.8556350580301921,-0.8300692116611549,-0.6479764708976872,-0.843281780984832,-0.8320404704251859,-0.8481009596308269,-0.8271496551313574,-0.8498667639431781,-0.8502329095616046,-0.8365663172466746,-0.8556350580301921,-0.8539188713596756,-0.8399046709904434,-0.8556350580301921,-0.847460038065603,-0.59926643194068,-0.2788056493287897,-0.8416978659490285,-0.843863029281184,-0.8000783611160261,-0.8466220985192328,-0.8544432617312223,1.4516825767754173,1.4516825767754173,1.4516825767754173,-0.7300144312463311,-0.8556350580301921,-0.8335035438904104,-0.8556350580301921,-0.8037204112470658,-0.7114277058548415,-0.2788056493287897,-0.8254986644327311,-0.8531816248173789,-0.8271496551313574,-0.8556350580301921,-0.8403695010040522,-0.849013291858875,-0.8485137073054835,-0.2788056493287897,-0.7496867992891182,-0.8556350580301921,-0.8127303912672779,1.4516825767754173,1.4516825767754173,-0.8556350580301921,0.16983944632785655,0.16983944632785655,0.16983944632785655,0.16983944632785655,0.16983944632785655,0.16983944632785655,0.16983944632785655,-0.59926643194068,-0.59926643194068,-0.2788056493287897,-0.8556350580301921,-0.8556350580301921,-0.8556350580301921,1.4516825767754173,-0.8556350580301921,-0.8556350580301921,-0.8556350580301921,-0.8556350580301921,1.4516825767754173,1.4516825767754173,-0.8556350580301921,-0.8556350580301921,-0.8556350580301921,-0.2788056493287897,-0.2788056493287897,-0.59926643194068,-0.8556350580301921,-0.6915591373329043,-0.7388271027681582,1.4516825767754173,-0.59926643194068,-0.6915591373329043,-0.6840163909785353,-0.727894289321231,1.4516825767754173,-0.59926643194068,-0.6840163909785353,-0.7633423526379678,-0.8249163321230168,1.4516825767754173,-0.59926643194068,-0.7633423526379678,-0.6479764708976872,-0.02500070950017269,-0.7858485133101737,1.4516825767754173,-0.59926643194068,1.4516825767754173,-0.59926643194068,-0.6479764708976872,-0.8195832199863545,1.4516825767754173,-0.59926643194068,-0.8195832199863545,-0.7114277058548415,1.4516825767754173,1.4516825767754173,-0.59926643194068,1.4516825767754173,-0.59926643194068,-0.7114277058548415,-0.2788056493287897,1.4516825767754173,1.4516825767754173,-0.59926643194068,1.4516825767754173,-0.59926643194068,-0.2788056493287897,-0.59926643194068,1.4516825767754173,-0.59926643194068,-0.59926643194068,-0.7633423526379678,-0.2788056493287897,1.4516825767754173,1.4516825767754173,-0.2788056493287897,-0.2788056493287897,1.4516825767754173,1.4516825767754173,1.4516825767754173,1.4516825767754173,1.4516825767754173,1.4516825767754173,1.4516825767754173,1.4516825767754173,1.4516825767754173,-0.2788056493287897,-0.2788056493287897,1.4516825767754173,-0.59926643194068,-0.2788056493287897,-0.2788056493287897,-0.2788056493287897,1.4516825767754173,-0.2788056493287897,-0.2788056493287897,-0.59926643194068,1.4516825767754173,1.4516825767754173,-0.59926643194068,0.16983944632785655,1.4516825767754173,1.4516825767754173,1.4516825767754173,-0.791542901507814,1.4516825767754173,1.4516825767754173,-0.59926643194068,-0.4550590797653293,1.4516825767754173
-0.7383952689010893,-0.2834513481892721,1.4965912411460476,-0.7633598448510573,1.4965912411460476,1.4965912411460476,1.4965912411460476,-0.49006343445140743,-0.49006343445140743,-0.49006343445140743,-0.49006343445140743,-0.49006343445140743,-0.49006343445140743,-0.49006343445140743,1.4965912411460476,1.4965912411460476,1.4965912411460476,-0.49006343445140743,1.4965912411460476,-0.7738712452510439,-0.49006343445140743,-0.7738712452510439,-0.49006343445140743,-0.7738712452510439,-0.49006343445140743,-0.7738712452510439,-0.49006343445140743,-0.7738712452510439,-0.49006343445140743,1.4965912411460476,1.4965912411460476,1.4965912411460476,1.4965912411460476,1.4965912411460476,1.4965912411460476,1.4965912411460476,1.4965912411460476,-0.49006343445140743,-0.49006343445140743,1.4965912411460476,1.4965912411460476,1.4965912411460476,-0.49006343445140743,1.4965912411460476,1.4965912411460476,1.4965912411460476,1.4965912411460476,1.4965912411460476,-0.10114161965190568,1.4965912411460476,1.4965912411460476,-0.49006343445140743,1.4965912411460476,1.4965912411460476,1.4965912411460476,1.4965912411460476,-0.49006343445140743,1.4965912411460476,1.4965912411460476,1.4965912411460476,1.4965912411460476,-0.49006343445140743,1.4965912411460476,1.4965912411460476,1.4965912411460476,-0.49006343445140743,-0.49006343445140743,1.4965912411460476,1.4965912411460476,1.4965912411460476,1.4965912411460476,1.4965912411460476,1.4965912411460476,1.4965912411460476,1.4965912411460476,-0.49006343445140743,-0.49006343445140743,-0.49006343445140743,1.4965912411460476,1.4965912411460476,1.4965912411460476,1.4965912411460476,1.4965912411460476,-0.7672518210924518,-0.6897800420511516,-0.6897800420511516,1.4965912411460476,-0.49006343445140743,-0.7738712452510439,-0.49006343445140743,-0.7738712452510439,-0.49006343445140743,-0.7738712452510439,-0.49006343445140743,-0.49006343445140743,1.4965912411460476,1.4965912411460476,1.4965912411460476,1.4965912411460476,-0.10114161965190568,1.4965912411460476,1.4965912411460476,1.4965912411460476,1.4965912411460476,-0.6897800420511516,-0.10114161965190568,1.4965912411460476,1.4965912411460476,1.4965912411460476,1.4965912411460476,1.4965912411460476,-0.49006343445140743,1.4965912411460476,1.4965912411460476,1.4965912411460476,1.4965912411460476,1.4965912411460476,1.4965912411460476,-0.49006343445140743,-0.49006343445140743,1.4965912411460476,1.4965912411460476,1.4965912411460476,1.4965912411460476,1.4965912411460476,1.4965912411460476,-0.7489553331918166,-0.7729484336932947,1.4965912411460476,-0.49006343445140743,-0.6897800420511516,-0.5951467929690571,-0.6897800420511516,-0.10114161965190568,-0.10114161965190568,-0.10114161965190568,-0.49006343445140743,-0.7738712452510439,-0.7665947199513945,-0.49006343445140743,-0.7732615409815942,-0.7736962965413055,-0.7736260813933183,-0.7738712452510439,-0.7644463229627361,-0.7733169331205758,1.4965912411460476,-0.7708830036239805,-0.7737259356519145,-0.7672518210924518,1.4965912411460476,-0.7733169331205758,1.4965912411460476,-0.7735027855237248,-0.7689620066524504,-0.7649337197906675,-0.7733169331205758,-0.7737070046197941,-0.7734091116287363,-0.7738712452510439,-0.772405854675544,-0.7716007827646468,-0.49006343445140743,-0.7706604385618726,-0.7731985156254447,-0.7736846370085522,-0.7733881086979126,1.4965912411460476,1.4965912411460476,1.4965912411460476,-0.10114161965190568,-0.7738712452510439,-0.7712230895590805,-0.7125687581183223,-0.772981785041054,-0.7715233871855353,-0.7734476021048939,-0.7707567562436405,-0.7735874374402443,-0.7736140262623697,-0.772165413180122,-0.7738712452510439,-0.773825187785129,-0.7725931525190791,-0.7738712452510439,-0.7733924095914235,-0.6897800420511516,-0.49006343445140743,-0.7728053459416365,-0.7730438172312198,-0.7653880809526744,-0.7733169331205758,-0.7738445916249358,1.4965912411460476,1.4965912411460476,1.4965912411460476,-0.7450279625534808,-0.7738712452510439,-0.7717383479545591,-0.7738712452510439,-0.7662084343594536,-0.7383952689010893,-0.49006343445140743,-0.7704821000818447,-0.7737925198987426,-0.7707567562436405,-0.7738712452510439,-0.7726493830314142,-0.7735221740551806,-0.7734819341251185,-0.49006343445140743,-0.7515306887157955,-0.7738712452510439,-0.7681140620116823,1.4965912411460476,1.4965912411460476,-0.7738712452510439,-0.10114161965190568,-0.10114161965190568,-0.10114161965190568,-0.10114161965190568,-0.10114161965190568,-0.10114161965190568,-0.10114161965190568,-0.6897800420511516,-0.6897800420511516,-0.49006343445140743,-0.7738712452510439,-0.7738712452510439,-0.7738712452510439,1.4965912411460476,-0.7738712452510439,-0.7738712452510439,-0.7738712452510439,-0.7738712452510439,1.4965912411460476,1.4965912411460476,-0.7738712452510439,-0.7738712452510439,-0.7738712452510439,-0.49006343445140743,-0.49006343445140743,-0.6897800420511516,-0.7738712452510439,-0.730816549212699,-0.748009258491927,1.4965912411460476,-0.6897800420511516,-0.730816549212699,-0.7278137793361517,-0.7442946934233594,1.4965912411460476,-0.6897800420511516,-0.7278137793361517,-0.7557075453598672,-0.7703833932293824,1.4965912411460476,-0.6897800420511516,-0.7557075453598672,-0.7125687581183223,-0.2834513481892721,-0.7619283177315721,1.4965912411460476,-0.6897800420511516,1.4965912411460476,-0.6897800420511516,-0.7125687581183223,-0.7694367482072996,1.4965912411460476,-0.6897800420511516,-0.7694367482072996,-0.7383952689010893,1.4965912411460476,1.4965912411460476,-0.6897800420511516,1.4965912411460476,-0.6897800420511516,-0.7383952689010893,-0.49006343445140743,1.4965912411460476,1.4965912411460476,-0.6897800420511516,1.4965912411460476,-0.6897800420511516,-0.49006343445140743,-0.6897800420511516,1.4965912411460476,-0.6897800420511516,-0.6897800420511516,-0.7557075453598672,-0.49006343445140743,1.4965912411460476,1.4965912411460476,-0.49006343445140743,-0.49006343445140743,1.4965912411460476,1.4965912411460476,1.4965912411460476,1.4965912411460476,1.4965912411460476,1.4965912411460476,1.4965912411460476,1.4965912411460476,1.4965912411460476,-0.49006343445140743,-0.49006343445140743,1.4965912411460476,-0.6897800420511516,-0.49006343445140743,-0.49006343445140743,-0.49006343445140743,1.4965912411460476,-0.49006343445140743,-0.49006343445140743,-0.6897800420511516,1.4965912411460476,1.4965912411460476,-0.6897800420511516,-0.10114161965190568,1.4965912411460476,1.4965912411460476,1.4965912411460476,-0.7633598448510573,1.4965912411460476,1.4965912411460476,-0.6897800420511516,-0.6096306140012543,1.4965912411460476
-1.0,-1.0,-1.0,-1.0,-1.0,-1.0,-1.0,-1.0,-1.0,-1.0,-1.0,-1.0,-1.0,-1.0,-1.0,-1.0,-1.0,-1.0,-1.0,-1.0,-1.0,-1.0,-1.0,-1.0,-1.0,-1.0,-1.0,-1.0,-1.0,-1.0,-1.0,-1.0,-1.0,-1.0,-1.0,-1.0,-1.0,-1.0,-1.0,-1.0,-1.0,-1.0,-1.0,-1.0,-1.0,-1.0,-1.0,-1.0,-1.0,-1.0,-1.0,-1.0,-1.0,-1.0,-1.0,-1.0,-1.0,-1.0,-1.0,-1.0,-1.0,-1.0,-1.0,-1.0,-1.0,-1.0,-1.0,-1.0,-1.0,-1.0,-1.0,-1.0,-1.0,-1.0,-1.0,-1.0,-1.0,-1.0,-1.0,-1.0,-1.0,-1.0,-1.0,-1.0,-1.0,-1.0,-1.0,-1.0,-1.0,-1.0,-1.0,-1.0,-1.0,-1.0,-1.0,-1.0,-1.0,-1.0,-1.0,-1.0,-1.0,-1.0,-1.0,-1.0,-1.0,-1.0,-1.0,-1.0,-1.0,-1.0,-1.0,-1.0,-1.0,-1.0,-1.0,-1.0,-1.0,-1.0,-1.0,-1.0,-1.0,-1.0,-1.0,-1.0,-1.0,-1.0,-1.0,-1.0,1.0,-1.0,-1.0,-1.0,-1.0,-1.0,-1.0,-1.0,-1.0,-1.0,-1.0,-1.0,-1.0,-1.0,-1.0,-1.0,-1.0,-1.0,-1.0,-1.0,-1.0,-1.0,-1.0,-1.0,-1.0,-1.0,-1.0,-1.0,-1.0,-1.0,-1.0,-1.0,-1.0,-1.0,-1.0,-1.0,-1.0,-1.0,-1.0,-1.0,-1.0,-1.0,-1.0,-1.0,-1.0,-1.0,-1.0,-1.0,-1.0,-1.0,-1.0,-1.0,-1.0,-1.0,-1.0,-1.0,-1.0,-1.0,-1.0,-1.0,-1.0,-1.0,-1.0,-1.0,-1.0,-1.0,-1.0,-1.0,-1.0,-1.0,-1.0,-1.0,-1.0,-1.0,-1.0,-1.0,-1.0,-1.0,-1.0,-1.0,-1.0,-1.0,-1.0,-1.0,-1.0,-1.0,-1.0,-1.0,-1.0,-1.0,-1.0,-1.0,-1.0,-1.0,-1.0,-1.0,-1.0,-1.0,-1.0,-1.0,-1.0,-1.0,-1.0,-1.0,-1.0,-1.0,-1.0,-1.0,-1.0,-1.0,-1.0,-1.0,-1.0,-1.0,-1.0,-1.0,-1.0,-1.0,-1.0,-1.0,-1.0,-1.0,-1.0,-1.0,-1.0,-1.0,-1.0,-1.0,-1.0,-1.0,-1.0,-1.0,-1.0,-1.0,-1.0,-1.0,-1.0,-1.0,-1.0,-1.0,-1.0,-1.0,-1.0,-1.0,-1.0,-1.0,-1.0,-1.0,-1.0,-1.0,-1.0,-1.0,-1.0,-1.0,-1.0,-1.0,-1.0,-1.0,-1.0,-1.0,-1.0,-1.0,-1.0,-1.0,-1.0,-1.0,-1.0,-1.0,-1.0,-1.0,-1.0,-1.0,-1.0,-1.0,-1.0,-1.0,-1.0,-1.0,-1.0,-1.0,-1.0,-1.0,-1.0,-1.0,-1.0,-1.0,-1.0,-1.0,-1.0,-1.0,-1.0,-1.0,-1.0,-1.0,-1.0,-1.0,-1.0,-1.0,-1.0,-1.0
1.0,1.0,1.0,1.0,1.0,1.0,1.0,1.0,1.0,1.0,1.0,1.0,1.0,1.0,1.0,1.0,1.0,1.0,1.0,1.0,1.0,1.0,1.0,1.0,1.0,1.0,1.0,1.0,1.0,1.0,1.0,1.0,1.0,1.0,1.0,1.0,1.0,1.0,1.0,1.0,1.0,1.0,1.0,1.0,1.0,1.0,1.0,1.0,1.0,1.0,1.0,1.0,1.0,1.0,1.0,1.0,1.0,1.0,1.0,1.0,1.0,1.0,1.0,1.0,1.0,1.0,1.0,1.0,1.0,1.0,1.0,1.0,1.0,1.0,1.0,1.0,1.0,1.0,1.0,1.0,1.0,1.0,1.0,1.0,1.0,1.0,1.0,1.0,1.0,1.0,1.0,1.0,1.0,1.0,1.0,1.0,1.0,1.0,1.0,1.0,1.0,1.0,1.0,1.0,1.0,1.0,1.0,1.0,1.0,1.0,1.0,1.0,1.0,1.0,1.0,1.0,1.0,1.0,1.0,1.0,1.0,1.0,1.0,1.0,1.0,1.0,1.0,1.0,1.0,1.0,1.0,1.0,1.0,1.0,1.0,1.0,1.0,1.0,1.0,1.0,1.0,1.0,1.0,1.0,1.0,1.0,1.0,1.0,1.0,1.0,1.0,1.0,1.0,1.0,1.0,1.0,1.0,1.0,1.0,1.0,1.0,1.0,1.0,1.0,1.0,1.0,1.0,1.0,1.0,1.0,1.0,1.0,1.0,1.0,1.0,1.0,1.0,1.0,1.0,1.0,1.0,1.0,1.0,1.0,1.0,1.0,1.0,1.0,1.0,1.0,1.0,1.0,1.0,1.0,1.0,1.0,1.0,1.0,1.0,1.0,1.0,1.0,1.0,1.0,1.0,1.0,1.0,1.0,1.0,1.0,1.0,1.0,1.0,1.0,1.0,1.0,1.0,1.0,1.0,1.0,1.0,1.0,1.0,1.0,1.0,1.0,1.0,1.0,1.0,1.0,1.0,1.0,1.0,1.0,1.0,1.0,1.0,1.0,1.0,1.0,1.0,1.0,1.0,1.0,1.0,1.0,1.0,1.0,1.0,1.0,1.0,1.0,1.0,1.0,1.0,1.0,1.0,1.0,1.0,1.0,1.0,1.0,1.0,1.0,1.0,1.0,1.0,1.0,1.0,1.0,1.0,1.0,1.0,1.0,1.0,1.0,1.0,1.0,1.0,1.0,1.0,1.0,1.0,1.0,1.0,1.0,1.0,1.0,1.0,1.0,1.0,1.0,1.0,1.0,1.0,1.0,1.0,1.0,1.0,1.0,1.0,1.0,1.0,1.0,1.0,1.0,1.0,1.0,1.0,1.0,1.0,1.0,1.0,1.0,1.0,1.0,1.0,1.0,1.0,1.0,1.0,1.0,1.0,1.0,1.0,1.0,1.0,1.0
1.0,0.0,0.0,0.0,0.0,0.0,0.0,0.0,0.0,0.0,0.0,0.0,0.0,0.0,0.0,0.0,0.0,0.0,0.0,0.0,0.0,0.0,0.0,0.0,0.0,0.0,0.0,0.0,0.0,0.0,0.0,0.0,0.0,0.0,0.0,0.0,0.0,0.0,0.0,0.0,0.0,0.0,0.0,0.0,0.0,0.0,0.0,0.0,0.0,0.0,0.0,0.0,0.0,0.0,0.0,0.0,0.0,0.0,0.0,0.0,0.0,0.0,0.0,0.0,0.0,0.0,0.0,0.0,0.0,0.0,0.0,0.0,0.0,0.0,0.0,0.0,0.0,0.0,0.0,0.0,0.0,0.0,0.0,0.0,0.0,0.0,0.0,0.0,0.0,0.0,0.0,0.0,0.0,0.0,0.0,0.0,0.0,0.0,0.0,0.0,0.0,0.0,0.0,0.0,0.0,0.0,0.0,0.0,0.0,0.0,0.0,0.0,0.0,0.0,0.0,0.0,0.0,0.0,0.0,0.0,0.0,0.0,0.0,0.0,0.0,0.0,0.0,0.0,0.0,0.0,0.0,0.0,0.0,0.0,0.0,0.0,0.0,0.0,0.0,0.0,0.0,0.0,0.0,0.0,0.0,0.0,0.0,0.0,0.0,0.0,0.0,0.0,0.0,0.0,0.0,0.0,0.0,0.0,0.0,0.0,0.0,0.0,0.0,0.0,0.0,0.0,0.0,0.0,0.0,0.0,0.0,0.0,0.0,0.0,0.0,0.0,0.0,0.0,0.0,0.0,0.0,0.0,0.0,0.0,0.0,0.0,0.0,0.0,0.0,0.0,0.0,0.0,0.0,0.0,0.0,0.0,0.0,0.0,0.0,0.0,0.0,0.0,0.0,0.0,0.0,0.0,0.0,0.0,0.0,0.0,0.0,0.0,0.0,0.0,0.0,0.0,0.0,0.0,0.0,0.0,0.0,0.0,0.0,0.0,0.0,0.0,0.0,0.0,0.0,0.0,0.0,0.0,0.0,0.0,0.0,0.0,0.0,0.0,0.0,0.0,0.0,0.0,0.0,0.0,0.0,0.0,0.0,0.0,0.0,0.0,0.0,0.0,0.0,0.0,0.0,0.0,0.0,0.0,0.0,0.0,0.0,0.0,0.0,0.0,0.0,0.0,0.0,0.0,0.0,0.0,0.0,0.0,0.0,0.0,0.0,0.0,0.0,0.0,0.0,0.0,0.0,0.0,0.0,0.0,0.0,0.0,0.0,0.0,0.0,0.0,0.0,0.0,0.0,0.0,0.0,0.0,0.0,0.0,0.0,0.0,0.0,0.0,0.0,0.0,0.0,0.0,0.0,0.0,0.0,0.0,0.0,0.0,0.0,0.0,0.0,0.0,0.0,0.0,0.0,0.0,0.0,0.0,0.0,0.0,0.0,0.0,0.0,1.0
-0.7551209253417455,0.6439024390243901,-1.0,-1.0,-0.3555555555555555,-0.3555555555555555,-0.3555555555555555,0.8601398601398602,0.8412698412698412,0.8412698412698412,1.0,1.0,1.0,1.0,1.0,1.0,1.0,1.0,0.8601398601398602,1.0,1.0,1.0,1.0,1.0,1.0,1.0,1.0,-1.0,-1.0,1.0,1.0,1.0,1.0,1.0,-1.0,-1.0,0.913978494623656,1.0,1.0,1.0,1.0,1.0,1.0,1.0,1.0,1.0,1.0,0.7777777777777777,1.0,1.0,1.0,1.0,1.0,0.8305084745762712,1.0,1.0,1.0,1.0,1.0,1.0,1.0,1.0,0.7741935483870968,1.0,1.0,1.0,1.0,1.0,1.0,1.0,1.0,0.8021978021978022,1.0,1.0,1.0,1.0,1.0,1.0,1.0,1.0,1.0,1.0,1.0,-1.0,-1.0,1.0,1.0,0.5670103092783505,1.0,1.0,1.0,1.0,1.0,1.0,1.0,1.0,1.0,1.0,1.0,1.0,1.0,1.0,1.0,1.0,1.0,1.0,1.0,1.0,1.0,1.0,1.0,1.0,1.0,1.0,1.0,1.0,1.0,1.0,1.0,1.0,1.0,1.0,1.0,1.0,0.8644067796610169,-0.662531017369727,-1.0,-1.0,-0.620253164556962,-1.0,-1.0,-1.0,-1.0,1.0,1.0,1.0,-0.662531017369727,-0.9728347879977276,-1.0,-1.0,-1.0,-0.9728347879977276,-0.9728347879977276,-0.9728347879977276,-0.9728347879977276,-1.0,-1.0,-0.9728347879977276,-0.9728347879977276,-0.9014084507042254,-0.9014084507042254,-0.9014084507042254,-0.9014084507042254,-0.9014084507042254,-0.9728347879977276,-0.9728347879977276,-0.9728347879977276,-0.9728347879977276,-0.9728347879977276,-0.9728347879977276,-0.9728347879977276,-0.9728347879977276,-0.9728347879977276,-0.9728347879977276,-0.9728347879977276,-0.9728347879977276,-0.9728347879977276,1.0,1.0,1.0,-0.21311475409836067,-0.9728347879977276,-0.9728347879977276,-0.9728347879977276,-0.9728347879977276,-0.9728347879977276,-0.9728347879977276,-0.9728347879977276,-0.9728347879977276,-0.9728347879977276,-0.9728347879977276,-0.9728347879977276,-0.9728347879977276,-0.9728347879977276,-0.9728347879977276,-0.9728347879977276,-1.0,-1.0,-0.9728347879977276,-0.9728347879977276,-0.9728347879977276,-0.9728347879977276,-0.9728347879977276,1.0,1.0,1.0,-0.7681159420289855,-0.9728347879977276,-0.9866555462885738,-0.9866555462885738,-0.9866555462885738,-1.0,-1.0,-0.9728347879977276,-0.9728347879977276,-1.0,-1.0,-1.0,-0.9728347879977276,-0.9728347879977276,-0.7169811320754718,-0.7169811320754718,-0.7169811320754718,-0.7169811320754718,0.9225806451612903,0.9225806451612903,0.9225806451612903,1.0,1.0,1.0,1.0,1.0,1.0,1.0,0.9225806451612903,-0.5483870967741935,-1.0,-1.0,-1.0,-1.0,-1.0,-1.0,-1.0,-1.0,-1.0,-1.0,-1.0,-1.0,-1.0,-1.0,-0.030303030303030276,-0.030303030303030276,-0.7647058823529411,0.087890625,-0.5308641975308642,-1.0,-1.0,-1.0,-0.24,-0.3978494623655914,-1.0,-1.0,-1.0,-0.07438016528925617,-0.4821428571428571,-1.0,-1.0,-1.0,-0.17730496453900713,0.32110091743119273,0.32110091743119273,-1.0,-1.0,-1.0,-1.0,-1.0,-0.16279069767441856,0.5714285714285714,-1.0,-1.0,0.76,0.7234042553191489,0.7234042553191489,-1.0,-1.0,-1.0,-1.0,0.4930875576036866,0.726027397260274,0.726027397260274,-1.0,-1.0,-1.0,-1.0,0.4157303370786516,0.5578947368421052,-1.0,-1.0,0.7514792899408285,0.09753694581280792,0.04830699774266356,1.0,1.0,1.0,1.0,1.0,1.0,1.0,1.0,1.0,1.0,1.0,1.0,1.0,1.0,1.0,1.0,1.0,1.0,1.0,1.0,1.0,1.0,1.0,1.0,1.0,1.0,1.0,1.0,1.0,1.0,-1.0,-1.0,-0.525,-0.525,-0.7731958762886598,-0.7731958762886598,-0.7551209253417455
-0.4775130935520587,0.04722599305560278,0.04722599305560278,0.04722599305560278,0.5719650796632643,0.5719650796632643,0.5719650796632643,0.5719650796632643,0.5719650796632643,0.5719650796632643,1.0967041662709258,1.0967041662709258,1.0967041662709258,1.0967041662709258,1.0967041662709258,1.0967041662709258,1.0967041662709258,1.0967041662709258,0.5719650796632643,0.5719650796632643,0.5719650796632643,-0.4775130935520587,-0.4775130935520587,-0.4775130935520587,-0.4775130935520587,0.04722599305560278,0.04722599305560278,1.6214432528785871,1.6214432528785871,0.5719650796632643,0.5719650796632643,0.5719650796632643,0.5719650796632643,0.5719650796632643,-0.4775130935520587,-0.4775130935520587,0.5719650796632643,0.5719650796632643,0.5719650796632643,0.5719650796632643,0.5719650796632643,0.5719650796632643,0.5719650796632643,0.5719650796632643,0.5719650796632643,0.5719650796632643,0.5719650796632643,0.5719650796632643,0.5719650796632643,0.5719650796632643,0.5719650796632643,0.5719650796632643,0.5719650796632643,0.04722599305560278,0.04722599305560278,0.04722599305560278,0.04722599305560278,0.04722599305560278,0.04722599305560278,0.04722599305560278,0.04722599305560278,0.04722599305560278,0.04722599305560278,-0.4775130935520587,-0.4775130935520587,-0.4775130935520587,-0.4775130935520587,-0.4775130935520587,-0.4775130935520587,-0.4775130935520587,-0.4775130935520587,0.04722599305560278,0.04722599305560278,0.04722599305560278,0.04722599305560278,0.04722599305560278,0.04722599305560278,0.04722599305560278,0.04722599305560278,0.04722599305560278,0.04722599305560278,0.04722599305560278,0.04722599305560278,-0.4775130935520587,-0.4775130935520587,0.5719650796632643,0.5719650796632643,0.04722599305560278,-0.4775130935520587,-0.4775130935520587,-0.4775130935520587,-0.4775130935520587,0.04722599305560278,0.04722599305560278,0.5719650796632643,0.5719650796632643,0.5719650796632643,0.5719650796632643,0.5719650796632643,0.5719650796632643,0.5719650796632643,0.5719650796632643,0.5719650796632643,0.5719650796632643,0.5719650796632643,0.5719650796632643,0.5719650796632643,0.5719650796632643,0.5719650796632643,0.5719650796632643,0.5719650796632643,0.5719650796632643,0.5719650796632643,0.5719650796632643,0.5719650796632643,0.5719650796632643,-0.4775130935520587,-0.4775130935520587,-0.4775130935520587,-0.4775130935520587,-0.4775130935520587,-0.4775130935520587,-0.4775130935520587,-0.4775130935520587,-0.4775130935520587,-0.4775130935520587,-0.4775130935520587,-0.4775130935520587,-1.0022521801597202,-1.0022521801597202,-1.0022521801597202,-1.0022521801597202,-1.0022521801597202,-0.4775130935520587,-0.4775130935520587,-0.4775130935520587,-0.4775130935520587,-0.4775130935520587,-0.4775130935520587,-0.4775130935520587,-0.4775130935520587,-0.4775130935520587,-0.4775130935520587,-0.4775130935520587,-0.4775130935520587,-0.4775130935520587,-0.4775130935520587,-0.4775130935520587,-0.4775130935520587,-0.4775130935520587,-0.4775130935520587,-0.4775130935520587,-0.4775130935520587,-0.4775130935520587,-0.4775130935520587,-0.4775130935520587,-0.4775130935520587,-0.4775130935520587,-0.4775130935520587,-0.4775130935520587,-0.4775130935520587,-0.4775130935520587,-0.4775130935520587,-0.4775130935520587,-0.4775130935520587,-0.4775130935520587,-0.4775130935520587,1.6214432528785871,1.6214432528785871,1.6214432528785871,0.5719650796632643,-0.4775130935520587,-0.4775130935520587,-0.4775130935520587,-0.4775130935520587,-0.4775130935520587,-0.4775130935520587,-0.4775130935520587,-0.4775130935520587,-0.4775130935520587,-0.4775130935520587,-0.4775130935520587,-0.4775130935520587,-0.4775130935520587,-0.4775130935520587,-0.4775130935520587,-0.4775130935520587,-0.4775130935520587,-0.4775130935520587,-0.4775130935520587,-0.4775130935520587,-0.4775130935520587,-0.4775130935520587,1.6214432528785871,1.6214432528785871,1.6214432528785871,0.04722599305560278,-0.4775130935520587,-0.4775130935520587,-0.4775130935520587,-0.4775130935520587,0.04722599305560278,0.04722599305560278,-0.4775130935520587,-0.4775130935520587,-0.4775130935520587,-0.4775130935520587,-0.4775130935520587,-0.4775130935520587,-0.4775130935520587,-1.0022521801597202,-1.0022521801597202,-1.0022521801597202,-1.0022521801597202,0.04722599305560278,0.04722599305560278,0.04722599305560278,-0.4775130935520587,-0.4775130935520587,-0.4775130935520587,-0.4775130935520587,-0.4775130935520587,-0.4775130935520587,-0.4775130935520587,0.04722599305560278,0.04722599305560278,0.5719650796632643,2.1461823394862485,2.1461823394862485,2.1461823394862485,-1.0022521801597202,-1.0022521801597202,-1.0022521801597202,-1.0022521801597202,-1.0022521801597202,-1.0022521801597202,1.6214432528785871,2.1461823394862485,2.1461823394862485,2.1461823394862485,1.0967041662709258,1.0967041662709258,0.04722599305560278,-0.4775130935520587,-0.4775130935520587,-0.4775130935520587,-0.4775130935520587,-0.4775130935520587,-0.4775130935520587,-0.4775130935520587,0.04722599305560278,-0.4775130935520587,-0.4775130935520587,-0.4775130935520587,-0.4775130935520587,-0.4775130935520587,-0.4775130935520587,-0.4775130935520587,-0.4775130935520587,0.5719650796632643,0.5719650796632643,-0.4775130935520587,-0.4775130935520587,-0.4775130935520587,-0.4775130935520587,-0.4775130935520587,0.04722599305560278,-1.0022521801597202,-0.4775130935520587,-0.4775130935520587,-1.0022521801597202,-0.4775130935520587,-0.4775130935520587,-0.4775130935520587,-0.4775130935520587,-0.4775130935520587,-0.4775130935520587,-0.4775130935520587,-1.0022521801597202,-1.0022521801597202,-0.4775130935520587,-0.4775130935520587,-0.4775130935520587,-0.4775130935520587,-1.0022521801597202,0.04722599305560278,-0.4775130935520587,-0.4775130935520587,0.04722599305560278,-0.4775130935520587,-0.4775130935520587,-0.4775130935520587,-0.4775130935520587,-0.4775130935520587,-0.4775130935520587,-0.4775130935520587,-0.4775130935520587,-0.4775130935520587,-0.4775130935520587,0.5719650796632643,0.5719650796632643,0.5719650796632643,0.5719650796632643,0.5719650796632643,0.5719650796632643,0.5719650796632643,0.5719650796632643,0.5719650796632643,0.5719650796632643,0.5719650796632643,0.5719650796632643,0.5719650796632643,0.5719650796632643,0.5719650796632643,0.5719650796632643,0.5719650796632643,0.5719650796632643,0.04722599305560278,0.04722599305560278,0.04722599305560278,0.04722599305560278,0.04722599305560278,0.04722599305560278,0.5719650796632643,0.5719650796632643,0.04722599305560278,0.04722599305560278,-0.4775130935520587
1.0,1.0,1.0,1.0,1.0,1.0,1.0,1.0,1.0,1.0,1.0,1.0,1.0,1.0,1.0,1.0,1.0,1.0,1.0,1.0,1.0,1.0,1.0,1.0,1.0,1.0,1.0,-1.0,-1.0,-1.0,-1.0,-1.0,-1.0,-1.0,-1.0,-1.0,-1.0,-1.0,-1.0,-1.0,-1.0,-1.0,-1.0,-1.0,-1.0,-1.0,-1.0,-1.0,-1.0,-1.0,-1.0,-1.0,-1.0,-1.0,-1.0,-1.0,-1.0,-1.0,-1.0,-1.0,-1.0,-1.0,-1.0,-1.0,-1.0,-1.0,-1.0,-1.0,-1.0,-1.0,-1.0,-1.0,-1.0,-1.0,-1.0,-1.0,-1.0,-1.0,-1.0,-1.0,-1.0,-1.0,-1.0,1.0,1.0,1.0,1.0,1.0,1.0,1.0,1.0,1.0,1.0,1.0,1.0,1.0,1.0,1.0,1.0,1.0,1.0,1.0,1.0,1.0,1.0,1.0,1.0,1.0,1.0,1.0,1.0,-1.0,-1.0,-1.0,-1.0,-1.0,-1.0,-1.0,-1.0,-1.0,-1.0,-1.0,-1.0,-1.0,-1.0,1.0,1.0,1.0,1.0,-1.0,-1.0,1.0,1.0,1.0,1.0,1.0,1.0,1.0,1.0,1.0,1.0,1.0,1.0,1.0,1.0,1.0,1.0,1.0,1.0,1.0,1.0,1.0,1.0,1.0,1.0,1.0,1.0,1.0,1.0,1.0,1.0,1.0,1.0,1.0,1.0,1.0,1.0,-1.0,-1.0,-1.0,1.0,1.0,1.0,1.0,1.0,1.0,1.0,1.0,1.0,1.0,1.0,1.0,1.0,1.0,1.0,1.0,1.0,1.0,1.0,1.0,1.0,1.0,1.0,-1.0,-1.0,-1.0,1.0,1.0,1.0,1.0,1.0,1.0,1.0,1.0,1.0,1.0,1.0,1.0,1.0,1.0,1.0,1.0,1.0,1.0,1.0,1.0,1.0,1.0,1.0,1.0,1.0,1.0,1.0,1.0,1.0,1.0,-1.0,-1.0,-1.0,-1.0,-1.0,-1.0,-1.0,-1.0,-1.0,-1.0,-1.0,-1.0,-1.0,-1.0,-1.0,-1.0,1.0,1.0,1.0,1.0,-1.0,-1.0,1.0,1.0,1.0,-1.0,-1.0,1.0,1.0,1.0,-1.0,-1.0,1.0,1.0,1.0,1.0,-1.0,-1.0,-1.0,-1.0,1.0,1.0,-1.0,-1.0,1.0,1.0,1.0,-1.0,-1.0,-1.0,-1.0,1.0,1.0,1.0,-1.0,-1.0,-1.0,-1.0,1.0,1.0,-1.0,-1.0,1.0,1.0,1.0,-1.0,-1.0,-1.0,-1.0,-1.0,-1.0,-1.0,-1.0,-1.0,-1.0,-1.0,-1.0,-1.0,1.0,1.0,1.0,1.0,1.0,1.0,1.0,1.0,-1.0,-1.0,-1.0,-1.0,-1.0,1.0,1.0,1.0,1.0,1.0,1.0,1.0,1.0,1.0,1.0,1.0
-0.0019676354899568213,-1.6410927202294108,-1.7193517912942373,-1.7193517912942373,-1.9010246348375845,-1.9010246348375845,-1.9010246348375845,-1.7920209287115763,-1.676605239872273,-1.676605239872273,-1.9429491371937413,-1.9429491371937413,-1.9429491371937413,-1.9429491371937413,-1.9429491371937413,-1.9429491371937413,-1.9429491371937413,-1.9429491371937413,-1.7920209287115763,0.17004578155657307,0.17004578155657307,0.17004578155657307,0.17004578155657307,0.17004578155657307,0.17004578155657307,0.17004578155657307,0.17004578155657307,-2.446043165467626,-2.446043165467626,-2.446043165467626,-2.446043165467626,-2.446043165467626,-2.446043165467626,-2.446043165467626,-2.446043165467626,-2.446043165467626,-2.446043165467626,-2.446043165467626,-2.446043165467626,-2.446043165467626,-2.446043165467626,-2.446043165467626,-2.446043165467626,-2.446043165467626,-2.446043165467626,-2.446043165467626,-2.446043165467626,-2.446043165467626,-2.446043165467626,-2.446043165467626,-2.446043165467626,-2.446043165467626,-2.446043165467626,-2.446043165467626,-2.446043165467626,-2.446043165467626,-2.446043165467626,-2.446043165467626,-2.446043165467626,-2.446043165467626,-2.446043165467626,-2.446043165467626,-2.446043165467626,-2.446043165467626,-2.446043165467626,-2.446043165467626,-2.446043165467626,-2.446043165467626,-2.446043165467626,-2.446043165467626,-2.446043165467626,-2.446043165467626,-2.446043165467626,-2.446043165467626,-2.446043165467626,-2.446043165467626,-2.446043165467626,-2.446043165467626,-2.446043165467626,-2.446043165467626,-2.446043165467626,-2.446043165467626,-2.446043165467626,0.17004578155657307,0.17004578155657307,-0.8109875735775016,-0.8109875735775016,-0.13772938868156795,0.17004578155657307,0.17004578155657307,0.17004578155657307,0.17004578155657307,0.17004578155657307,0.17004578155657307,-2.2124637951976083,-2.2124637951976083,-2.2124637951976083,-2.2124637951976083,-2.2124637951976083,-2.2124637951976083,-2.2124637951976083,-2.2124637951976083,-2.2124637951976083,-2.2124637951976083,-2.2124637951976083,-2.2124637951976083,-2.2124637951976083,-2.2124637951976083,-2.2124637951976083,-2.2124637951976083,-2.2124637951976083,-2.446043165467626,-2.446043165467626,-2.446043165467626,-2.446043165467626,-2.446043165467626,-2.446043165467626,-2.446043165467626,-2.446043165467626,-2.446043165467626,-2.446043165467626,-2.446043165467626,-2.446043165467626,-2.446043165467626,-2.446043165467626,-0.6147809025506865,0.2790494876825813,0.2790494876825813,-2.1018209355960207,-2.446043165467626,-2.446043165467626,-1.7920209287115763,-1.7920209287115763,-0.9926604171208488,-0.9926604171208488,-0.9926604171208488,-0.6147809025506865,0.24177116394251785,0.2590749865600142,0.2590749865600142,0.2590749865600142,0.24177116394251785,0.24177116394251785,0.24177116394251785,0.24177116394251785,0.8240680183126226,0.8240680183126226,0.24177116394251785,0.24177116394251785,0.030351711569843853,0.030351711569843853,0.030351711569843853,0.030351711569843853,0.030351711569843853,0.24177116394251785,0.24177116394251785,0.24177116394251785,0.24177116394251785,0.24177116394251785,0.24177116394251785,0.24177116394251785,0.24177116394251785,0.24177116394251785,0.24177116394251785,0.24177116394251785,0.24177116394251785,0.24177116394251785,-2.446043165467626,-2.446043165467626,-2.446043165467626,-1.7193517912942373,0.24177116394251785,0.24177116394251785,0.24177116394251785,0.24177116394251785,0.24177116394251785,0.24177116394251785,0.24177116394251785,0.24177116394251785,0.24177116394251785,0.24177116394251785,0.24177116394251785,0.24177116394251785,0.24177116394251785,0.24177116394251785,0.24177116394251785,-0.577408203307484,-0.577408203307484,0.24177116394251785,0.24177116394251785,0.24177116394251785,0.24177116394251785,0.24177116394251785,-2.446043165467626,-2.446043165467626,-2.446043165467626,0.13040807023802434,0.24177116394251785,0.17004578155657307,0.17004578155657307,0.17004578155657307,-0.11024946276744832,-0.11024946276744832,0.24177116394251785,0.24177116394251785,0.28594845642473365,0.28594845642473365,0.28594845642473365,0.24177116394251785,0.24177116394251785,-0.9926604171208488,-0.9926604171208488,-0.9926604171208488,-0.9926604171208488,-0.7504299590630527,-0.7504299590630527,-0.7504299590630527,-0.577408203307484,-0.577408203307484,-0.577408203307484,-0.577408203307484,-0.577408203307484,-0.577408203307484,-0.577408203307484,-0.7504299590630527,-1.922825376062786,-2.446043165467626,-2.446043165467626,-2.446043165467626,-2.446043165467626,-2.446043165467626,-2.446043165467626,-2.446043165467626,-2.446043165467626,-2.446043165467626,-2.446043165467626,-2.446043165467626,-2.446043165467626,-2.446043165467626,-2.446043165467626,-2.446043165467626,-2.446043165467626,-2.1487603305785123,-0.6718339061825975,-0.33986986066000835,-0.3650633212438314,-2.446043165467626,-2.446043165467626,-0.32488996517773483,-1.0153695225637671,-1.2002865240275313,-2.446043165467626,-2.446043165467626,-0.9250612195233242,-0.4839764551994768,-0.2659690429474603,-2.446043165467626,-2.446043165467626,-0.6147809025506865,-2.0100283409635926,-2.0100283409635926,-0.023738584889664155,-2.446043165467626,-2.446043165467626,-2.446043165467626,-2.446043165467626,-1.0445669438475194,-0.15696533682145206,-2.446043165467626,-2.446043165467626,0.09737664413923411,-0.9926604171208488,-0.9926604171208488,-2.446043165467626,-2.446043165467626,-2.446043165467626,-2.446043165467626,-1.2002865240275313,-0.4022236756049705,-0.4022236756049705,-2.446043165467626,-2.446043165467626,-2.446043165467626,-2.446043165467626,-0.7249320161096005,-1.6285153695225636,-2.446043165467626,-2.446043165467626,-1.5117256843875548,-0.7055001160362033,-0.7582438448068525,-2.446043165467626,-2.446043165467626,-2.446043165467626,-2.446043165467626,-2.446043165467626,-2.446043165467626,-2.446043165467626,-2.446043165467626,-2.446043165467626,-2.446043165467626,-2.446043165467626,-2.446043165467626,-2.446043165467626,-2.0100283409635926,-2.0100283409635926,-2.0100283409635926,-2.0100283409635926,-2.0100283409635926,-2.0100283409635926,-2.0100283409635926,-2.0100283409635926,-2.446043165467626,-2.446043165467626,-2.446043165467626,-2.446043165467626,-2.446043165467626,-1.7193517912942373,-1.7193517912942373,-1.7193517912942373,-1.7193517912942373,-1.7193517912942373,-1.7193517912942373,-1.8514774956893987,-1.8514774956893987,-1.1379986919555263,-1.1379986919555263,-0.0019676354899568213
1.0,1.0,-1.0,-1.0,-1.0,-1.0,-1.0,-1.0,-1.0,-1.0,-1.0,-1.0,-1.0,-1.0,-1.0,-1.0,-1.0,-1.0,-1.0,-1.0,-1.0,-1.0,-1.0,-1.0,-1.0,-1.0,-1.0,-1.0,-1.0,-1.0,-1.0,-1.0,-1.0,-1.0,-1.0,-1.0,-1.0,-1.0,-1.0,-1.0,-1.0,-1.0,-1.0,-1.0,-1.0,-1.0,-1.0,-1.0,-1.0,-1.0,-1.0,-1.0,-1.0,-1.0,-1.0,-1.0,-1.0,-1.0,-1.0,-1.0,-1.0,-1.0,1.0,1.0,1.0,1.0,1.0,1.0,1.0,1.0,1.0,1.0,1.0,1.0,1.0,1.0,1.0,1.0,1.0,1.0,1.0,1.0,1.0,-1.0,-1.0,-1.0,-1.0,-1.0,-1.0,-1.0,-1.0,-1.0,-1.0,-1.0,-1.0,-1.0,-1.0,-1.0,-1.0,-1.0,-1.0,-1.0,-1.0,-1.0,-1.0,-1.0,-1.0,-1.0,-1.0,-1.0,-1.0,-1.0,-1.0,-1.0,-1.0,-1.0,1.0,1.0,1.0,1.0,1.0,1.0,1.0,1.0,1.0,1.0,-1.0,-1.0,1.0,-1.0,-1.0,-1.0,-1.0,-1.0,-1.0,-1.0,1.0,1.0,1.0,1.0,1.0,1.0,1.0,1.0,1.0,1.0,1.0,1.0,1.0,1.0,1.0,1.0,1.0,1.0,1.0,1.0,1.0,1.0,1.0,1.0,1.0,1.0,1.0,1.0,1.0,1.0,1.0,-1.0,-1.0,-1.0,-1.0,1.0,1.0,1.0,1.0,1.0,1.0,1.0,1.0,1.0,1.0,1.0,1.0,1.0,1.0,1.0,-1.0,-1.0,1.0,1.0,1.0,1.0,1.0,-1.0,-1.0,-1.0,-1.0,1.0,-1.0,-1.0,-1.0,-1.0,-1.0,1.0,1.0,-1.0,-1.0,-1.0,1.0,1.0,1.0,1.0,1.0,1.0,-1.0,-1.0,-1.0,-1.0,-1.0,-1.0,-1.0,-1.0,-1.0,-1.0,-1.0,-1.0,-1.0,-1.0,-1.0,-1.0,-1.0,-1.0,-1.0,-1.0,-1.0,-1.0,-1.0,-1.0,-1.0,-1.0,-1.0,-1.0,-1.0,1.0,-1.0,-1.0,-1.0,-1.0,-1.0,-1.0,-1.0,-1.0,-1.0,-1.0,-1.0,-1.0,-1.0,-1.0,-1.0,1.0,1.0,-1.0,-1.0,-1.0,-1.0,-1.0,1.0,-1.0,-1.0,-1.0,-1.0,-1.0,-1.0,-1.0,-1.0,-1.0,-1.0,-1.0,1.0,1.0,-1.0,-1.0,-1.0,-1.0,1.0,-1.0,-1.0,-1.0,-1.0,1.0,1.0,1.0,1.0,1.0,1.0,1.0,1.0,1.0,1.0,-1.0,-1.0,-1.0,-1.0,-1.0,-1.0,-1.0,-1.0,-1.0,-1.0,-1.0,-1.0,-1.0,-1.0,-1.0,-1.0,-1.0,-1.0,-1.0,-1.0,-1.0,-1.0,-1.0,-1.0,-1.0,-1.0,-1.0,-1.0,1.0
1.0,-1.0,-1.0,-1.0,-1.0,-1.0,-1.0,-1.0,-1.0,-1.0,-1.0,-1.0,-1.0,-1.0,-1.0,-1.0,-1.0,-1.0,-1.0,-1.0,-1.0,-1.0,-1.0,-1.0,-1.0,-1.0,-1.0,-1.0,-1.0,-1.0,-1.0,-1.0,-1.0,-1.0,-1.0,-1.0,-1.0,-1.0,-1.0,-1.0,-1.0,-1.0,-1.0,-1.0,-1.0,-1.0,-1.0,-1.0,-1.0,-1.0,-1.0,-1.0,-1.0,-1.0,-1.0,-1.0,-1.0,-1.0,-1.0,-1.0,-1.0,-1.0,-1.0,-1.0,-1.0,-1.0,-1.0,-1.0,-1.0,-1.0,-1.0,-1.0,-1.0,-1.0,-1.0,-1.0,-1.0,-1.0,-1.0,-1.0,-1.0,-1.0,-1.0,-1.0,-1.0,-1.0,-1.0,-1.0,-1.0,-1.0,-1.0,-1.0,-1.0,-1.0,-1.0,-1.0,-1.0,-1.0,-1.0,-1.0,-1.0,-1.0,-1.0,-1.0,-1.0,-1.0,-1.0,-1.0,-1.0,-1.0,-1.0,-1.0,-1.0,-1.0,-1.0,-1.0,-1.0,-1.0,-1.0,-1.0,-1.0,-1.0,-1.0,-1.0,-1.0,-1.0,-1.0,-1.0,-1.0,-1.0,-1.0,-1.0,-1.0,-1.0,-1.0,-1.0,-1.0,-1.0,-1.0,-1.0,-1.0,-1.0,-1.0,-1.0,-1.0,-1.0,-1.0,-1.0,-1.0,-1.0,-1.0,-1.0,-1.0,-1.0,-1.0,-1.0,-1.0,-1.0,-1.0,-1.0,-1.0,-1.0,-1.0,-1.0,-1.0,-1.0,-1.0,-1.0,-1.0,-1.0,-1.0,-1.0,-1.0,-1.0,-1.0,-1.0,-1.0,-1.0,-1.0,-1.0,-1.0,-1.0,-1.0,-1.0,-1.0,-1.0,-1.0,-1.0,-1.0,-1.0,-1.0,-1.0,-1.0,-1.0,-1.0,-1.0,-1.0,-1.0,-1.0,-1.0,-1.0,-1.0,-1.0,-1.0,-1.0,-1.0,-1.0,-1.0,-1.0,-1.0,-1.0,-1.0,-1.0,-1.0,-1.0,-1.0,-1.0,-1.0,-1.0,-1.0,-1.0,-1.0,-1.0,-1.0,-1.0,1.0,1.0,-1.0,-1.0,-1.0,-1.0,-1.0,-1.0,-1.0,-1.0,-1.0,-1.0,-1.0,-1.0,-1.0,-1.0,-1.0,1.0,-1.0,-1.0,-1.0,-1.0,-1.0,-1.0,-1.0,-1.0,-1.0,-1.0,-1.0,-1.0,-1.0,-1.0,-1.0,-1.0,-1.0,-1.0,-1.0,-1.0,-1.0,-1.0,-1.0,-1.0,-1.0,-1.0,-1.0,-1.0,-1.0,-1.0,-1.0,-1.0,-1.0,-1.0,-1.0,-1.0,-1.0,-1.0,-1.0,-1.0,-1.0,-1.0,-1.0,-1.0,-1.0,-1.0,-1.0,1.0,-1.0,-1.0,-1.0,-1.0,-1.0,-1.0,-1.0,-1.0,-1.0,-1.0,-1.0,-1.0,-1.0,-1.0,-1.0,-1.0,-1.0,-1.0,-1.0,-1.0,-1.0,-1.0,-1.0,-1.0,-1.0,-1.0,-1.0,-1.0,-1.0,-1.0,-1.0,-1.0,-1.0,-1.0,-1.0,-1.0,1.0
1.8691588785046729,0.5209203029749827,-0.8827692223489199,-0.8827692223489199,-0.7010235185372593,-0.7010235185372593,-0.7010235185372593,-0.4846520419346229,-0.543793501424543,-0.543793501424543,-0.6115196812013348,-0.6115196812013348,-0.6115196812013348,-0.6115196812013348,-0.6115196812013348,-0.6115196812013348,-0.6115196812013348,-0.6115196812013348,-0.4846520419346229,-1.1559062969083356,-1.1559062969083356,-1.3385541047060048,-1.3385541047060048,-1.3385541047060048,-1.3385541047060048,-1.214393746886843,-1.214393746886843,-1.116393498764381,-1.116393498764381,-1.18423555943938,-1.18423555943938,-1.18423555943938,-1.18423555943938,-1.18423555943938,-1.6355140186915886,-1.6355140186915886,-0.685701171423712,-0.7062446870410563,-0.7062446870410563,-0.7062446870410563,-0.7062446870410563,-0.7062446870410563,-0.7062446870410563,-0.7062446870410563,-0.7062446870410563,-0.7062446870410563,-0.7062446870410563,-0.8676940530880688,-0.922732854796659,-0.922732854796659,-0.922732854796659,-0.922732854796659,-0.922732854796659,-0.8983469888291029,-0.9397270810447315,-0.9397270810447315,-0.9397270810447315,-0.9397270810447315,-0.9397270810447315,-0.9397270810447315,-0.9397270810447315,-0.9397270810447315,-0.8751708481097702,-0.9311527171810882,-0.9311527171810882,-0.9311527171810882,-0.9311527171810882,-0.9311527171810882,-0.9311527171810882,-0.9311527171810882,-0.9311527171810882,-0.695860043683715,-0.7445237162316573,-0.7445237162316573,-0.7445237162316573,-0.7445237162316573,-0.7445237162316573,-0.7445237162316573,-0.7445237162316573,-0.7445237162316573,-0.7445237162316573,-0.7445237162316573,-0.7445237162316573,-0.9756901843793709,-0.9756901843793709,-1.2466334064601852,-1.2466334064601852,-0.6660229072414099,-1.3385541047060048,-1.3385541047060048,-1.3385541047060048,-1.3385541047060048,-1.214393746886843,-1.214393746886843,-0.3618006197601861,-0.3618006197601861,-0.3618006197601861,-0.3618006197601861,-0.3618006197601861,-0.3618006197601861,-0.3618006197601861,-0.3618006197601861,-0.3618006197601861,-0.3618006197601861,-0.3618006197601861,-0.3618006197601861,-0.3618006197601861,-0.3618006197601861,-0.3618006197601861,-0.3618006197601861,-0.3618006197601861,-0.9397270810447315,-0.9397270810447315,-0.9397270810447315,-0.9397270810447315,-0.9397270810447315,-0.9311527171810882,-0.9311527171810882,-0.9311527171810882,-0.9311527171810882,-0.9311527171810882,-0.9311527171810882,-0.9311527171810882,-0.9311527171810882,-0.8983469888291029,-4.969336697745017E-4,-0.3050899389170708,-0.3050899389170708,-0.7619402558565319,-1.3385541047060048,-1.3385541047060048,-1.0684242678951832,-1.0684242678951832,-0.9947658827533218,-0.9947658827533218,-0.9947658827533218,-4.969336697745017E-4,1.8089342558427097,0.4456468275095967,0.4456468275095967,0.4456468275095967,1.8089342558427097,1.8089342558427097,1.8089342558427097,1.8089342558427097,-0.6708653310897962,-0.6708653310897962,1.8089342558427097,1.8089342558427097,0.15986982183231385,0.15986982183231385,0.15986982183231385,0.15986982183231385,0.15986982183231385,1.8089342558427097,1.8089342558427097,1.8089342558427097,1.8089342558427097,1.8089342558427097,1.8089342558427097,1.8089342558427097,1.8089342558427097,1.8089342558427097,1.8089342558427097,1.8089342558427097,1.8089342558427097,1.8089342558427097,-1.3186664344168477,-1.3186664344168477,-1.3186664344168477,-0.8827692223489199,1.8089342558427097,1.8089342558427097,1.8089342558427097,1.8089342558427097,1.8089342558427097,1.8089342558427097,1.8089342558427097,1.8089342558427097,1.8089342558427097,1.8089342558427097,1.8089342558427097,1.8089342558427097,1.8089342558427097,1.8089342558427097,1.8089342558427097,-0.7800311493989107,-0.7800311493989107,1.8089342558427097,1.8089342558427097,1.8089342558427097,1.8089342558427097,1.8089342558427097,-1.3186664344168477,-1.3186664344168477,-1.3186664344168477,-0.311813648006837,1.8089342558427097,0.50899212851753,0.50899212851753,0.50899212851753,-0.685701171423712,-0.685701171423712,1.8089342558427097,1.8089342558427097,0.573674064826474,0.573674064826474,0.573674064826474,1.8089342558427097,1.8089342558427097,-0.3006606193121438,-0.3006606193121438,-0.3006606193121438,-0.3006606193121438,-0.4469976089162398,-0.4469976089162398,-0.4469976089162398,-0.574446437165577,-0.574446437165577,-0.574446437165577,-0.574446437165577,-0.574446437165577,-0.574446437165577,-0.574446437165577,-0.4469976089162398,-0.4469976089162398,-1.1423607189301805,-1.2636276327082574,-1.2636276327082574,-1.2636276327082574,-1.6355140186915886,-1.6355140186915886,-1.6355140186915886,-1.6355140186915886,-1.6355140186915886,-1.6355140186915886,-1.1559062969083356,-1.2636276327082574,-1.2636276327082574,-1.2636276327082574,-1.1698562796885605,-1.1698562796885605,-0.5081051935812839,0.759167750541775,-0.10245630103162194,-0.22736974478271846,-1.3810642814376528,-1.3810642814376528,-0.003988529388793594,-0.3618006197601861,-0.5291895091329055,-1.3810642814376528,-1.3810642814376528,-0.23881414665575385,-0.2749317514696077,-0.41495897740348425,-1.3810642814376528,-1.3810642814376528,-0.16733314442144212,-0.6115196812013348,-0.6115196812013348,-0.4879312814947379,-1.3810642814376528,-1.3810642814376528,-1.3810642814376528,-1.3810642814376528,-0.07446651524607563,-0.6612301501539382,-1.3810642814376528,-1.3810642814376528,-0.39028692807312404,-0.6807033727710262,-0.6807033727710262,-1.3810642814376528,-1.3810642814376528,-1.3810642814376528,-1.3810642814376528,-0.28976759180352346,-0.7988507284353313,-0.7988507284353313,-1.3810642814376528,-1.3810642814376528,-1.3810642814376528,-1.3810642814376528,-0.3823441353775303,-0.6757584618689061,-1.3810642814376528,-1.3810642814376528,-0.40658938554996565,0.7550425570260901,0.7957979824669328,-0.9311527171810882,-0.9311527171810882,-0.9311527171810882,-0.9311527171810882,-0.9311527171810882,-0.9311527171810882,-0.9311527171810882,-0.9311527171810882,-1.18423555943938,-1.18423555943938,-1.18423555943938,-1.18423555943938,-1.18423555943938,-0.63346219666291,-0.63346219666291,-0.63346219666291,-0.63346219666291,-0.63346219666291,-0.63346219666291,-0.63346219666291,-0.63346219666291,-0.8827692223489199,-0.8827692223489199,-0.8827692223489199,-0.8827692223489199,-0.8827692223489199,-0.9664366202222776,-0.9664366202222776,-0.9664366202222776,-0.9664366202222776,-0.8827692223489199,-0.8827692223489199,-0.7560623202458499,-0.7560623202458499,-0.6660229072414099,-0.6660229072414099,1.8691588785046729
-0.6444635200323963,-1.0917363902447395,-1.0917363902447395,-1.0917363902447395,-1.0917363902447395,-1.0917363902447395,-1.0917363902447395,0.0,0.0,0.0,0.0,0.0,0.0,0.0,0.0,0.0,0.0,0.0,0.0,0.0,0.0,0.0,0.0,0.0,0.0,0.0,0.0,-0.4495729319754428,-0.4495729319754428,0.0,0.0,0.0,0.0,0.0,0.0,0.0,0.0,0.0,0.0,0.0,0.0,0.0,0.0,0.0,0.0,0.0,0.0,0.0,0.0,0.0,0.0,0.0,0.0,0.0,0.0,0.0,0.0,0.0,0.0,0.0,0.0,0.0,0.0,0.0,0.0,0.0,0.0,0.0,0.0,0.0,0.0,0.0,0.0,0.0,0.0,0.0,0.0,0.0,0.0,0.0,0.0,0.0,0.0,-0.9465340976736566,-0.9465340976736566,0.0,0.0,0.0,0.0,0.0,0.0,0.0,0.0,0.0,0.0,0.0,0.0,0.0,0.0,0.0,0.0,0.0,0.0,0.0,0.0,0.0,0.0,0.0,0.0,0.0,0.0,0.0,0.0,0.0,0.0,0.0,0.0,0.0,0.0,0.0,0.0,0.0,0.0,0.0,0.0,-1.0917363902447395,-1.0270601911916037,-1.0270601911916037,-0.5574843988968935,0.33509368503733256,0.33509368503733256,-0.6189992528449889,-0.6189992528449889,0.0,0.0,0.0,-1.0917363902447395,-0.45691970119792014,-0.589316774704056,-0.589316774704056,-0.589316774704056,-0.45691970119792014,-0.45691970119792014,-0.45691970119792014,-0.45691970119792014,-0.8791591297003644,-0.8791591297003644,-0.45691970119792014,-0.45691970119792014,-0.6016562821627012,-0.6016562821627012,-0.6016562821627012,-0.6016562821627012,-0.6016562821627012,-0.45691970119792014,-0.45691970119792014,-0.45691970119792014,-0.45691970119792014,-0.45691970119792014,-0.45691970119792014,-0.45691970119792014,-0.45691970119792014,-0.45691970119792014,-0.45691970119792014,-0.45691970119792014,-0.45691970119792014,-0.45691970119792014,0.0,0.0,0.0,0.0,-0.45691970119792014,-0.45691970119792014,-0.45691970119792014,-0.45691970119792014,-0.45691970119792014,-0.45691970119792014,-0.45691970119792014,-0.45691970119792014,-0.45691970119792014,-0.45691970119792014,-0.45691970119792014,-0.45691970119792014,-0.45691970119792014,-0.45691970119792014,-0.45691970119792014,0.1756151971187281,0.1756151971187281,-0.45691970119792014,-0.45691970119792014,-0.45691970119792014,-0.45691970119792014,-0.45691970119792014,0.0,0.0,0.0,-1.0917363902447395,-0.45691970119792014,-0.37029273902891835,-0.37029273902891835,-0.37029273902891835,-0.8267592517111287,-0.8267592517111287,-0.45691970119792014,-0.45691970119792014,-0.598747986214873,-0.598747986214873,-0.598747986214873,-0.45691970119792014,-0.45691970119792014,0.46959447651619,0.46959447651619,0.46959447651619,0.46959447651619,0.0,0.0,0.0,0.0,0.0,0.0,0.0,0.0,0.0,0.0,0.0,-1.0917363902447395,0.0,0.0,0.0,0.0,0.0,0.0,0.0,0.0,0.0,0.0,0.0,0.0,0.0,0.0,-0.2607435071273028,-0.2607435071273028,-1.0917363902447395,-1.0917363902447395,-0.598747986214873,-0.6323633543914002,0.4852387407876861,0.4852387407876861,-0.5782451446245359,-1.0917363902447395,-1.0917363902447395,0.4852387407876861,0.4852387407876861,-1.0917363902447395,-1.0917363902447395,-1.0917363902447395,0.4852387407876861,0.4852387407876861,-1.0917363902447395,0.0,0.0,-1.0917363902447395,0.4852387407876861,0.4852387407876861,0.4852387407876861,0.4852387407876861,-1.0917363902447395,-0.2439874492648732,0.4852387407876861,0.4852387407876861,-0.3578572530666546,-0.8444113720980554,-0.8444113720980554,0.4852387407876861,0.4852387407876861,0.4852387407876861,0.4852387407876861,-0.4119754628335189,-1.0917363902447395,-1.0917363902447395,0.4852387407876861,0.4852387407876861,0.4852387407876861,0.4852387407876861,-0.7541999839116611,-0.8618766940553412,0.4852387407876861,0.4852387407876861,-1.0917363902447395,-1.0917363902447395,-1.0917363902447395,0.0,0.0,0.0,0.0,0.0,0.0,0.0,0.0,0.0,0.0,0.0,0.0,0.0,0.0,0.0,0.0,0.0,0.0,0.0,0.0,0.0,0.0,0.0,0.0,0.0,0.0,0.0,0.0,0.0,0.0,-1.0917363902447395,-1.0917363902447395,-1.0917363902447395,-1.0917363902447395,-0.8962624695258486,-0.8962624695258486,-0.6444635200323963
1.969566382794139,1.969566382794139,-0.5077224524862195,-0.5077224524862195,-0.5077224524862195,-0.5077224524862195,-0.5077224524862195,-0.5077224524862195,-0.5077224524862195,-0.5077224524862195,-0.5077224524862195,-0.5077224524862195,-0.5077224524862195,-0.5077224524862195,-0.5077224524862195,-0.5077224524862195,-0.5077224524862195,-0.5077224524862195,-0.5077224524862195,-0.5077224524862195,-0.5077224524862195,-0.5077224524862195,-0.5077224524862195,-0.5077224524862195,-0.5077224524862195,-0.5077224524862195,-0.5077224524862195,-0.5077224524862195,-0.5077224524862195,-0.5077224524862195,-0.5077224524862195,-0.5077224524862195,-0.5077224524862195,-0.5077224524862195,-0.5077224524862195,-0.5077224524862195,-0.5077224524862195,-0.5077224524862195,-0.5077224524862195,-0.5077224524862195,-0.5077224524862195,-0.5077224524862195,-0.5077224524862195,-0.5077224524862195,-0.5077224524862195,-0.5077224524862195,-0.5077224524862195,-0.5077224524862195,-0.5077224524862195,-0.5077224524862195,-0.5077224524862195,-0.5077224524862195,-0.5077224524862195,1.969566382794139,1.969566382794139,1.969566382794139,1.969566382794139,1.969566382794139,1.969566382794139,1.969566382794139,1.969566382794139,1.969566382794139,-0.5077224524862195,-0.5077224524862195,-0.5077224524862195,-0.5077224524862195,-0.5077224524862195,-0.5077224524862195,-0.5077224524862195,-0.5077224524862195,-0.5077224524862195,-0.5077224524862195,-0.5077224524862195,-0.5077224524862195,-0.5077224524862195,-0.5077224524862195,-0.5077224524862195,-0.5077224524862195,-0.5077224524862195,-0.5077224524862195,-0.5077224524862195,-0.5077224524862195,-0.5077224524862195,-0.5077224524862195,-0.5077224524862195,-0.5077224524862195,-0.5077224524862195,-0.5077224524862195,-0.5077224524862195,-0.5077224524862195,-0.5077224524862195,-0.5077224524862195,-0.5077224524862195,-0.5077224524862195,-0.5077224524862195,-0.5077224524862195,-0.5077224524862195,-0.5077224524862195,-0.5077224524862195,-0.5077224524862195,-0.5077224524862195,-0.5077224524862195,-0.5077224524862195,-0.5077224524862195,-0.5077224524862195,-0.5077224524862195,-0.5077224524862195,-0.5077224524862195,-0.5077224524862195,-0.5077224524862195,-0.5077224524862195,-0.5077224524862195,-0.5077224524862195,-0.5077224524862195,-0.5077224524862195,-0.5077224524862195,-0.5077224524862195,-0.5077224524862195,-0.5077224524862195,-0.5077224524862195,-0.5077224524862195,-0.5077224524862195,-0.5077224524862195,-0.5077224524862195,-0.5077224524862195,1.969566382794139,-0.5077224524862195,-0.5077224524862195,1.969566382794139,1.969566382794139,1.969566382794139,1.969566382794139,1.969566382794139,-0.5077224524862195,-0.5077224524862195,-0.5077224524862195,1.969566382794139,1.969566382794139,1.969566382794139,1.969566382794139,1.969566382794139,1.969566382794139,1.969566382794139,1.969566382794139,1.969566382794139,-0.5077224524862195,-0.5077224524862195,1.969566382794139,1.969566382794139,-0.5077224524862195,-0.5077224524862195,-0.5077224524862195,-0.5077224524862195,-0.5077224524862195,1.969566382794139,1.969566382794139,1.969566382794139,1.969566382794139,1.969566382794139,1.969566382794139,1.969566382794139,1.969566382794139,1.969566382794139,1.969566382794139,1.969566382794139,1.969566382794139,1.969566382794139,-0.5077224524862195,-0.5077224524862195,-0.5077224524862195,-0.5077224524862195,1.969566382794139,1.969566382794139,1.969566382794139,1.969566382794139,1.969566382794139,1.969566382794139,1.969566382794139,1.969566382794139,1.969566382794139,1.969566382794139,1.969566382794139,1.969566382794139,1.969566382794139,1.969566382794139,1.969566382794139,-0.5077224524862195,-0.5077224524862195,1.969566382794139,1.969566382794139,1.969566382794139,1.969566382794139,1.969566382794139,-0.5077224524862195,-0.5077224524862195,-0.5077224524862195,-0.5077224524862195,1.969566382794139,-0.5077224524862195,-0.5077224524862195,-0.5077224524862195,-0.5077224524862195,-0.5077224524862195,1.969566382794139,1.969566382794139,-0.5077224524862195,-0.5077224524862195,-0.5077224524862195,1.969566382794139,1.969566382794139,1.969566382794139,1.969566382794139,1.969566382794139,1.969566382794139,-0.5077224524862195,-0.5077224524862195,-0.5077224524862195,-0.5077224524862195,-0.5077224524862195,-0.5077224524862195,-0.5077224524862195,-0.5077224524862195,-0.5077224524862195,-0.5077224524862195,-0.5077224524862195,1.969566382794139,-0.5077224524862195,-0.5077224524862195,-0.5077224524862195,-0.5077224524862195,1.969566382794139,1.969566382794139,1.969566382794139,1.969566382794139,1.969566382794139,1.969566382794139,-0.5077224524862195,-0.5077224524862195,-0.5077224524862195,-0.5077224524862195,-0.5077224524862195,-0.5077224524862195,1.969566382794139,1.969566382794139,1.969566382794139,1.969566382794139,1.969566382794139,1.969566382794139,1.969566382794139,1.969566382794139,1.969566382794139,1.969566382794139,1.969566382794139,1.969566382794139,1.969566382794139,1.969566382794139,1.969566382794139,1.969566382794139,1.969566382794139,-0.5077224524862195,-0.5077224524862195,1.969566382794139,1.969566382794139,1.969566382794139,1.969566382794139,1.969566382794139,1.969566382794139,1.969566382794139,1.969566382794139,1.969566382794139,1.969566382794139,-0.5077224524862195,-0.5077224524862195,1.969566382794139,1.969566382794139,1.969566382794139,1.969566382794139,1.969566382794139,-0.5077224524862195,-0.5077224524862195,1.969566382794139,1.969566382794139,1.969566382794139,1.969566382794139,1.969566382794139,1.969566382794139,1.969566382794139,1.969566382794139,1.969566382794139,1.969566382794139,1.969566382794139,-0.5077224524862195,-0.5077224524862195,-0.5077224524862195,-0.5077224524862195,-0.5077224524862195,-0.5077224524862195,-0.5077224524862195,-0.5077224524862195,-0.5077224524862195,-0.5077224524862195,-0.5077224524862195,-0.5077224524862195,-0.5077224524862195,-0.5077224524862195,-0.5077224524862195,-0.5077224524862195,-0.5077224524862195,-0.5077224524862195,-0.5077224524862195,-0.5077224524862195,-0.5077224524862195,-0.5077224524862195,-0.5077224524862195,-0.5077224524862195,-0.5077224524862195,-0.5077224524862195,-0.5077224524862195,-0.5077224524862195,-0.5077224524862195,-0.5077224524862195,-0.5077224524862195,-0.5077224524862195,-0.5077224524862195,-0.5077224524862195,1.969566382794139,1.969566382794139,1.969566382794139
-0.8472721013218188,-0.8673422560260492,-0.8700053950135924,-0.8700053950135924,-0.8700053950135924,-0.8700053950135924,-0.8700053950135924,-0.8700053950135924,-0.8700053950135924,-0.8700053950135924,-0.8700053950135924,-0.8700053950135924,-0.8700053950135924,-0.8700053950135924,-0.8700053950135924,-0.8700053950135924,-0.8700053950135924,-0.8700053950135924,-0.8700053950135924,-0.8700053950135924,-0.8700053950135924,-0.8700053950135924,-0.8700053950135924,-0.8700053950135924,-0.8700053950135924,-0.8700053950135924,-0.8700053950135924,-0.8700053950135924,-0.8700053950135924,-0.8700053950135924,-0.8700053950135924,-0.8700053950135924,-0.8700053950135924,-0.8700053950135924,-0.8700053950135924,-0.8700053950135924,-0.8700053950135924,-0.8700053950135924,-0.8700053950135924,-0.8700053950135924,-0.8700053950135924,-0.8700053950135924,-0.8700053950135924,-0.8700053950135924,-0.8700053950135924,-0.8700053950135924,-0.8700053950135924,-0.8700053950135924,-0.8700053950135924,-0.8700053950135924,-0.8700053950135924,-0.8700053950135924,-0.8700053950135924,-0.8144857178156554,-0.8093450069639946,-0.8093450069639946,-0.8093450069639946,-0.8093450069639946,-0.8093450069639946,-0.8093450069639946,-0.8093450069639946,-0.8093450069639946,-0.8700053950135924,-0.8700053950135924,-0.8700053950135924,-0.8700053950135924,-0.8700053950135924,-0.8700053950135924,-0.8700053950135924,-0.8700053950135924,-0.8700053950135924,-0.8700053950135924,-0.8700053950135924,-0.8700053950135924,-0.8700053950135924,-0.8700053950135924,-0.8700053950135924,-0.8700053950135924,-0.8700053950135924,-0.8700053950135924,-0.8700053950135924,-0.8700053950135924,-0.8700053950135924,-0.8700053950135924,-0.8700053950135924,-0.8700053950135924,-0.8700053950135924,-0.8700053950135924,-0.8700053950135924,-0.8700053950135924,-0.8700053950135924,-0.8700053950135924,-0.8700053950135924,-0.8700053950135924,-0.8700053950135924,-0.8700053950135924,-0.8700053950135924,-0.8700053950135924,-0.8700053950135924,-0.8700053950135924,-0.8700053950135924,-0.8700053950135924,-0.8700053950135924,-0.8700053950135924,-0.8700053950135924,-0.8700053950135924,-0.8700053950135924,-0.8700053950135924,-0.8700053950135924,-0.8700053950135924,-0.8700053950135924,-0.8700053950135924,-0.8700053950135924,-0.8700053950135924,-0.8700053950135924,-0.8700053950135924,-0.8700053950135924,-0.8700053950135924,-0.8700053950135924,-0.8700053950135924,-0.8700053950135924,-0.8700053950135924,-0.8700053950135924,-0.8700053950135924,-0.8700053950135924,-0.7155697668773955,-0.8700053950135924,-0.8700053950135924,-0.08218820338210674,0.4117749785561704,0.4117749785561704,-0.0710636987505967,-0.0710636987505967,-0.8700053950135924,-0.8700053950135924,-0.8700053950135924,-0.7155697668773955,-0.8601934683818029,-0.8387192349880118,-0.8387192349880118,-0.8387192349880118,-0.8601934683818029,-0.8601934683818029,-0.8601934683818029,-0.8601934683818029,-0.8700053950135924,-0.8700053950135924,-0.8601934683818029,-0.8601934683818029,-0.8700053950135924,-0.8700053950135924,-0.8700053950135924,-0.8700053950135924,-0.8700053950135924,-0.8601934683818029,-0.8601934683818029,-0.8601934683818029,-0.8601934683818029,-0.8601934683818029,-0.8601934683818029,-0.8601934683818029,-0.8601934683818029,-0.8601934683818029,-0.8601934683818029,-0.8601934683818029,-0.8601934683818029,-0.8601934683818029,-0.8700053950135924,-0.8700053950135924,-0.8700053950135924,-0.8700053950135924,-0.8601934683818029,-0.8601934683818029,-0.8601934683818029,-0.8601934683818029,-0.8601934683818029,-0.8601934683818029,-0.8601934683818029,-0.8601934683818029,-0.8601934683818029,-0.8601934683818029,-0.8601934683818029,-0.8601934683818029,-0.8601934683818029,-0.8601934683818029,-0.8601934683818029,-0.8700053950135924,-0.8700053950135924,-0.8601934683818029,-0.8601934683818029,-0.8601934683818029,-0.8601934683818029,-0.8601934683818029,-0.8700053950135924,-0.8700053950135924,-0.8700053950135924,-0.8700053950135924,-0.8601934683818029,-0.8700053950135924,-0.8700053950135924,-0.8700053950135924,-0.8700053950135924,-0.8700053950135924,-0.8601934683818029,-0.8601934683818029,-0.8700053950135924,-0.8700053950135924,-0.8700053950135924,-0.8601934683818029,-0.8601934683818029,-0.4991758529745416,-0.4991758529745416,-0.4991758529745416,-0.4991758529745416,-0.8700053950135924,-0.8700053950135924,-0.8700053950135924,-0.8700053950135924,-0.8700053950135924,-0.8700053950135924,-0.8700053950135924,-0.8700053950135924,-0.8700053950135924,-0.8700053950135924,-0.8700053950135924,-0.6798057266774341,-0.8700053950135924,-0.8700053950135924,-0.8700053950135924,-0.8700053950135924,0.22188158987916837,0.22188158987916837,1.4229572732612052,1.4229572732612052,1.4229572732612052,1.4229572732612052,-0.8700053950135924,-0.8700053950135924,-0.8700053950135924,-0.8700053950135924,-0.8700053950135924,-0.8700053950135924,-0.6532337141892943,-0.751646551924631,-0.8093450069639946,-0.7907555332068598,0.06589773489448826,0.06589773489448826,-0.8208704806934182,-0.693894590998631,-0.6180314754229553,0.06589773489448826,0.06589773489448826,-0.7346475043244072,-0.7822644765847099,-0.7516080111095581,0.06589773489448826,0.06589773489448826,-0.8003104810842673,-0.8700053950135924,-0.8700053950135924,-0.731597185660989,0.06589773489448826,0.06589773489448826,0.06589773489448826,0.06589773489448826,-0.755738152408536,-0.6026045007541408,0.06589773489448826,0.06589773489448826,-0.6828247690319763,-0.8700053950135924,-0.8700053950135924,0.06589773489448826,0.06589773489448826,0.06589773489448826,0.06589773489448826,-0.6888628537410607,-0.8700053950135924,-0.8700053950135924,0.06589773489448826,0.06589773489448826,0.06589773489448826,0.06589773489448826,-0.6491743194173037,-0.6631215452444378,0.06589773489448826,0.06589773489448826,-0.7537097398179138,-0.7505970646460097,-0.7472605375696659,-0.8700053950135924,-0.8700053950135924,-0.8700053950135924,-0.8700053950135924,-0.8700053950135924,-0.8700053950135924,-0.8700053950135924,-0.8700053950135924,-0.8700053950135924,-0.8700053950135924,-0.8700053950135924,-0.8700053950135924,-0.8700053950135924,-0.8700053950135924,-0.8700053950135924,-0.8700053950135924,-0.8700053950135924,-0.8700053950135924,-0.8700053950135924,-0.8700053950135924,-0.8700053950135924,-0.8700053950135924,-0.8700053950135924,-0.8700053950135924,-0.8700053950135924,-0.8700053950135924,-0.8700053950135924,-0.8700053950135924,-0.8700053950135924,-0.8700053950135924,-0.8700053950135924,-0.8700053950135924,-0.8700053950135924,-0.8700053950135924,-0.7349265927588179,-0.7349265927588179,-0.8472721013218188
0.8519207849180238,-0.797640857572655,0.2890181816638531,0.2890181816638531,-0.21624949762990653,-0.21624949762990653,-0.21624949762990653,-0.7033676826920172,-0.6173030170247277,-0.6173030170247277,-0.538131199345661,-0.538131199345661,-0.538131199345661,-0.538131199345661,-0.538131199345661,-0.538131199345661,-0.538131199345661,-0.538131199345661,-0.7033676826920172,-0.2727860098355923,-0.2727860098355923,-0.7033676826920172,-0.7033676826920172,-0.7033676826920172,-0.7033676826920172,-0.3965873381778338,-0.3965873381778338,-0.21624949762990653,-0.21624949762990653,-1.096933728981207,-1.096933728981207,-1.096933728981207,-1.096933728981207,-1.096933728981207,-1.096933728981207,-1.096933728981207,-1.0183565364195493,-1.0183565364195493,-1.0183565364195493,-1.0183565364195493,-1.0183565364195493,-1.0183565364195493,-1.0183565364195493,-1.0183565364195493,-1.0183565364195493,-1.0183565364195493,-1.0183565364195493,-0.797640857572655,-0.7033676826920172,-0.7033676826920172,-0.7033676826920172,-0.7033676826920172,-0.7033676826920172,-1.096933728981207,-1.096933728981207,-1.096933728981207,-1.096933728981207,-1.096933728981207,-1.096933728981207,-1.096933728981207,-1.096933728981207,-1.096933728981207,-1.096933728981207,-1.096933728981207,-1.096933728981207,-1.096933728981207,-1.096933728981207,-1.096933728981207,-1.096933728981207,-1.096933728981207,-1.096933728981207,-1.096933728981207,-1.096933728981207,-1.096933728981207,-1.096933728981207,-1.096933728981207,-1.096933728981207,-1.096933728981207,-1.096933728981207,-1.096933728981207,-1.096933728981207,-1.096933728981207,-1.096933728981207,0.10868034111592541,0.10868034111592541,-0.4648295453855011,-0.4648295453855011,-0.538131199345661,-0.7033676826920172,-0.7033676826920172,-0.7033676826920172,-0.7033676826920172,-0.3965873381778338,-0.3965873381778338,-0.797640857572655,-0.797640857572655,-0.797640857572655,-0.797640857572655,-0.797640857572655,-0.797640857572655,-0.797640857572655,-0.797640857572655,-0.797640857572655,-0.797640857572655,-0.797640857572655,-0.797640857572655,-0.797640857572655,-0.797640857572655,-0.797640857572655,-0.797640857572655,-0.797640857572655,-0.797640857572655,-0.797640857572655,-0.797640857572655,-0.797640857572655,-0.797640857572655,-1.096933728981207,-1.096933728981207,-1.096933728981207,-1.096933728981207,-1.096933728981207,-1.096933728981207,-1.096933728981207,-1.096933728981207,-1.096933728981207,0.38329135654449087,1.5281506925395878,1.5281506925395878,-0.3965873381778338,-0.7033676826920172,-0.7033676826920172,-0.11203533773096849,-0.11203533773096849,-0.3327510165778624,-0.3327510165778624,-0.3327510165778624,0.38329135654449087,1.4497635791329209,1.8704253214638973,1.8704253214638973,1.8704253214638973,1.4497635791329209,1.4497635791329209,1.4497635791329209,1.4497635791329209,0.7539080226586461,0.7539080226586461,1.4497635791329209,1.4497635791329209,1.1411274748183142,1.1411274748183142,1.1411274748183142,1.1411274748183142,1.1411274748183142,1.4497635791329209,1.4497635791329209,1.4497635791329209,1.4497635791329209,1.4497635791329209,1.4497635791329209,1.4497635791329209,1.4497635791329209,1.4497635791329209,1.4497635791329209,1.4497635791329209,1.4497635791329209,1.4497635791329209,-1.0183565364195493,-1.0183565364195493,-1.0183565364195493,-0.3965873381778338,1.4497635791329209,1.4497635791329209,1.4497635791329209,1.4497635791329209,1.4497635791329209,1.4497635791329209,1.4497635791329209,1.4497635791329209,1.4497635791329209,1.4497635791329209,1.4497635791329209,1.4497635791329209,1.4497635791329209,1.4497635791329209,1.4497635791329209,0.5228349750013707,0.5228349750013707,1.4497635791329209,1.4497635791329209,1.4497635791329209,1.4497635791329209,1.4497635791329209,-1.0183565364195493,-1.0183565364195493,-1.0183565364195493,0.5979941312604431,1.4497635791329209,1.2467337808773706,1.2467337808773706,1.2467337808773706,0.7118114703156233,0.7118114703156233,1.4497635791329209,1.4497635791329209,1.7006070596461935,1.7006070596461935,1.7006070596461935,1.4497635791329209,1.4497635791329209,0.2890181816638531,0.2890181816638531,0.2890181816638531,0.2890181816638531,-0.4648295453855011,-0.4648295453855011,-0.4648295453855011,-0.3327510165778624,-0.3327510165778624,-0.3327510165778624,-0.3327510165778624,-0.3327510165778624,-0.3327510165778624,-0.3327510165778624,-0.4648295453855011,-1.0183565364195493,-1.0183565364195493,-0.901855017471593,-0.901855017471593,-0.901855017471593,-1.096933728981207,-1.096933728981207,-1.096933728981207,-1.096933728981207,-1.096933728981207,-1.096933728981207,-1.0183565364195493,-0.901855017471593,-0.901855017471593,-0.901855017471593,-0.3327510165778624,-0.3327510165778624,-1.0183565364195493,0.5485278398908471,1.038460023105511,1.0070567606776377,-0.797640857572655,-0.797640857572655,1.0688968763861773,0.7118114703156233,0.6451039720015455,-0.797640857572655,-0.797640857572655,0.7539080226586461,0.9063814942978732,0.8885590358382506,-0.797640857572655,-0.797640857572655,0.9063814942978732,0.870409541606602,0.870409541606602,0.7330836812166751,-0.797640857572655,-0.797640857572655,-0.797640857572655,-0.797640857572655,0.6451039720015455,0.3528545032638245,-0.797640857572655,-0.797640857572655,0.6451039720015455,0.7330836812166751,0.7330836812166751,-0.797640857572655,-0.797640857572655,-0.797640857572655,-0.797640857572655,0.32145124083595084,0.06830250281695922,0.06830250281695922,-0.797640857572655,-0.797640857572655,-0.797640857572655,-0.797640857572655,-0.16277054484031625,0.026205950473936392,-0.797640857572655,-0.797640857572655,0.2207759744561858,0.5485278398908471,0.32145124083595084,-1.096933728981207,-1.096933728981207,-1.096933728981207,-1.096933728981207,-1.096933728981207,-1.096933728981207,-1.096933728981207,-1.096933728981207,-1.096933728981207,-1.096933728981207,-1.096933728981207,-1.096933728981207,-1.096933728981207,-0.538131199345661,-0.538131199345661,-0.538131199345661,-0.538131199345661,-0.538131199345661,-0.538131199345661,-0.538131199345661,-0.538131199345661,-0.6173030170247277,-0.6173030170247277,-0.6173030170247277,-0.6173030170247277,-0.6173030170247277,-0.6173030170247277,-0.6173030170247277,-0.6173030170247277,-0.6173030170247277,0.2890181816638531,0.2890181816638531,-0.11203533773096849,-0.11203533773096849,0.3528545032638245,0.3528545032638245,0.8519207849180238
-1.0,-1.0,-1.0,-1.0,-1.0,-1.0,-1.0,-1.0,-1.0,-1.0,-1.0,-1.0,-1.0,-1.0,-1.0,-1.0,-1.0,-1.0,-1.0,-1.0,-1.0,-1.0,-1.0,-1.0,-1.0,-1.0,-1.0,-1.0,-1.0,-1.0,-1.0,-1.0,-1.0,-1.0,-1.0,-1.0,-1.0,-1.0,-1.0,-1.0,-1.0,-1.0,-1.0,-1.0,-1.0,-1.0,-1.0,-1.0,-1.0,-1.0,-1.0,-1.0,-1.0,-1.0,-1.0,-1.0,-1.0,-1.0,-1.0,-1.0,-1.0,-1.0,-1.0,-1.0,-1.0,-1.0,-1.0,-1.0,-1.0,-1.0,-1.0,-1.0,-1.0,-1.0,-1.0,-1.0,-1.0,-1.0,-1.0,-1.0,-1.0,-1.0,-1.0,-1.0,-1.0,-1.0,-1.0,-1.0,-1.0,-1.0,-1.0,-1.0,-1.0,-1.0,-1.0,-1.0,-1.0,-1.0,-1.0,-1.0,-1.0,-1.0,-1.0,-1.0,-1.0,-1.0,-1.0,-1.0,-1.0,-1.0,-1.0,-1.0,-1.0,-1.0,-1.0,-1.0,-1.0,-1.0,-1.0,-1.0,-1.0,-1.0,-1.0,-1.0,-1.0,1.0,1.0,1.0,-1.0,-1.0,-1.0,-1.0,-1.0,-1.0,-1.0,-1.0,1.0,-1.0,1.0,1.0,1.0,-1.0,-1.0,-1.0,-1.0,-1.0,-1.0,-1.0,-1.0,-1.0,-1.0,-1.0,-1.0,-1.0,-1.0,-1.0,-1.0,-1.0,-1.0,-1.0,-1.0,-1.0,-1.0,-1.0,-1.0,-1.0,-1.0,-1.0,-1.0,-1.0,-1.0,-1.0,-1.0,-1.0,-1.0,-1.0,-1.0,-1.0,-1.0,-1.0,-1.0,-1.0,-1.0,-1.0,-1.0,-1.0,-1.0,-1.0,-1.0,-1.0,-1.0,-1.0,-1.0,-1.0,-1.0,-1.0,-1.0,-1.0,-1.0,-1.0,-1.0,-1.0,-1.0,-1.0,-1.0,-1.0,-1.0,-1.0,-1.0,-1.0,1.0,1.0,1.0,1.0,-1.0,-1.0,-1.0,-1.0,-1.0,-1.0,-1.0,-1.0,-1.0,-1.0,-1.0,-1.0,-1.0,-1.0,-1.0,-1.0,-1.0,-1.0,-1.0,-1.0,-1.0,-1.0,-1.0,-1.0,-1.0,-1.0,1.0,1.0,-1.0,-1.0,-1.0,-1.0,-1.0,-1.0,-1.0,-1.0,-1.0,-1.0,-1.0,-1.0,-1.0,-1.0,-1.0,-1.0,-1.0,-1.0,-1.0,-1.0,-1.0,-1.0,-1.0,-1.0,-1.0,-1.0,-1.0,-1.0,-1.0,-1.0,-1.0,-1.0,-1.0,-1.0,-1.0,1.0,-1.0,-1.0,-1.0,-1.0,-1.0,-1.0,-1.0,-1.0,-1.0,-1.0,-1.0,-1.0,-1.0,-1.0,-1.0,-1.0,-1.0,-1.0,-1.0,-1.0,-1.0,-1.0,-1.0,-1.0,-1.0,-1.0,-1.0,-1.0,-1.0,-1.0,-1.0,-1.0,-1.0,-1.0,-1.0,-1.0,-1.0,-1.0,-1.0,-1.0,-1.0,-1.0,-1.0,-1.0,-1.0,-1.0,-1.0,1.0,1.0,-1.0
-1.0,-1.0,-1.0,-1.0,-1.0,-1.0,-1.0,-1.0,-1.0,-1.0,-1.0,-1.0,-1.0,-1.0,-1.0,-1.0,-1.0,-1.0,-1.0,-1.0,-1.0,-1.0,-1.0,-1.0,-1.0,-1.0,-1.0,-1.0,-1.0,-1.0,-1.0,-1.0,-1.0,-1.0,-1.0,-1.0,-1.0,-1.0,-1.0,-1.0,-1.0,-1.0,-1.0,-1.0,-1.0,-1.0,-1.0,-1.0,-1.0,-1.0,-1.0,-1.0,-1.0,-1.0,-1.0,-1.0,-1.0,-1.0,-1.0,-1.0,-1.0,-1.0,-1.0,-1.0,-1.0,-1.0,-1.0,-1.0,-1.0,-1.0,-1.0,-1.0,-1.0,-1.0,-1.0,-1.0,-1.0,-1.0,-1.0,-1.0,-1.0,-1.0,-1.0,-1.0,-1.0,-1.0,-1.0,-1.0,-1.0,-1.0,-1.0,-1.0,-1.0,-1.0,-1.0,-1.0,-1.0,-1.0,-1.0,-1.0,-1.0,-1.0,-1.0,-1.0,-1.0,-1.0,-1.0,-1.0,-1.0,-1.0,-1.0,-1.0,-1.0,-1.0,-1.0,-1.0,-1.0,-1.0,-1.0,-1.0,-1.0,-1.0,-1.0,-1.0,-1.0,-1.0,1.0,1.0,-1.0,-1.0,-1.0,-1.0,-1.0,-1.0,-1.0,-1.0,-1.0,-1.0,-1.0,-1.0,-1.0,-1.0,-1.0,-1.0,-1.0,-1.0,-1.0,-1.0,-1.0,-1.0,-1.0,-1.0,-1.0,-1.0,-1.0,-1.0,-1.0,-1.0,-1.0,-1.0,-1.0,-1.0,-1.0,-1.0,-1.0,-1.0,-1.0,-1.0,-1.0,-1.0,-1.0,-1.0,-1.0,-1.0,-1.0,-1.0,-1.0,-1.0,-1.0,-1.0,-1.0,-1.0,-1.0,-1.0,-1.0,-1.0,-1.0,-1.0,-1.0,-1.0,-1.0,-1.0,-1.0,-1.0,-1.0,-1.0,-1.0,-1.0,-1.0,-1.0,-1.0,-1.0,-1.0,-1.0,-1.0,-1.0,-1.0,-1.0,-1.0,-1.0,-1.0,-1.0,-1.0,-1.0,-1.0,-1.0,-1.0,-1.0,-1.0,-1.0,-1.0,-1.0,-1.0,-1.0,-1.0,-1.0,-1.0,-1.0,-1.0,-1.0,-1.0,-1.0,-1.0,-1.0,-1.0,-1.0,-1.0,-1.0,-1.0,-1.0,1.0,1.0,-1.0,-1.0,-1.0,-1.0,-1.0,-1.0,-1.0,-1.0,-1.0,-1.0,-1.0,-1.0,-1.0,-1.0,-1.0,-1.0,-1.0,-1.0,-1.0,-1.0,-1.0,-1.0,-1.0,-1.0,-1.0,-1.0,-1.0,-1.0,-1.0,-1.0,-1.0,-1.0,-1.0,-1.0,-1.0,1.0,-1.0,-1.0,-1.0,-1.0,-1.0,-1.0,-1.0,-1.0,-1.0,-1.0,-1.0,-1.0,-1.0,-1.0,-1.0,-1.0,-1.0,-1.0,-1.0,-1.0,-1.0,-1.0,-1.0,-1.0,-1.0,-1.0,-1.0,-1.0,-1.0,-1.0,-1.0,-1.0,-1.0,-1.0,-1.0,-1.0,-1.0,-1.0,-1.0,-1.0,-1.0,-1.0,-1.0,-1.0,-1.0,-1.0,-1.0,-1.0,-1.0,-1.0
1.0,-1.0,-1.0,-1.0,-1.0,-1.0,-1.0,-1.0,-1.0,-1.0,-1.0,-1.0,-1.0,-1.0,-1.0,-1.0,-1.0,-1.0,-1.0,-1.0,-1.0,-1.0,-1.0,-1.0,-1.0,-1.0,-1.0,-1.0,-1.0,-1.0,-1.0,-1.0,-1.0,-1.0,-1.0,-1.0,-1.0,-1.0,-1.0,-1.0,-1.0,-1.0,-1.0,-1.0,-1.0,-1.0,-1.0,-1.0,-1.0,-1.0,-1.0,-1.0,-1.0,-1.0,-1.0,-1.0,-1.0,-1.0,-1.0,-1.0,-1.0,-1.0,-1.0,-1.0,-1.0,-1.0,-1.0,-1.0,-1.0,-1.0,-1.0,-1.0,-1.0,-1.0,-1.0,-1.0,-1.0,-1.0,-1.0,-1.0,-1.0,-1.0,-1.0,-1.0,-1.0,-1.0,-1.0,-1.0,-1.0,-1.0,-1.0,-1.0,-1.0,-1.0,-1.0,-1.0,-1.0,-1.0,-1.0,-1.0,-1.0,-1.0,-1.0,-1.0,-1.0,-1.0,-1.0,-1.0,-1.0,-1.0,-1.0,-1.0,-1.0,-1.0,-1.0,-1.0,-1.0,-1.0,-1.0,-1.0,-1.0,-1.0,-1.0,-1.0,-1.0,-1.0,-1.0,-1.0,-1.0,-1.0,-1.0,-1.0,-1.0,-1.0,-1.0,-1.0,-1.0,-1.0,-1.0,-1.0,-1.0,-1.0,-1.0,-1.0,-1.0,-1.0,-1.0,-1.0,-1.0,-1.0,-1.0,-1.0,-1.0,-1.0,-1.0,-1.0,-1.0,-1.0,-1.0,-1.0,-1.0,-1.0,-1.0,-1.0,-1.0,-1.0,-1.0,-1.0,-1.0,-1.0,-1.0,-1.0,-1.0,-1.0,-1.0,-1.0,-1.0,-1.0,-1.0,-1.0,-1.0,-1.0,-1.0,-1.0,-1.0,-1.0,-1.0,-1.0,-1.0,-1.0,-1.0,-1.0,-1.0,-1.0,-1.0,-1.0,-1.0,-1.0,-1.0,-1.0,-1.0,-1.0,-1.0,-1.0,-1.0,-1.0,-1.0,-1.0,-1.0,-1.0,-1.0,-1.0,-1.0,-1.0,-1.0,-1.0,-1.0,-1.0,-1.0,-1.0,-1.0,-1.0,-1.0,-1.0,-1.0,-1.0,-1.0,-1.0,-1.0,-1.0,-1.0,-1.0,-1.0,-1.0,-1.0,-1.0,-1.0,-1.0,-1.0,-1.0,-1.0,-1.0,-1.0,-1.0,-1.0,-1.0,-1.0,-1.0,-1.0,-1.0,-1.0,-1.0,-1.0,-1.0,-1.0,-1.0,-1.0,-1.0,-1.0,-1.0,-1.0,-1.0,-1.0,-1.0,-1.0,-1.0,-1.0,-1.0,-1.0,-1.0,-1.0,-1.0,-1.0,-1.0,-1.0,-1.0,-1.0,-1.0,-1.0,-1.0,-1.0,-1.0,-1.0,-1.0,-1.0,-1.0,-1.0,-1.0,-1.0,-1.0,-1.0,-1.0,-1.0,-1.0,-1.0,-1.0,-1.0,-1.0,-1.0,-1.0,-1.0,-1.0,-1.0,-1.0,-1.0,-1.0,-1.0,-1.0,-1.0,-1.0,-1.0,-1.0,-1.0,-1.0,-1.0,-1.0,-1.0,-1.0,-1.0,-1.0,-1.0,-1.0,-1.0,-1.0,-1.0,1.0,1.0,1.0
-1.0,-1.0,-1.0,-1.0,-1.0,-1.0,-1.0,-1.0,-1.0,-1.0,-1.0,-1.0,-1.0,-1.0,-1.0,-1.0,-1.0,-1.0,-1.0,-1.0,-1.0,-1.0,-1.0,-1.0,-1.0,-1.0,-1.0,-1.0,-1.0,-1.0,-1.0,-1.0,-1.0,-1.0,-1.0,-1.0,-1.0,-1.0,-1.0,-1.0,-1.0,-1.0,-1.0,-1.0,-1.0,-1.0,-1.0,-1.0,-1.0,-1.0,-1.0,-1.0,-1.0,-1.0,-1.0,-1.0,-1.0,-1.0,-1.0,-1.0,-1.0,-1.0,-1.0,-1.0,-1.0,-1.0,-1.0,-1.0,-1.0,-1.0,-1.0,-1.0,-1.0,-1.0,-1.0,-1.0,-1.0,-1.0,-1.0,-1.0,-1.0,-1.0,-1.0,-1.0,-1.0,-1.0,-1.0,-1.0,-1.0,-1.0,-1.0,-1.0,-1.0,-1.0,-1.0,-1.0,-1.0,-1.0,-1.0,-1.0,-1.0,-1.0,-1.0,-1.0,-1.0,-1.0,-1.0,-1.0,-1.0,-1.0,-1.0,-1.0,-1.0,-1.0,-1.0,-1.0,-1.0,-1.0,-1.0,-1.0,-1.0,-1.0,-1.0,-1.0,-1.0,-1.0,-1.0,-1.0,-1.0,-1.0,-1.0,-1.0,-1.0,-1.0,-1.0,-1.0,-1.0,-1.0,-1.0,-1.0,-1.0,-1.0,-1.0,-1.0,-1.0,-1.0,-1.0,-1.0,-1.0,-1.0,-1.0,-1.0,-1.0,-1.0,-1.0,-1.0,-1.0,-1.0,-1.0,-1.0,-1.0,-1.0,-1.0,-1.0,-1.0,-1.0,-1.0,-1.0,-1.0,-1.0,-1.0,-1.0,-1.0,-1.0,-1.0,-1.0,-1.0,-1.0,-1.0,-1.0,-1.0,-1.0,-1.0,-1.0,-1.0,-1.0,-1.0,-1.0,-1.0,-1.0,-1.0,-1.0,-1.0,-1.0,-1.0,-1.0,-1.0,-1.0,-1.0,-1.0,-1.0,-1.0,-1.0,-1.0,-1.0,-1.0,-1.0,-1.0,-1.0,-1.0,-1.0,-1.0,-1.0,-1.0,-1.0,-1.0,-1.0,-1.0,-1.0,-1.0,-1.0,-1.0,-1.0,-1.0,-1.0,-1.0,-1.0,-1.0,-1.0,-1.0,-1.0,-1.0,-1.0,-1.0,-1.0,-1.0,-1.0,-1.0,-1.0,-1.0,-1.0,-1.0,-1.0,-1.0,-1.0,-1.0,-1.0,-1.0,-1.0,-1.0,-1.0,-1.0,-1.0,-1.0,-1.0,-1.0,-1.0,-1.0,-1.0,-1.0,-1.0,-1.0,-1.0,-1.0,-1.0,-1.0,-1.0,-1.0,-1.0,-1.0,-1.0,-1.0,-1.0,-1.0,-1.0,-1.0,-1.0,-1.0,-1.0,-1.0,-1.0,-1.0,-1.0,-1.0,-1.0,-1.0,-1.0,-1.0,-1.0,-1.0,-1.0,-1.0,-1.0,-1.0,-1.0,-1.0,-1.0,-1.0,-1.0,-1.0,-1.0,-1.0,-1.0,-1.0,-1.0,-1.0,-1.0,-1.0,-1.0,-1.0,-1.0,-1.0,-1.0,-1.0,-1.0,-1.0,-1.0,-1.0,-1.0,-1.0,-1.0,-1.0,-1.0,-1.0,-1.0,-1.0,-1.0,-1.0
-1.0,-1.0,-1.0,-1.0,-1.0,-1.0,-1.0,-1.0,-1.0,-1.0,-1.0,-1.0,-1.0,-1.0,-1.0,-1.0,-1.0,-1.0,-1.0,-1.0,-1.0,-1.0,-1.0,-1.0,-1.0,-1.0,-1.0,-1.0,-1.0,-1.0,-1.0,-1.0,-1.0,-1.0,-1.0,-1.0,-1.0,-1.0,-1.0,-1.0,-1.0,-1.0,-1.0,-1.0,-1.0,-1.0,-1.0,-1.0,-1.0,-1.0,-1.0,-1.0,-1.0,-1.0,-1.0,-1.0,-1.0,-1.0,-1.0,-1.0,-1.0,-1.0,-1.0,-1.0,-1.0,-1.0,-1.0,-1.0,-1.0,-1.0,-1.0,-1.0,-1.0,-1.0,-1.0,-1.0,-1.0,-1.0,-1.0,-1.0,-1.0,-1.0,-1.0,-1.0,-1.0,-1.0,-1.0,-1.0,-1.0,-1.0,-1.0,-1.0,-1.0,-1.0,-1.0,-1.0,-1.0,-1.0,-1.0,-1.0,-1.0,-1.0,-1.0,-1.0,-1.0,-1.0,-1.0,-1.0,-1.0,-1.0,-1.0,-1.0,-1.0,-1.0,-1.0,-1.0,-1.0,-1.0,-1.0,-1.0,-1.0,-1.0,-1.0,-1.0,-1.0,-1.0,-1.0,-1.0,-1.0,-1.0,-1.0,-1.0,-1.0,-1.0,-1.0,-1.0,-1.0,-1.0,-1.0,-1.0,-1.0,-1.0,-1.0,-1.0,-1.0,-1.0,-1.0,-1.0,-1.0,-1.0,-1.0,-1.0,-1.0,-1.0,-1.0,-1.0,-1.0,-1.0,-1.0,-1.0,-1.0,-1.0,-1.0,-1.0,-1.0,-1.0,-1.0,-1.0,-1.0,-1.0,-1.0,-1.0,-1.0,-1.0,-1.0,-1.0,-1.0,-1.0,-1.0,-1.0,-1.0,-1.0,-1.0,-1.0,-1.0,-1.0,-1.0,-1.0,-1.0,-1.0,-1.0,-1.0,-1.0,-1.0,-1.0,-1.0,-1.0,-1.0,-1.0,-1.0,-1.0,-1.0,-1.0,-1.0,-1.0,-1.0,-1.0,-1.0,-1.0,-1.0,-1.0,-1.0,-1.0,-1.0,-1.0,-1.0,-1.0,-1.0,-1.0,-1.0,-1.0,-1.0,-1.0,-1.0,-1.0,-1.0,-1.0,-1.0,-1.0,-1.0,-1.0,-1.0,-1.0,-1.0,-1.0,-1.0,-1.0,-1.0,-1.0,-1.0,-1.0,-1.0,-1.0,-1.0,-1.0,-1.0,-1.0,-1.0,-1.0,-1.0,-1.0,-1.0,-1.0,-1.0,-1.0,-1.0,-1.0,-1.0,-1.0,-1.0,-1.0,-1.0,-1.0,-1.0,-1.0,-1.0,-1.0,-1.0,-1.0,-1.0,-1.0,-1.0,-1.0,-1.0,-1.0,-1.0,-1.0,-1.0,-1.0,-1.0,-1.0,-1.0,-1.0,-1.0,-1.0,-1.0,-1.0,-1.0,-1.0,-1.0,-1.0,-1.0,-1.0,-1.0,-1.0,-1.0,-1.0,-1.0,-1.0,-1.0,-1.0,-1.0,-1.0,-1.0,-1.0,-1.0,-1.0,-1.0,-1.0,-1.0,-1.0,-1.0,-1.0,-1.0,-1.0,-1.0,-1.0,-1.0,-1.0,-1.0,-1.0,-1.0,-1.0,-1.0,-1.0,-1.0,-1.0,-1.0
-1.0,-1.0,-1.0,-1.0,-1.0,-1.0,-1.0,-1.0,-1.0,-1.0,-1.0,-1.0,-1.0,-1.0,-1.0,-1.0,-1.0,-1.0,-1.0,-1.0,-1.0,-1.0,-1.0,-1.0,-1.0,-1.0,-1.0,-1.0,-1.0,-1.0,-1.0,-1.0,-1.0,-1.0,-1.0,-1.0,-1.0,-1.0,-1.0,-1.0,-1.0,-1.0,-1.0,-1.0,-1.0,-1.0,-1.0,-1.0,-1.0,-1.0,-1.0,-1.0,-1.0,-1.0,-1.0,-1.0,-1.0,-1.0,-1.0,-1.0,-1.0,-1.0,-1.0,-1.0,-1.0,-1.0,-1.0,-1.0,-1.0,-1.0,-1.0,-1.0,-1.0,-1.0,-1.0,-1.0,-1.0,-1.0,-1.0,-1.0,-1.0,-1.0,-1.0,-1.0,-1.0,-1.0,-1.0,-1.0,-1.0,-1.0,-1.0,-1.0,-1.0,-1.0,-1.0,-1.0,-1.0,-1.0,-1.0,-1.0,-1.0,-1.0,-1.0,-1.0,-1.0,-1.0,-1.0,-1.0,-1.0,-1.0,-1.0,-1.0,-1.0,-1.0,-1.0,-1.0,-1.0,-1.0,-1.0,-1.0,-1.0,-1.0,-1.0,-1.0,-1.0,-1.0,-1.0,-1.0,-1.0,-1.0,-1.0,-1.0,-1.0,-1.0,-1.0,-1.0,-1.0,-1.0,-1.0,-1.0,-1.0,-1.0,-1.0,-1.0,-1.0,-1.0,-1.0,-1.0,-1.0,-1.0,-1.0,-1.0,-1.0,-1.0,-1.0,-1.0,-1.0,-1.0,-1.0,-1.0,-1.0,-1.0,-1.0,-1.0,-1.0,-1.0,-1.0,-1.0,-1.0,-1.0,-1.0,-1.0,-1.0,-1.0,-1.0,-1.0,-1.0,-1.0,-1.0,-1.0,-1.0,-1.0,-1.0,-1.0,-1.0,-1.0,-1.0,-1.0,-1.0,-1.0,-1.0,-1.0,-1.0,-1.0,-1.0,-1.0,-1.0,-1.0,-1.0,-1.0,-1.0,-1.0,-1.0,-1.0,-1.0,-1.0,-1.0,-1.0,-1.0,-1.0,-1.0,-1.0,-1.0,-1.0,-1.0,-1.0,-1.0,-1.0,-1.0,-1.0,-1.0,-1.0,-1.0,-1.0,-1.0,-1.0,-1.0,-1.0,-1.0,-1.0,-1.0,-1.0,-1.0,-1.0,-1.0,-1.0,-1.0,-1.0,-1.0,-1.0,-1.0,-1.0,-1.0,-1.0,-1.0,-1.0,-1.0,-1.0,-1.0,-1.0,-1.0,-1.0,-1.0,-1.0,-1.0,-1.0,-1.0,-1.0,-1.0,-1.0,-1.0,-1.0,-1.0,-1.0,-1.0,-1.0,-1.0,-1.0,-1.0,-1.0,-1.0,-1.0,-1.0,-1.0,-1.0,-1.0,-1.0,-1.0,-1.0,-1.0,-1.0,-1.0,-1.0,-1.0,-1.0,-1.0,-1.0,-1.0,-1.0,-1.0,-1.0,-1.0,-1.0,-1.0,-1.0,-1.0,-1.0,-1.0,-1.0,-1.0,-1.0,-1.0,-1.0,-1.0,-1.0,-1.0,-1.0,-1.0,-1.0,-1.0,-1.0,-1.0,-1.0,-1.0,-1.0,-1.0,-1.0,-1.0,-1.0,-1.0,-1.0,-1.0,-1.0,-1.0,-1.0,-1.0,-1.0,-1.0
1.0,-1.0,-1.0,-1.0,-1.0,-1.0,-1.0,-1.0,-1.0,-1.0,-1.0,-1.0,-1.0,-1.0,-1.0,-1.0,-1.0,-1.0,-1.0,-1.0,-1.0,-1.0,-1.0,-1.0,-1.0,-1.0,-1.0,-1.0,-1.0,-1.0,-1.0,-1.0,-1.0,-1.0,-1.0,-1.0,-1.0,-1.0,-1.0,-1.0,-1.0,-1.0,-1.0,-1.0,-1.0,-1.0,-1.0,-1.0,-1.0,-1.0,-1.0,-1.0,-1.0,-1.0,-1.0,-1.0,-1.0,-1.0,-1.0,-1.0,-1.0,-1.0,-1.0,-1.0,-1.0,-1.0,-1.0,-1.0,-1.0,-1.0,-1.0,-1.0,-1.0,-1.0,-1.0,-1.0,-1.0,-1.0,-1.0,-1.0,-1.0,-1.0,-1.0,-1.0,-1.0,-1.0,-1.0,-1.0,-1.0,-1.0,-1.0,-1.0,-1.0,-1.0,-1.0,-1.0,-1.0,-1.0,-1.0,-1.0,-1.0,-1.0,-1.0,-1.0,-1.0,-1.0,-1.0,-1.0,-1.0,-1.0,-1.0,-1.0,-1.0,-1.0,-1.0,-1.0,-1.0,-1.0,-1.0,-1.0,-1.0,-1.0,-1.0,-1.0,-1.0,1.0,-1.0,-1.0,1.0,1.0,1.0,1.0,1.0,-1.0,-1.0,-1.0,1.0,1.0,1.0,1.0,1.0,1.0,1.0,1.0,1.0,-1.0,-1.0,1.0,1.0,-1.0,-1.0,-1.0,-1.0,-1.0,1.0,1.0,1.0,1.0,1.0,1.0,1.0,1.0,1.0,1.0,1.0,1.0,1.0,-1.0,-1.0,-1.0,-1.0,1.0,1.0,1.0,1.0,1.0,1.0,1.0,1.0,1.0,1.0,1.0,1.0,1.0,1.0,1.0,-1.0,-1.0,1.0,1.0,1.0,1.0,1.0,-1.0,-1.0,-1.0,-1.0,1.0,-1.0,-1.0,-1.0,-1.0,-1.0,1.0,1.0,-1.0,-1.0,-1.0,1.0,1.0,1.0,1.0,1.0,1.0,-1.0,-1.0,-1.0,-1.0,-1.0,-1.0,-1.0,-1.0,-1.0,-1.0,-1.0,-1.0,-1.0,-1.0,-1.0,-1.0,-1.0,-1.0,-1.0,-1.0,-1.0,-1.0,-1.0,-1.0,-1.0,-1.0,-1.0,-1.0,-1.0,1.0,1.0,1.0,1.0,1.0,1.0,1.0,1.0,1.0,1.0,1.0,1.0,1.0,1.0,1.0,1.0,-1.0,-1.0,1.0,1.0,1.0,1.0,1.0,1.0,1.0,1.0,1.0,1.0,-1.0,-1.0,1.0,1.0,1.0,1.0,1.0,-1.0,-1.0,1.0,1.0,1.0,1.0,1.0,1.0,1.0,1.0,1.0,1.0,1.0,-1.0,-1.0,-1.0,-1.0,-1.0,-1.0,-1.0,-1.0,-1.0,-1.0,-1.0,-1.0,-1.0,-1.0,-1.0,-1.0,-1.0,-1.0,-1.0,-1.0,-1.0,-1.0,-1.0,-1.0,-1.0,-1.0,-1.0,-1.0,-1.0,-1.0,-1.0,-1.0,-1.0,-1.0,1.0,1.0,1.0
-0.7104464071477847,0.4063840485557787,-0.007583230625981649,-0.007583230625981649,0.32876518370919866,0.32876518370919866,0.32876518370919866,0.3691269934294201,0.3406363042151462,0.3406363042151462,0.4063840485557787,0.4063840485557787,0.4063840485557787,0.4063840485557787,0.4063840485557787,0.4063840485557787,0.4063840485557787,0.4063840485557787,0.3691269934294201,-0.5995564398558987,-0.5995564398558987,-0.5995564398558987,-0.5995564398558987,-0.5995564398558987,-0.5995564398558987,-0.5995564398558987,-0.5995564398558987,-0.47847101069523384,-0.47847101069523384,1.337810426714739,1.337810426714739,1.337810426714739,1.337810426714739,1.337810426714739,1.337810426714739,1.337810426714739,0.8188728731690326,0.7789545998193629,0.7789545998193629,0.7789545998193629,0.7789545998193629,0.7789545998193629,0.7789545998193629,0.7789545998193629,0.7789545998193629,0.7789545998193629,0.7789545998193629,0.7996529637784509,0.7323832809114148,0.7323832809114148,0.7323832809114148,0.7323832809114148,0.7323832809114148,0.8974997752214124,0.8534687100720798,0.8534687100720798,0.8534687100720798,0.8534687100720798,0.8534687100720798,0.8534687100720798,0.8534687100720798,0.8534687100720798,0.8974997752214124,0.8534687100720798,0.8534687100720798,0.8534687100720798,0.8534687100720798,0.8534687100720798,0.8534687100720798,0.8534687100720798,0.8534687100720798,0.8534687100720798,0.8188728731690326,0.8188728731690326,0.8188728731690326,0.8188728731690326,0.8188728731690326,0.8188728731690326,0.8188728731690326,0.8188728731690326,0.8188728731690326,0.8188728731690326,0.8188728731690326,-0.5995564398558987,-0.5995564398558987,0.12695613510809048,0.12695613510809048,-0.5140843722130765,-0.5995564398558987,-0.5995564398558987,-0.5995564398558987,-0.5995564398558987,-0.5995564398558987,-0.5995564398558987,0.9053624654266502,0.9053624654266502,0.9053624654266502,0.9053624654266502,0.9053624654266502,0.9053624654266502,0.9053624654266502,0.9053624654266502,0.9053624654266502,0.9053624654266502,0.9053624654266502,0.9053624654266502,0.9053624654266502,0.9053624654266502,0.9053624654266502,0.9053624654266502,0.9053624654266502,1.035096853813077,1.035096853813077,1.035096853813077,1.035096853813077,1.035096853813077,0.8534687100720798,0.8534687100720798,0.8534687100720798,0.8534687100720798,0.8534687100720798,0.8534687100720798,0.8534687100720798,0.8534687100720798,0.8974997752214124,-0.27666196209412575,-0.814819425030414,-0.814819425030414,0.06322696186563523,-0.04602304940714509,-0.04602304940714509,-0.1152147232132392,-0.1152147232132392,0.5305742323103066,0.5305742323103066,0.5305742323103066,-0.27666196209412575,-0.8497647148314716,-0.7415623881909191,-0.7415623881909191,-0.7415623881909191,-0.8497647148314716,-0.8497647148314716,-0.8497647148314716,-0.8497647148314716,-0.6802800592963419,-0.6802800592963419,-0.8497647148314716,-0.8497647148314716,-0.8017573506873003,-0.8017573506873003,-0.8017573506873003,-0.8017573506873003,-0.8017573506873003,-0.8497647148314716,-0.8497647148314716,-0.8497647148314716,-0.8497647148314716,-0.8497647148314716,-0.8497647148314716,-0.8497647148314716,-0.8497647148314716,-0.8497647148314716,-0.8497647148314716,-0.8497647148314716,-0.8497647148314716,-0.8497647148314716,1.337810426714739,1.337810426714739,1.337810426714739,0.7996529637784509,-0.8497647148314716,-0.8497647148314716,-0.8497647148314716,-0.8497647148314716,-0.8497647148314716,-0.8497647148314716,-0.8497647148314716,-0.8497647148314716,-0.8497647148314716,-0.8497647148314716,-0.8497647148314716,-0.8497647148314716,-0.8497647148314716,-0.8497647148314716,-0.8497647148314716,-0.21900223392238052,-0.21900223392238052,-0.8497647148314716,-0.8497647148314716,-0.8497647148314716,-0.8497647148314716,-0.8497647148314716,1.337810426714739,1.337810426714739,1.337810426714739,-0.3500470706763468,-0.8497647148314716,-0.836095417751151,-0.836095417751151,-0.836095417751151,-0.39198141843761614,-0.39198141843761614,-0.8497647148314716,-0.8497647148314716,-0.8795345629784486,-0.8795345629784486,-0.8795345629784486,-0.8497647148314716,-0.8497647148314716,-0.6533721861495275,-0.6533721861495275,-0.6533721861495275,-0.6533721861495275,0.4408813218209254,0.4408813218209254,0.4408813218209254,0.5305742323103066,0.5305742323103066,0.5305742323103066,0.5305742323103066,0.5305742323103066,0.5305742323103066,0.5305742323103066,0.4408813218209254,-0.308951409870303,-0.5995564398558987,-1.0838981564985581,-1.0838981564985581,-1.0838981564985581,0.12695613510809048,0.12695613510809048,-0.47847101069523384,-0.47847101069523384,-0.47847101069523384,-0.47847101069523384,-0.47847101069523384,-1.0838981564985581,-1.0838981564985581,-1.0838981564985581,0.12695613510809048,0.12695613510809048,-0.3133545163852363,-0.38830101025644076,-0.4682095336477199,-0.47847101069523384,0.12695613510809048,0.12695613510809048,-0.4621081148627116,-0.4027926174698183,-0.39198141843761614,0.12695613510809048,0.12695613510809048,-0.4080725053692659,-0.6600991544362311,-0.6802800592963419,0.12695613510809048,0.12695613510809048,-0.6479906115201647,-0.1152147232132392,-0.1152147232132392,-0.54574069356227,0.12695613510809048,0.12695613510809048,0.12695613510809048,0.12695613510809048,-0.34873662230880725,-0.5995564398558987,0.12695613510809048,0.12695613510809048,-0.6802800592963419,-0.27666196209412575,-0.27666196209412575,0.12695613510809048,0.12695613510809048,0.12695613510809048,0.12695613510809048,-0.27666196209412575,0.27831292155892157,0.27831292155892157,0.12695613510809048,0.12695613510809048,0.12695613510809048,0.12695613510809048,0.1906853083505456,-0.17575743779357167,0.12695613510809048,0.12695613510809048,-0.21900223392238052,-0.38082147104953634,-0.38082147104953634,0.8534687100720798,0.8534687100720798,0.8534687100720798,0.8534687100720798,0.8534687100720798,0.8534687100720798,0.8534687100720798,0.8534687100720798,1.337810426714739,1.337810426714739,1.337810426714739,1.337810426714739,1.337810426714739,0.2076797545485337,0.2076797545485337,0.2076797545485337,0.2076797545485337,0.2076797545485337,0.2076797545485337,0.2076797545485337,0.2076797545485337,0.2614955008421626,0.2614955008421626,0.2614955008421626,0.2614955008421626,0.2614955008421626,0.5305742323103066,0.5305742323103066,0.5305742323103066,0.5305742323103066,-0.007583230625981649,-0.007583230625981649,0.23703379798142207,0.23703379798142207,-0.1152147232132392,-0.1152147232132392,-0.7104464071477847
-0.8007653537483801,0.01814203444057139,-0.3998686116488372,-0.3998686116488372,-0.07050614063106092,-0.07050614063106092,-0.07050614063106092,-0.02500070950017269,-0.05725525359918527,-0.05725525359918527,0.01814203444057139,0.01814203444057139,0.01814203444057139,0.01814203444057139,0.01814203444057139,0.01814203444057139,0.01814203444057139,0.01814203444057139,-0.02500070950017269,-0.7633423526379678,-0.7633423526379678,-0.7633423526379678,-0.7633423526379678,-0.7633423526379678,-0.7633423526379678,-0.7633423526379678,-0.7633423526379678,-0.7114277058548415,-0.7114277058548415,1.4516825767754173,1.4516825767754173,1.4516825767754173,1.4516825767754173,1.4516825767754173,1.4516825767754173,1.4516825767754173,0.5687804205998015,0.5096416489553758,0.5096416489553758,0.5096416489553758,0.5096416489553758,0.5096416489553758,0.5096416489553758,0.5096416489553758,0.5096416489553758,0.5096416489553758,0.5096416489553758,0.5401496840127076,0.4422311115479633,0.4422311115479633,0.4422311115479633,0.4422311115479633,0.4422311115479633,0.6889329454347204,0.6210482282453983,0.6210482282453983,0.6210482282453983,0.6210482282453983,0.6210482282453983,0.6210482282453983,0.6210482282453983,0.6210482282453983,0.6889329454347204,0.6210482282453983,0.6210482282453983,0.6210482282453983,0.6210482282453983,0.6210482282453983,0.6210482282453983,0.6210482282453983,0.6210482282453983,0.6210482282453983,0.5687804205998015,0.5687804205998015,0.5687804205998015,0.5687804205998015,0.5687804205998015,0.5687804205998015,0.5687804205998015,0.5687804205998015,0.5687804205998015,0.5687804205998015,0.5687804205998015,-0.7633423526379678,-0.7633423526379678,-0.2788056493287897,-0.2788056493287897,-0.727894289321231,-0.7633423526379678,-0.7633423526379678,-0.7633423526379678,-0.7633423526379678,-0.7633423526379678,-0.7633423526379678,0.7012157440261437,0.7012157440261437,0.7012157440261437,0.7012157440261437,0.7012157440261437,0.7012157440261437,0.7012157440261437,0.7012157440261437,0.7012157440261437,0.7012157440261437,0.7012157440261437,0.7012157440261437,0.7012157440261437,0.7012157440261437,0.7012157440261437,0.7012157440261437,0.7012157440261437,0.9109050061178527,0.9109050061178527,0.9109050061178527,0.9109050061178527,0.9109050061178527,0.6210482282453983,0.6210482282453983,0.6210482282453983,0.6210482282453983,0.6210482282453983,0.6210482282453983,0.6210482282453983,0.6210482282453983,0.6889329454347204,-0.59926643194068,-0.8271496551313574,-0.8271496551313574,-0.3379266690571884,-0.43184202306589653,-0.43184202306589653,-0.4864642364612945,-0.4864642364612945,0.16983944632785655,0.16983944632785655,0.16983944632785655,-0.59926643194068,-0.8340680191344477,-0.8095279185391341,-0.8095279185391341,-0.8095279185391341,-0.8340680191344477,-0.8340680191344477,-0.8340680191344477,-0.8340680191344477,-0.791542901507814,-0.791542901507814,-0.8340680191344477,-0.8340680191344477,-0.824316956473777,-0.824316956473777,-0.824316956473777,-0.824316956473777,-0.824316956473777,-0.8340680191344477,-0.8340680191344477,-0.8340680191344477,-0.8340680191344477,-0.8340680191344477,-0.8340680191344477,-0.8340680191344477,-0.8340680191344477,-0.8340680191344477,-0.8340680191344477,-0.8340680191344477,-0.8340680191344477,-0.8340680191344477,1.4516825767754173,1.4516825767754173,1.4516825767754173,0.5401496840127076,-0.8340680191344477,-0.8340680191344477,-0.8340680191344477,-0.8340680191344477,-0.8340680191344477,-0.8340680191344477,-0.8340680191344477,-0.8340680191344477,-0.8340680191344477,-0.8340680191344477,-0.8340680191344477,-0.8340680191344477,-0.8340680191344477,-0.8340680191344477,-0.8340680191344477,-0.5613343393049868,-0.5613343393049868,-0.8340680191344477,-0.8340680191344477,-0.8340680191344477,-0.8340680191344477,-0.8340680191344477,1.4516825767754173,1.4516825767754173,1.4516825767754173,-0.643760160435554,-0.8340680191344477,-0.8314762319567273,-0.8314762319567273,-0.8314762319567273,-0.6672825980460608,-0.6672825980460608,-0.8340680191344477,-0.8340680191344477,-0.8392038049560365,-0.8392038049560365,-0.8392038049560365,-0.8340680191344477,-0.8340680191344477,-0.7827124266091754,-0.7827124266091754,-0.7827124266091754,-0.7827124266091754,0.05906287949905514,0.05906287949905514,0.05906287949905514,0.16983944632785655,0.16983944632785655,0.16983944632785655,0.16983944632785655,0.16983944632785655,0.16983944632785655,0.16983944632785655,0.05906287949905514,-0.6193657322260977,-0.7633423526379678,-0.8556350580301921,-0.8556350580301921,-0.8556350580301921,-0.2788056493287897,-0.2788056493287897,-0.7114277058548415,-0.7114277058548415,-0.7114277058548415,-0.7114277058548415,-0.7114277058548415,-0.8556350580301921,-0.8556350580301921,-0.8556350580301921,-0.2788056493287897,-0.2788056493287897,-0.6220429834321035,-0.6652735193505532,-0.7064978940453424,-0.7114277058548415,-0.2788056493287897,-0.2788056493287897,-0.7035273761155053,-0.673122627933264,-0.6672825980460608,-0.2788056493287897,-0.2788056493287897,-0.675941310376321,-0.7849734554642703,-0.791542901507814,-0.2788056493287897,-0.2788056493287897,-0.7808779666624904,-0.4864642364612945,-0.4864642364612945,-0.7416934464348534,-0.2788056493287897,-0.2788056493287897,-0.2788056493287897,-0.2788056493287897,-0.6430027887512314,-0.7633423526379678,-0.2788056493287897,-0.2788056493287897,-0.791542901507814,-0.59926643194068,-0.59926643194068,-0.2788056493287897,-0.2788056493287897,-0.2788056493287897,-0.2788056493287897,-0.59926643194068,-0.1255853376424797,-0.1255853376424797,-0.2788056493287897,-0.2788056493287897,-0.2788056493287897,-0.2788056493287897,-0.21648889880426156,-0.5311685156356533,-0.2788056493287897,-0.2788056493287897,-0.5613343393049868,-0.6611577131610409,-0.6611577131610409,0.6210482282453983,0.6210482282453983,0.6210482282453983,0.6210482282453983,0.6210482282453983,0.6210482282453983,0.6210482282453983,0.6210482282453983,1.4516825767754173,1.4516825767754173,1.4516825767754173,1.4516825767754173,1.4516825767754173,-0.19933137524104094,-0.19933137524104094,-0.19933137524104094,-0.19933137524104094,-0.19933137524104094,-0.19933137524104094,-0.19933137524104094,-0.19933137524104094,-0.14349998555932486,-0.14349998555932486,-0.14349998555932486,-0.14349998555932486,-0.14349998555932486,0.16983944632785655,0.16983944632785655,0.16983944632785655,0.16983944632785655,-0.3998686116488372,-0.3998686116488372,-0.16916038982356457,-0.16916038982356457,-0.4864642364612945,-0.4864642364612945,-0.8007653537483801
-0.7655449428097514,-0.24475117559455276,-0.5745439487772251,-0.5745439487772251,-0.32319495310162105,-0.32319495310162105,-0.32319495310162105,-0.2834513481892721,-0.3117376229434738,-0.3117376229434738,-0.24475117559455276,-0.24475117559455276,-0.24475117559455276,-0.24475117559455276,-0.24475117559455276,-0.24475117559455276,-0.24475117559455276,-0.24475117559455276,-0.2834513481892721,-0.7557075453598672,-0.7557075453598672,-0.7557075453598672,-0.7557075453598672,-0.7557075453598672,-0.7557075453598672,-0.7557075453598672,-0.7557075453598672,-0.7383952689010893,-0.7383952689010893,1.4965912411460476,1.4965912411460476,1.4965912411460476,1.4965912411460476,1.4965912411460476,1.4965912411460476,1.4965912411460476,0.3274354491347172,0.25956639079679034,0.25956639079679034,0.25956639079679034,0.25956639079679034,0.25956639079679034,0.25956639079679034,0.25956639079679034,0.25956639079679034,0.25956639079679034,0.25956639079679034,0.2943984842883285,0.1839801161977291,0.1839801161977291,0.1839801161977291,0.1839801161977291,0.1839801161977291,0.4696803344510448,0.38860554778426726,0.38860554778426726,0.38860554778426726,0.38860554778426726,0.38860554778426726,0.38860554778426726,0.38860554778426726,0.38860554778426726,0.4696803344510448,0.38860554778426726,0.38860554778426726,0.38860554778426726,0.38860554778426726,0.38860554778426726,0.38860554778426726,0.38860554778426726,0.38860554778426726,0.38860554778426726,0.3274354491347172,0.3274354491347172,0.3274354491347172,0.3274354491347172,0.3274354491347172,0.3274354491347172,0.3274354491347172,0.3274354491347172,0.3274354491347172,0.3274354491347172,0.3274354491347172,-0.7557075453598672,-0.7557075453598672,-0.49006343445140743,-0.49006343445140743,-0.7442946934233594,-0.7557075453598672,-0.7557075453598672,-0.7557075453598672,-0.7557075453598672,-0.7557075453598672,-0.7557075453598672,0.4845433443988015,0.4845433443988015,0.4845433443988015,0.4845433443988015,0.4845433443988015,0.4845433443988015,0.4845433443988015,0.4845433443988015,0.4845433443988015,0.4845433443988015,0.4845433443988015,0.4845433443988015,0.4845433443988015,0.4845433443988015,0.4845433443988015,0.4845433443988015,0.4845433443988015,0.7471612407532576,0.7471612407532576,0.7471612407532576,0.7471612407532576,0.7471612407532576,0.38860554778426726,0.38860554778426726,0.38860554778426726,0.38860554778426726,0.38860554778426726,0.38860554778426726,0.38860554778426726,0.38860554778426726,0.4696803344510448,-0.6897800420511516,-0.7707567562436405,-0.7707567562436405,-0.5325580578208822,-0.5951467929690571,-0.5951467929690571,-0.62856164612163,-0.62856164612163,-0.10114161965190568,-0.10114161965190568,-0.10114161965190568,-0.6897800420511516,-0.7718194263084183,-0.7674575913358446,-0.7674575913358446,-0.7674575913358446,-0.7718194263084183,-0.7718194263084183,-0.7718194263084183,-0.7718194263084183,-0.7633598448510573,-0.7633598448510573,-0.7718194263084183,-0.7718194263084183,-0.7702808158240285,-0.7702808158240285,-0.7702808158240285,-0.7702808158240285,-0.7702808158240285,-0.7718194263084183,-0.7718194263084183,-0.7718194263084183,-0.7718194263084183,-0.7718194263084183,-0.7718194263084183,-0.7718194263084183,-0.7718194263084183,-0.7718194263084183,-0.7718194263084183,-0.7718194263084183,-0.7718194263084183,-0.7718194263084183,1.4965912411460476,1.4965912411460476,1.4965912411460476,0.2943984842883285,-0.7718194263084183,-0.7718194263084183,-0.7718194263084183,-0.7718194263084183,-0.7718194263084183,-0.7718194263084183,-0.7718194263084183,-0.7718194263084183,-0.7718194263084183,-0.7718194263084183,-0.7718194263084183,-0.7718194263084183,-0.7718194263084183,-0.7718194263084183,-0.7718194263084183,-0.6704427427730423,-0.6704427427730423,-0.7718194263084183,-0.7718194263084183,-0.7718194263084183,-0.7718194263084183,-0.7718194263084183,1.4965912411460476,1.4965912411460476,1.4965912411460476,-0.7106922796613426,-0.7718194263084183,-0.7714386660260543,-0.7714386660260543,-0.7714386660260543,-0.720915851982307,-0.720915851982307,-0.7718194263084183,-0.7718194263084183,-0.7725067900546008,-0.7725067900546008,-0.7725067900546008,-0.7718194263084183,-0.7718194263084183,-0.7611142982767194,-0.7611142982767194,-0.7611142982767194,-0.7611142982767194,-0.20714959734834043,-0.20714959734834043,-0.20714959734834043,-0.10114161965190568,-0.10114161965190568,-0.10114161965190568,-0.10114161965190568,-0.10114161965190568,-0.10114161965190568,-0.10114161965190568,-0.20714959734834043,-0.6994727304967839,-0.7557075453598672,-0.7738712452510439,-0.7738712452510439,-0.7738712452510439,-0.49006343445140743,-0.49006343445140743,-0.7383952689010893,-0.7383952689010893,-0.7383952689010893,-0.7383952689010893,-0.7383952689010893,-0.7738712452510439,-0.7738712452510439,-0.7738712452510439,-0.49006343445140743,-0.49006343445140743,-0.700733695210266,-0.7200663162856966,-0.7365606590100446,-0.7383952689010893,-0.49006343445140743,-0.49006343445140743,-0.7354403966483015,-0.7233595523621438,-0.720915851982307,-0.49006343445140743,-0.49006343445140743,-0.7245251602963333,-0.7617029853630095,-0.7633598448510573,-0.49006343445140743,-0.49006343445140743,-0.760629908030376,-0.62856164612163,-0.62856164612163,-0.7489553331918166,-0.49006343445140743,-0.49006343445140743,-0.49006343445140743,-0.49006343445140743,-0.7103532161667412,-0.7557075453598672,-0.49006343445140743,-0.49006343445140743,-0.7633598448510573,-0.6897800420511516,-0.6897800420511516,-0.49006343445140743,-0.49006343445140743,-0.49006343445140743,-0.49006343445140743,-0.6897800420511516,-0.3697777021398428,-0.3697777021398428,-0.49006343445140743,-0.49006343445140743,-0.49006343445140743,-0.49006343445140743,-0.4428517837556231,-0.6541398250699473,-0.49006343445140743,-0.49006343445140743,-0.6704427427730423,-0.7183119436974378,-0.7183119436974378,0.38860554778426726,0.38860554778426726,0.38860554778426726,0.38860554778426726,0.38860554778426726,0.38860554778426726,0.38860554778426726,0.38860554778426726,1.4965912411460476,1.4965912411460476,1.4965912411460476,1.4965912411460476,1.4965912411460476,-0.42943367694428514,-0.42943367694428514,-0.42943367694428514,-0.42943367694428514,-0.42943367694428514,-0.42943367694428514,-0.42943367694428514,-0.42943367694428514,-0.38456011932561657,-0.38456011932561657,-0.38456011932561657,-0.38456011932561657,-0.38456011932561657,-0.10114161965190568,-0.10114161965190568,-0.10114161965190568,-0.10114161965190568,-0.5745439487772251,-0.5745439487772251,-0.40541151793190666,-0.40541151793190666,-0.62856164612163,-0.62856164612163,-0.7655449428097514
1.0,1.0,-1.0,-1.0,-1.0,-1.0,-1.0,1.0,1.0,1.0,-1.0,-1.0,-1.0,-1.0,-1.0,-1.0,-1.0,-1.0,1.0,-1.0,-1.0,-1.0,-1.0,-1.0,-1.0,-1.0,-1.0,-1.0,-1.0,-1.0,-1.0,-1.0,-1.0,-1.0,-1.0,-1.0,-1.0,-1.0,-1.0,-1.0,-1.0,-1.0,-1.0,-1.0,-1.0,-1.0,-1.0,-1.0,-1.0,-1.0,-1.0,-1.0,-1.0,-1.0,-1.0,-1.0,-1.0,-1.0,-1.0,-1.0,-1.0,-1.0,-1.0,-1.0,-1.0,-1.0,-1.0,-1.0,-1.0,-1.0,-1.0,-1.0,-1.0,-1.0,-1.0,-1.0,-1.0,-1.0,-1.0,-1.0,-1.0,-1.0,-1.0,1.0,1.0,-1.0,-1.0,-1.0,-1.0,-1.0,-1.0,-1.0,-1.0,-1.0,-1.0,-1.0,-1.0,-1.0,-1.0,-1.0,-1.0,-1.0,-1.0,-1.0,-1.0,-1.0,-1.0,-1.0,-1.0,-1.0,-1.0,-1.0,-1.0,-1.0,-1.0,-1.0,-1.0,-1.0,-1.0,-1.0,-1.0,-1.0,-1.0,-1.0,-1.0,1.0,-1.0,-1.0,-1.0,-1.0,-1.0,-1.0,-1.0,-1.0,-1.0,-1.0,1.0,-1.0,-1.0,-1.0,-1.0,-1.0,-1.0,-1.0,-1.0,-1.0,-1.0,-1.0,-1.0,-1.0,-1.0,-1.0,-1.0,-1.0,-1.0,-1.0,-1.0,-1.0,-1.0,-1.0,-1.0,-1.0,-1.0,-1.0,-1.0,-1.0,-1.0,-1.0,-1.0,-1.0,-1.0,-1.0,-1.0,-1.0,-1.0,-1.0,-1.0,-1.0,-1.0,-1.0,-1.0,-1.0,-1.0,-1.0,-1.0,-1.0,-1.0,-1.0,-1.0,-1.0,-1.0,-1.0,-1.0,-1.0,-1.0,-1.0,-1.0,-1.0,-1.0,-1.0,-1.0,-1.0,-1.0,-1.0,-1.0,-1.0,-1.0,-1.0,-1.0,-1.0,-1.0,-1.0,-1.0,-1.0,-1.0,-1.0,-1.0,-1.0,-1.0,-1.0,-1.0,-1.0,-1.0,-1.0,-1.0,-1.0,-1.0,-1.0,-1.0,-1.0,-1.0,-1.0,-1.0,-1.0,-1.0,-1.0,-1.0,-1.0,-1.0,-1.0,-1.0,-1.0,-1.0,-1.0,-1.0,-1.0,-1.0,-1.0,-1.0,-1.0,-1.0,-1.0,-1.0,-1.0,-1.0,-1.0,-1.0,-1.0,-1.0,-1.0,-1.0,-1.0,-1.0,-1.0,-1.0,-1.0,-1.0,-1.0,-1.0,-1.0,-1.0,-1.0,-1.0,-1.0,-1.0,-1.0,-1.0,-1.0,-1.0,-1.0,-1.0,-1.0,-1.0,-1.0,-1.0,-1.0,-1.0,-1.0,-1.0,-1.0,-1.0,-1.0,-1.0,-1.0,-1.0,-1.0,-1.0,-1.0,-1.0,-1.0,-1.0,-1.0,-1.0,-1.0,-1.0,-1.0,-1.0,-1.0,-1.0,-1.0,-1.0,-1.0,-1.0,-1.0,-1.0,-1.0,-1.0,-1.0,-1.0,-1.0,-1.0,-1.0,-1.0,-1.0,-1.0,-1.0,-1.0,1.0
-1.0,-1.0,-1.0,-1.0,-1.0,-1.0,-1.0,-1.0,-1.0,-1.0,-1.0,-1.0,-1.0,-1.0,-1.0,-1.0,-1.0,-1.0,-1.0,-1.0,-1.0,-1.0,-1.0,-1.0,-1.0,-1.0,-1.0,-1.0,-1.0,-1.0,-1.0,-1.0,-1.0,-1.0,-1.0,-1.0,-1.0,-1.0,-1.0,-1.0,-1.0,-1.0,-1.0,-1.0,-1.0,-1.0,-1.0,-1.0,-1.0,-1.0,-1.0,-1.0,-1.0,-1.0,-1.0,-1.0,-1.0,-1.0,-1.0,-1.0,-1.0,-1.0,-1.0,-1.0,-1.0,-1.0,-1.0,-1.0,-1.0,-1.0,-1.0,-1.0,-1.0,-1.0,-1.0,-1.0,-1.0,-1.0,-1.0,-1.0,-1.0,-1.0,-1.0,-1.0,-1.0,-1.0,-1.0,-1.0,-1.0,-1.0,-1.0,-1.0,-1.0,-1.0,-1.0,-1.0,-1.0,-1.0,-1.0,-1.0,-1.0,-1.0,-1.0,-1.0,-1.0,-1.0,-1.0,-1.0,-1.0,-1.0,-1.0,-1.0,-1.0,-1.0,-1.0,-1.0,-1.0,-1.0,-1.0,-1.0,-1.0,-1.0,-1.0,-1.0,-1.0,-1.0,-1.0,-1.0,-1.0,-1.0,-1.0,-1.0,-1.0,-1.0,-1.0,-1.0,-1.0,-1.0,-1.0,-1.0,-1.0,-1.0,-1.0,-1.0,-1.0,-1.0,-1.0,-1.0,-1.0,-1.0,-1.0,-1.0,-1.0,-1.0,-1.0,-1.0,-1.0,-1.0,-1.0,-1.0,-1.0,-1.0,-1.0,-1.0,-1.0,-1.0,-1.0,-1.0,-1.0,-1.0,-1.0,-1.0,-1.0,-1.0,-1.0,-1.0,-1.0,-1.0,-1.0,-1.0,-1.0,-1.0,-1.0,-1.0,-1.0,-1.0,-1.0,-1.0,-1.0,-1.0,-1.0,-1.0,-1.0,-1.0,-1.0,-1.0,-1.0,-1.0,-1.0,-1.0,-1.0,-1.0,-1.0,-1.0,-1.0,-1.0,-1.0,-1.0,-1.0,-1.0,-1.0,-1.0,-1.0,-1.0,-1.0,-1.0,-1.0,-1.0,-1.0,-1.0,-1.0,-1.0,-1.0,-1.0,-1.0,-1.0,-1.0,-1.0,-1.0,-1.0,-1.0,-1.0,-1.0,-1.0,-1.0,-1.0,-1.0,-1.0,-1.0,-1.0,-1.0,-1.0,-1.0,-1.0,-1.0,-1.0,-1.0,-1.0,-1.0,-1.0,-1.0,-1.0,-1.0,-1.0,-1.0,-1.0,-1.0,-1.0,-1.0,-1.0,-1.0,-1.0,-1.0,-1.0,-1.0,-1.0,-1.0,-1.0,-1.0,-1.0,-1.0,-1.0,-1.0,-1.0,-1.0,-1.0,-1.0,-1.0,-1.0,-1.0,-1.0,-1.0,-1.0,-1.0,-1.0,-1.0,-1.0,-1.0,-1.0,-1.0,-1.0,-1.0,-1.0,-1.0,-1.0,-1.0,-1.0,-1.0,-1.0,-1.0,-1.0,-1.0,-1.0,-1.0,-1.0,-1.0,-1.0,-1.0,-1.0,-1.0,-1.0,-1.0,-1.0,-1.0,-1.0,-1.0,-1.0,-1.0,-1.0,-1.0,-1.0,-1.0,-1.0,-1.0,-1.0,-1.0,-1.0,-1.0
-1.0,-1.0,1.0,1.0,1.0,1.0,1.0,1.0,1.0,1.0,-1.0,-1.0,-1.0,-1.0,-1.0,-1.0,-1.0,-1.0,1.0,-1.0,-1.0,-1.0,-1.0,-1.0,-1.0,-1.0,-1.0,-1.0,-1.0,-1.0,-1.0,-1.0,-1.0,-1.0,-1.0,-1.0,-1.0,-1.0,-1.0,-1.0,-1.0,-1.0,-1.0,-1.0,-1.0,-1.0,-1.0,-1.0,-1.0,-1.0,-1.0,-1.0,-1.0,-1.0,-1.0,-1.0,-1.0,-1.0,-1.0,-1.0,-1.0,-1.0,-1.0,-1.0,-1.0,-1.0,-1.0,-1.0,-1.0,-1.0,-1.0,-1.0,-1.0,-1.0,-1.0,-1.0,-1.0,-1.0,-1.0,-1.0,-1.0,-1.0,-1.0,1.0,1.0,-1.0,-1.0,-1.0,-1.0,-1.0,-1.0,-1.0,-1.0,-1.0,-1.0,-1.0,-1.0,-1.0,-1.0,-1.0,-1.0,-1.0,-1.0,-1.0,-1.0,-1.0,-1.0,-1.0,-1.0,-1.0,-1.0,-1.0,-1.0,-1.0,-1.0,-1.0,-1.0,-1.0,-1.0,-1.0,-1.0,-1.0,-1.0,-1.0,1.0,-1.0,1.0,1.0,1.0,-1.0,-1.0,-1.0,-1.0,1.0,1.0,1.0,-1.0,1.0,-1.0,-1.0,-1.0,1.0,1.0,1.0,1.0,-1.0,-1.0,1.0,1.0,-1.0,-1.0,-1.0,-1.0,-1.0,1.0,1.0,1.0,1.0,1.0,1.0,1.0,1.0,1.0,1.0,1.0,1.0,1.0,1.0,1.0,1.0,-1.0,1.0,1.0,1.0,1.0,1.0,1.0,1.0,1.0,1.0,1.0,1.0,1.0,1.0,1.0,1.0,1.0,1.0,1.0,1.0,1.0,1.0,1.0,1.0,1.0,1.0,-1.0,1.0,-1.0,-1.0,-1.0,1.0,1.0,1.0,1.0,-1.0,-1.0,-1.0,1.0,1.0,-1.0,-1.0,-1.0,-1.0,1.0,1.0,1.0,1.0,1.0,1.0,1.0,1.0,1.0,1.0,1.0,1.0,1.0,-1.0,-1.0,-1.0,-1.0,-1.0,-1.0,-1.0,-1.0,-1.0,1.0,-1.0,-1.0,-1.0,1.0,1.0,1.0,1.0,1.0,1.0,1.0,1.0,1.0,1.0,1.0,1.0,1.0,1.0,1.0,1.0,1.0,1.0,1.0,1.0,1.0,1.0,1.0,1.0,1.0,1.0,1.0,1.0,1.0,1.0,1.0,1.0,1.0,1.0,1.0,1.0,1.0,1.0,1.0,1.0,1.0,1.0,1.0,1.0,1.0,1.0,1.0,1.0,1.0,1.0,1.0,1.0,1.0,1.0,1.0,1.0,1.0,1.0,1.0,1.0,1.0,1.0,1.0,1.0,-1.0,-1.0,-1.0,-1.0,-1.0,-1.0,-1.0,-1.0,-1.0,-1.0,-1.0,-1.0,-1.0,-1.0,-1.0,-1.0,-1.0,1.0,1.0,1.0,1.0,1.0,1.0,-1.0
-1.0,-1.0,-1.0,-1.0,-1.0,-1.0,-1.0,-1.0,-1.0,-1.0,-1.0,-1.0,-1.0,-1.0,-1.0,-1.0,-1.0,-1.0,-1.0,-1.0,-1.0,-1.0,-1.0,-1.0,-1.0,-1.0,-1.0,-1.0,-1.0,-1.0,-1.0,-1.0,-1.0,-1.0,-1.0,-1.0,-1.0,-1.0,-1.0,-1.0,-1.0,-1.0,-1.0,-1.0,-1.0,-1.0,-1.0,-1.0,-1.0,-1.0,-1.0,-1.0,-1.0,-1.0,-1.0,-1.0,-1.0,-1.0,-1.0,-1.0,-1.0,-1.0,-1.0,-1.0,-1.0,-1.0,-1.0,-1.0,-1.0,-1.0,-1.0,-1.0,-1.0,-1.0,-1.0,-1.0,-1.0,-1.0,-1.0,-1.0,-1.0,-1.0,-1.0,-1.0,-1.0,-1.0,-1.0,-1.0,-1.0,-1.0,-1.0,-1.0,-1.0,-1.0,-1.0,-1.0,-1.0,-1.0,-1.0,-1.0,-1.0,-1.0,-1.0,-1.0,-1.0,-1.0,-1.0,-1.0,-1.0,-1.0,-1.0,-1.0,-1.0,-1.0,-1.0,-1.0,-1.0,-1.0,-1.0,-1.0,-1.0,-1.0,-1.0,-1.0,-1.0,-1.0,-1.0,-1.0,-1.0,-1.0,-1.0,-1.0,-1.0,-1.0,-1.0,-1.0,-1.0,-1.0,1.0,1.0,1.0,-1.0,-1.0,-1.0,-1.0,-1.0,-1.0,-1.0,-1.0,1.0,1.0,1.0,1.0,1.0,-1.0,-1.0,-1.0,-1.0,-1.0,-1.0,-1.0,-1.0,-1.0,-1.0,-1.0,-1.0,-1.0,-1.0,-1.0,-1.0,-1.0,-1.0,-1.0,-1.0,-1.0,-1.0,-1.0,-1.0,-1.0,-1.0,-1.0,-1.0,-1.0,-1.0,-1.0,-1.0,-1.0,-1.0,-1.0,-1.0,-1.0,-1.0,-1.0,-1.0,-1.0,-1.0,-1.0,-1.0,1.0,1.0,1.0,-1.0,-1.0,-1.0,-1.0,1.0,1.0,1.0,-1.0,-1.0,-1.0,-1.0,-1.0,-1.0,-1.0,-1.0,-1.0,-1.0,-1.0,-1.0,-1.0,-1.0,-1.0,-1.0,-1.0,-1.0,-1.0,-1.0,-1.0,-1.0,-1.0,-1.0,-1.0,-1.0,-1.0,-1.0,-1.0,-1.0,-1.0,-1.0,-1.0,-1.0,-1.0,-1.0,-1.0,-1.0,-1.0,-1.0,-1.0,-1.0,-1.0,-1.0,-1.0,-1.0,-1.0,-1.0,-1.0,-1.0,-1.0,-1.0,-1.0,-1.0,-1.0,-1.0,-1.0,-1.0,-1.0,-1.0,-1.0,-1.0,-1.0,-1.0,-1.0,-1.0,-1.0,-1.0,-1.0,-1.0,-1.0,-1.0,-1.0,-1.0,-1.0,-1.0,-1.0,-1.0,-1.0,-1.0,-1.0,-1.0,-1.0,-1.0,-1.0,-1.0,-1.0,-1.0,-1.0,-1.0,-1.0,-1.0,-1.0,-1.0,-1.0,-1.0,-1.0,-1.0,-1.0,-1.0,-1.0,-1.0,-1.0,-1.0,-1.0,-1.0,-1.0,-1.0,-1.0,-1.0,-1.0,-1.0,-1.0,-1.0,-1.0,-1.0,-1.0,-1.0,-1.0,-1.0
-1.0,-1.0,-1.0,-1.0,-1.0,-1.0,-1.0,-1.0,-1.0,-1.0,-1.0,-1.0,-1.0,-1.0,-1.0,-1.0,-1.0,-1.0,-1.0,-1.0,-1.0,-1.0,-1.0,-1.0,-1.0,-1.0,-1.0,-1.0,-1.0,-1.0,-1.0,-1.0,-1.0,-1.0,-1.0,-1.0,-1.0,-1.0,-1.0,-1.0,-1.0,-1.0,-1.0,-1.0,-1.0,-1.0,-1.0,-1.0,-1.0,-1.0,-1.0,-1.0,-1.0,-1.0,-1.0,-1.0,-1.0,-1.0,-1.0,-1.0,-1.0,-1.0,-1.0,-1.0,-1.0,-1.0,-1.0,-1.0,-1.0,-1.0,-1.0,-1.0,-1.0,-1.0,-1.0,-1.0,-1.0,-1.0,-1.0,-1.0,-1.0,-1.0,-1.0,-1.0,-1.0,-1.0,-1.0,-1.0,-1.0,-1.0,-1.0,-1.0,-1.0,-1.0,-1.0,-1.0,-1.0,-1.0,-1.0,-1.0,-1.0,-1.0,-1.0,-1.0,-1.0,-1.0,-1.0,-1.0,-1.0,-1.0,-1.0,-1.0,-1.0,-1.0,-1.0,-1.0,-1.0,-1.0,-1.0,-1.0,-1.0,-1.0,-1.0,-1.0,-1.0,-1.0,-1.0,-1.0,-1.0,-1.0,-1.0,-1.0,-1.0,-1.0,-1.0,-1.0,-1.0,-1.0,-1.0,-1.0,-1.0,-1.0,-1.0,-1.0,-1.0,-1.0,-1.0,-1.0,-1.0,-1.0,-1.0,-1.0,-1.0,-1.0,-1.0,-1.0,-1.0,-1.0,-1.0,-1.0,-1.0,-1.0,-1.0,-1.0,-1.0,-1.0,-1.0,-1.0,-1.0,-1.0,-1.0,-1.0,-1.0,-1.0,-1.0,-1.0,-1.0,-1.0,-1.0,-1.0,-1.0,-1.0,-1.0,-1.0,-1.0,-1.0,-1.0,-1.0,-1.0,-1.0,-1.0,-1.0,-1.0,-1.0,-1.0,-1.0,-1.0,-1.0,-1.0,-1.0,-1.0,-1.0,-1.0,-1.0,-1.0,-1.0,-1.0,-1.0,-1.0,-1.0,-1.0,-1.0,-1.0,-1.0,-1.0,-1.0,-1.0,-1.0,-1.0,-1.0,-1.0,-1.0,-1.0,-1.0,-1.0,-1.0,-1.0,-1.0,-1.0,-1.0,-1.0,-1.0,-1.0,-1.0,-1.0,-1.0,-1.0,-1.0,-1.0,-1.0,-1.0,-1.0,-1.0,-1.0,-1.0,-1.0,-1.0,-1.0,-1.0,-1.0,-1.0,-1.0,-1.0,-1.0,-1.0,-1.0,-1.0,-1.0,-1.0,-1.0,-1.0,-1.0,-1.0,-1.0,-1.0,-1.0,-1.0,-1.0,-1.0,-1.0,-1.0,-1.0,-1.0,-1.0,-1.0,-1.0,-1.0,-1.0,-1.0,-1.0,-1.0,-1.0,-1.0,-1.0,-1.0,-1.0,-1.0,-1.0,-1.0,-1.0,-1.0,-1.0,-1.0,-1.0,-1.0,-1.0,-1.0,-1.0,-1.0,-1.0,-1.0,-1.0,-1.0,-1.0,-1.0,-1.0,-1.0,-1.0,-1.0,-1.0,-1.0,-1.0,-1.0,-1.0,-1.0,-1.0,-1.0,-1.0,-1.0,-1.0,-1.0,-1.0,-1.0,-1.0,-1.0,-1.0,-1.0,-1.0
-1.0,-1.0,-1.0,-1.0,-1.0,-1.0,-1.0,-1.0,-1.0,-1.0,-1.0,-1.0,-1.0,-1.0,-1.0,-1.0,-1.0,-1.0,-1.0,-1.0,-1.0,-1.0,-1.0,-1.0,-1.0,-1.0,-1.0,-1.0,-1.0,-1.0,-1.0,-1.0,-1.0,-1.0,-1.0,-1.0,-1.0,-1.0,-1.0,-1.0,-1.0,-1.0,-1.0,-1.0,-1.0,-1.0,-1.0,-1.0,-1.0,-1.0,-1.0,-1.0,-1.0,-1.0,-1.0,-1.0,-1.0,-1.0,-1.0,-1.0,-1.0,-1.0,-1.0,-1.0,-1.0,-1.0,-1.0,-1.0,-1.0,-1.0,-1.0,-1.0,-1.0,-1.0,-1.0,-1.0,-1.0,-1.0,-1.0,-1.0,-1.0,-1.0,-1.0,-1.0,-1.0,-1.0,-1.0,-1.0,-1.0,-1.0,-1.0,-1.0,-1.0,-1.0,-1.0,-1.0,-1.0,-1.0,-1.0,-1.0,-1.0,-1.0,-1.0,-1.0,-1.0,-1.0,-1.0,-1.0,-1.0,-1.0,-1.0,-1.0,-1.0,-1.0,-1.0,-1.0,-1.0,-1.0,-1.0,-1.0,-1.0,-1.0,-1.0,-1.0,-1.0,-1.0,-1.0,-1.0,-1.0,-1.0,-1.0,-1.0,-1.0,-1.0,-1.0,-1.0,-1.0,-1.0,-1.0,-1.0,-1.0,-1.0,-1.0,-1.0,-1.0,-1.0,-1.0,-1.0,-1.0,-1.0,-1.0,-1.0,-1.0,-1.0,-1.0,-1.0,-1.0,-1.0,-1.0,-1.0,-1.0,-1.0,-1.0,-1.0,-1.0,-1.0,-1.0,-1.0,-1.0,-1.0,-1.0,-1.0,-1.0,-1.0,-1.0,-1.0,-1.0,-1.0,-1.0,-1.0,-1.0,-1.0,-1.0,-1.0,-1.0,-1.0,-1.0,-1.0,-1.0,-1.0,-1.0,-1.0,-1.0,-1.0,-1.0,-1.0,-1.0,-1.0,-1.0,-1.0,-1.0,-1.0,-1.0,-1.0,-1.0,-1.0,-1.0,-1.0,-1.0,-1.0,-1.0,-1.0,-1.0,-1.0,-1.0,-1.0,-1.0,-1.0,-1.0,-1.0,-1.0,-1.0,-1.0,-1.0,-1.0,-1.0,-1.0,-1.0,-1.0,-1.0,-1.0,-1.0,-1.0,-1.0,-1.0,-1.0,-1.0,-1.0,-1.0,-1.0,-1.0,-1.0,-1.0,-1.0,-1.0,-1.0,-1.0,-1.0,-1.0,-1.0,-1.0,-1.0,-1.0,-1.0,-1.0,-1.0,-1.0,-1.0,-1.0,-1.0,-1.0,-1.0,-1.0,-1.0,-1.0,-1.0,-1.0,-1.0,-1.0,-1.0,-1.0,-1.0,-1.0,-1.0,-1.0,-1.0,-1.0,-1.0,-1.0,-1.0,-1.0,-1.0,-1.0,-1.0,-1.0,-1.0,-1.0,-1.0,-1.0,-1.0,-1.0,-1.0,-1.0,-1.0,-1.0,-1.0,-1.0,-1.0,-1.0,-1.0,-1.0,-1.0,-1.0,-1.0,-1.0,-1.0,-1.0,-1.0,-1.0,-1.0,-1.0,-1.0,-1.0,-1.0,-1.0,-1.0,-1.0,-1.0,-1.0,-1.0,-1.0,-1.0,-1.0,-1.0,-1.0,-1.0,-1.0,-1.0
1.0,-1.0,-1.0,-1.0,-1.0,-1.0,-1.0,-1.0,-1.0,-1.0,-1.0,-1.0,-1.0,-1.0,-1.0,-1.0,-1.0,-1.0,-1.0,-1.0,-1.0,-1.0,-1.0,-1.0,-1.0,-1.0,-1.0,-1.0,-1.0,-1.0,-1.0,-1.0,-1.0,-1.0,-1.0,-1.0,-1.0,-1.0,-1.0,-1.0,-1.0,-1.0,-1.0,-1.0,-1.0,-1.0,-1.0,-1.0,-1.0,-1.0,-1.0,-1.0,-1.0,-1.0,-1.0,-1.0,-1.0,-1.0,-1.0,-1.0,-1.0,-1.0,-1.0,-1.0,-1.0,-1.0,-1.0,-1.0,-1.0,-1.0,-1.0,-1.0,-1.0,-1.0,-1.0,-1.0,-1.0,-1.0,-1.0,-1.0,-1.0,-1.0,-1.0,-1.0,-1.0,-1.0,-1.0,-1.0,-1.0,-1.0,-1.0,-1.0,-1.0,-1.0,-1.0,-1.0,-1.0,-1.0,-1.0,-1.0,-1.0,-1.0,-1.0,-1.0,-1.0,-1.0,-1.0,-1.0,-1.0,-1.0,-1.0,-1.0,-1.0,-1.0,-1.0,-1.0,-1.0,-1.0,-1.0,-1.0,-1.0,-1.0,-1.0,-1.0,-1.0,-1.0,-1.0,-1.0,-1.0,-1.0,-1.0,-1.0,-1.0,-1.0,-1.0,-1.0,-1.0,-1.0,-1.0,-1.0,-1.0,-1.0,-1.0,-1.0,-1.0,-1.0,-1.0,-1.0,-1.0,-1.0,-1.0,-1.0,-1.0,-1.0,-1.0,-1.0,-1.0,-1.0,-1.0,-1.0,-1.0,-1.0,-1.0,-1.0,-1.0,-1.0,-1.0,-1.0,-1.0,-1.0,-1.0,-1.0,-1.0,-1.0,-1.0,-1.0,-1.0,-1.0,-1.0,-1.0,-1.0,-1.0,-1.0,-1.0,-1.0,-1.0,-1.0,-1.0,-1.0,-1.0,-1.0,-1.0,-1.0,-1.0,-1.0,-1.0,-1.0,-1.0,-1.0,-1.0,-1.0,-1.0,-1.0,-1.0,-1.0,-1.0,-1.0,-1.0,-1.0,-1.0,-1.0,-1.0,-1.0,-1.0,-1.0,-1.0,-1.0,-1.0,-1.0,-1.0,-1.0,-1.0,-1.0,-1.0,-1.0,-1.0,-1.0,-1.0,-1.0,-1.0,-1.0,-1.0,-1.0,-1.0,-1.0,-1.0,-1.0,-1.0,-1.0,-1.0,-1.0,-1.0,-1.0,-1.0,-1.0,-1.0,-1.0,-1.0,-1.0,-1.0,-1.0,-1.0,-1.0,-1.0,-1.0,-1.0,-1.0,-1.0,-1.0,-1.0,-1.0,-1.0,-1.0,-1.0,-1.0,-1.0,-1.0,-1.0,-1.0,-1.0,-1.0,-1.0,-1.0,-1.0,-1.0,-1.0,-1.0,-1.0,-1.0,-1.0,-1.0,-1.0,-1.0,-1.0,-1.0,-1.0,-1.0,-1.0,-1.0,-1.0,-1.0,-1.0,-1.0,-1.0,-1.0,-1.0,-1.0,-1.0,-1.0,-1.0,-1.0,-1.0,-1.0,-1.0,-1.0,-1.0,-1.0,-1.0,-1.0,-1.0,-1.0,-1.0,-1.0,-1.0,-1.0,-1.0,-1.0,-1.0,-1.0,-1.0,-1.0,-1.0,-1.0,-1.0,-1.0,-1.0,-1.0,1.0
-1.0,-1.0,-1.0,-1.0,-1.0,-1.0,-1.0,-1.0,-1.0,-1.0,1.0,1.0,1.0,1.0,1.0,1.0,1.0,1.0,-1.0,-1.0,-1.0,-1.0,-1.0,-1.0,-1.0,-1.0,-1.0,-1.0,-1.0,1.0,1.0,1.0,1.0,1.0,-1.0,-1.0,-1.0,1.0,1.0,1.0,1.0,1.0,1.0,1.0,1.0,1.0,1.0,-1.0,1.0,1.0,1.0,1.0,1.0,-1.0,1.0,1.0,1.0,1.0,1.0,1.0,1.0,1.0,-1.0,1.0,1.0,1.0,1.0,1.0,1.0,1.0,1.0,-1.0,1.0,1.0,1.0,1.0,1.0,1.0,1.0,1.0,1.0,1.0,1.0,-1.0,-1.0,1.0,1.0,1.0,-1.0,-1.0,-1.0,-1.0,-1.0,-1.0,1.0,1.0,1.0,1.0,1.0,1.0,1.0,1.0,1.0,1.0,1.0,1.0,1.0,1.0,1.0,1.0,1.0,1.0,1.0,1.0,1.0,1.0,1.0,1.0,1.0,1.0,1.0,1.0,1.0,1.0,-1.0,-1.0,-1.0,-1.0,-1.0,-1.0,-1.0,-1.0,-1.0,1.0,1.0,1.0,-1.0,-1.0,-1.0,-1.0,-1.0,-1.0,-1.0,-1.0,-1.0,-1.0,-1.0,-1.0,-1.0,-1.0,-1.0,-1.0,-1.0,-1.0,-1.0,-1.0,-1.0,-1.0,-1.0,-1.0,-1.0,-1.0,-1.0,-1.0,-1.0,-1.0,-1.0,-1.0,-1.0,-1.0,-1.0,-1.0,-1.0,-1.0,-1.0,-1.0,-1.0,-1.0,-1.0,-1.0,-1.0,-1.0,-1.0,-1.0,-1.0,-1.0,-1.0,-1.0,-1.0,-1.0,-1.0,-1.0,-1.0,-1.0,-1.0,-1.0,-1.0,-1.0,-1.0,-1.0,-1.0,-1.0,-1.0,-1.0,-1.0,-1.0,-1.0,-1.0,-1.0,-1.0,1.0,1.0,1.0,1.0,-1.0,-1.0,-1.0,1.0,1.0,1.0,1.0,1.0,1.0,1.0,-1.0,-1.0,-1.0,1.0,1.0,1.0,-1.0,-1.0,1.0,1.0,1.0,1.0,-1.0,1.0,1.0,1.0,-1.0,-1.0,-1.0,-1.0,-1.0,-1.0,-1.0,-1.0,-1.0,-1.0,-1.0,-1.0,-1.0,-1.0,-1.0,-1.0,-1.0,-1.0,-1.0,-1.0,-1.0,-1.0,-1.0,-1.0,-1.0,-1.0,-1.0,-1.0,-1.0,-1.0,-1.0,-1.0,-1.0,-1.0,-1.0,-1.0,-1.0,-1.0,-1.0,-1.0,-1.0,-1.0,-1.0,-1.0,-1.0,-1.0,-1.0,-1.0,-1.0,-1.0,-1.0,1.0,1.0,1.0,1.0,1.0,1.0,1.0,1.0,1.0,1.0,1.0,1.0,1.0,1.0,1.0,1.0,1.0,1.0,1.0,1.0,1.0,1.0,1.0,1.0,1.0,1.0,1.0,1.0,1.0,1.0,-1.0,-1.0,-1.0,-1.0,-1.0,-1.0,-1.0
-1.0,-1.0,-1.0,-1.0,-1.0,-1.0,-1.0,-1.0,-1.0,-1.0,-1.0,-1.0,-1.0,-1.0,-1.0,-1.0,-1.0,-1.0,-1.0,-1.0,-1.0,-1.0,-1.0,-1.0,-1.0,-1.0,-1.0,-1.0,-1.0,-1.0,-1.0,-1.0,-1.0,-1.0,1.0,1.0,-1.0,-1.0,-1.0,-1.0,-1.0,-1.0,-1.0,-1.0,-1.0,-1.0,-1.0,-1.0,-1.0,-1.0,-1.0,-1.0,-1.0,-1.0,-1.0,-1.0,-1.0,-1.0,-1.0,-1.0,-1.0,-1.0,-1.0,-1.0,-1.0,-1.0,-1.0,-1.0,-1.0,-1.0,-1.0,-1.0,-1.0,-1.0,-1.0,-1.0,-1.0,-1.0,-1.0,-1.0,-1.0,-1.0,-1.0,-1.0,-1.0,-1.0,-1.0,-1.0,-1.0,-1.0,-1.0,-1.0,-1.0,-1.0,-1.0,-1.0,-1.0,-1.0,-1.0,-1.0,-1.0,-1.0,-1.0,-1.0,-1.0,-1.0,-1.0,-1.0,-1.0,-1.0,-1.0,-1.0,-1.0,-1.0,-1.0,-1.0,-1.0,-1.0,-1.0,-1.0,-1.0,-1.0,-1.0,-1.0,-1.0,-1.0,-1.0,-1.0,-1.0,-1.0,-1.0,-1.0,-1.0,-1.0,-1.0,-1.0,-1.0,-1.0,-1.0,-1.0,-1.0,-1.0,-1.0,-1.0,-1.0,-1.0,-1.0,-1.0,-1.0,-1.0,-1.0,-1.0,-1.0,-1.0,-1.0,-1.0,-1.0,-1.0,-1.0,-1.0,-1.0,-1.0,-1.0,-1.0,-1.0,-1.0,-1.0,-1.0,-1.0,-1.0,-1.0,-1.0,-1.0,-1.0,-1.0,-1.0,-1.0,-1.0,-1.0,-1.0,-1.0,-1.0,-1.0,-1.0,-1.0,-1.0,-1.0,-1.0,-1.0,-1.0,-1.0,-1.0,-1.0,-1.0,-1.0,-1.0,-1.0,-1.0,-1.0,-1.0,-1.0,-1.0,-1.0,-1.0,-1.0,-1.0,-1.0,-1.0,-1.0,-1.0,-1.0,-1.0,-1.0,-1.0,-1.0,-1.0,-1.0,-1.0,-1.0,-1.0,-1.0,-1.0,-1.0,-1.0,-1.0,-1.0,-1.0,-1.0,-1.0,-1.0,-1.0,-1.0,-1.0,-1.0,-1.0,-1.0,-1.0,-1.0,-1.0,-1.0,-1.0,-1.0,-1.0,-1.0,-1.0,-1.0,1.0,1.0,-1.0,-1.0,-1.0,1.0,1.0,-1.0,-1.0,-1.0,1.0,1.0,-1.0,-1.0,-1.0,-1.0,1.0,1.0,1.0,1.0,-1.0,-1.0,1.0,1.0,-1.0,-1.0,-1.0,1.0,1.0,1.0,1.0,-1.0,-1.0,-1.0,1.0,1.0,1.0,1.0,-1.0,-1.0,1.0,1.0,-1.0,-1.0,-1.0,-1.0,-1.0,-1.0,-1.0,-1.0,-1.0,-1.0,-1.0,-1.0,-1.0,-1.0,-1.0,-1.0,-1.0,-1.0,-1.0,-1.0,-1.0,-1.0,-1.0,-1.0,-1.0,-1.0,-1.0,-1.0,-1.0,-1.0,-1.0,-1.0,-1.0,-1.0,-1.0,-1.0,-1.0,-1.0,-1.0,-1.0
-1.0,-1.0,-1.0,-1.0,-1.0,-1.0,-1.0,-1.0,-1.0,-1.0,-1.0,-1.0,-1.0,-1.0,-1.0,-1.0,-1.0,-1.0,-1.0,1.0,1.0,1.0,1.0,1.0,1.0,1.0,1.0,-1.0,-1.0,-1.0,-1.0,-1.0,-1.0,-1.0,-1.0,-1.0,1.0,-1.0,-1.0,-1.0,-1.0,-1.0,-1.0,-1.0,-1.0,-1.0,-1.0,1.0,-1.0,-1.0,-1.0,-1.0,-1.0,1.0,-1.0,-1.0,-1.0,-1.0,-1.0,-1.0,-1.0,-1.0,1.0,-1.0,-1.0,-1.0,-1.0,-1.0,-1.0,-1.0,-1.0,1.0,-1.0,-1.0,-1.0,-1.0,-1.0,-1.0,-1.0,-1.0,-1.0,-1.0,-1.0,-1.0,-1.0,-1.0,-1.0,1.0,1.0,1.0,1.0,1.0,1.0,1.0,-1.0,-1.0,-1.0,-1.0,-1.0,-1.0,-1.0,-1.0,-1.0,-1.0,-1.0,-1.0,-1.0,-1.0,-1.0,-1.0,-1.0,-1.0,-1.0,-1.0,-1.0,-1.0,-1.0,-1.0,-1.0,-1.0,-1.0,-1.0,-1.0,-1.0,-1.0,-1.0,-1.0,-1.0,-1.0,-1.0,-1.0,-1.0,-1.0,-1.0,-1.0,-1.0,-1.0,-1.0,-1.0,-1.0,-1.0,-1.0,-1.0,-1.0,-1.0,-1.0,-1.0,-1.0,-1.0,-1.0,-1.0,-1.0,-1.0,-1.0,-1.0,-1.0,-1.0,-1.0,-1.0,-1.0,-1.0,-1.0,-1.0,-1.0,-1.0,-1.0,-1.0,-1.0,-1.0,-1.0,-1.0,-1.0,-1.0,-1.0,-1.0,-1.0,-1.0,-1.0,-1.0,-1.0,-1.0,-1.0,-1.0,-1.0,-1.0,-1.0,-1.0,-1.0,-1.0,-1.0,-1.0,-1.0,-1.0,-1.0,-1.0,-1.0,-1.0,-1.0,-1.0,-1.0,-1.0,-1.0,-1.0,-1.0,-1.0,-1.0,-1.0,-1.0,-1.0,-1.0,1.0,1.0,1.0,1.0,-1.0,-1.0,-1.0,-1.0,-1.0,-1.0,-1.0,-1.0,-1.0,-1.0,-1.0,-1.0,-1.0,-1.0,-1.0,-1.0,-1.0,-1.0,-1.0,-1.0,-1.0,-1.0,-1.0,-1.0,-1.0,-1.0,-1.0,-1.0,-1.0,-1.0,-1.0,-1.0,-1.0,-1.0,1.0,-1.0,-1.0,-1.0,-1.0,1.0,-1.0,-1.0,-1.0,-1.0,1.0,-1.0,-1.0,-1.0,-1.0,-1.0,-1.0,-1.0,1.0,-1.0,-1.0,-1.0,1.0,-1.0,-1.0,-1.0,-1.0,-1.0,-1.0,1.0,-1.0,-1.0,-1.0,-1.0,-1.0,-1.0,1.0,-1.0,-1.0,-1.0,1.0,-1.0,-1.0,-1.0,-1.0,-1.0,-1.0,-1.0,-1.0,-1.0,-1.0,-1.0,-1.0,-1.0,-1.0,-1.0,-1.0,-1.0,-1.0,-1.0,-1.0,-1.0,-1.0,-1.0,-1.0,-1.0,-1.0,-1.0,-1.0,-1.0,-1.0,-1.0,-1.0,-1.0,-1.0,-1.0,-1.0,-1.0,-1.0,-1.0
-1.0,-1.0,-1.0,-1.0,-1.0,-1.0,-1.0,-1.0,-1.0,-1.0,-1.0,-1.0,-1.0,-1.0,-1.0,-1.0,-1.0,-1.0,-1.0,-1.0,-1.0,-1.0,-1.0,-1.0,-1.0,-1.0,-1.0,-1.0,-1.0,-1.0,-1.0,-1.0,-1.0,-1.0,-1.0,-1.0,-1.0,-1.0,-1.0,-1.0,-1.0,-1.0,-1.0,-1.0,-1.0,-1.0,-1.0,-1.0,-1.0,-1.0,-1.0,-1.0,-1.0,-1.0,-1.0,-1.0,-1.0,-1.0,-1.0,-1.0,-1.0,-1.0,-1.0,-1.0,-1.0,-1.0,-1.0,-1.0,-1.0,-1.0,-1.0,-1.0,-1.0,-1.0,-1.0,-1.0,-1.0,-1.0,-1.0,-1.0,-1.0,-1.0,-1.0,-1.0,-1.0,-1.0,-1.0,-1.0,-1.0,-1.0,-1.0,-1.0,-1.0,-1.0,-1.0,-1.0,-1.0,-1.0,-1.0,-1.0,-1.0,-1.0,-1.0,-1.0,-1.0,-1.0,-1.0,-1.0,-1.0,-1.0,-1.0,-1.0,-1.0,-1.0,-1.0,-1.0,-1.0,-1.0,-1.0,-1.0,-1.0,-1.0,-1.0,-1.0,-1.0,-1.0,-1.0,-1.0,-1.0,-1.0,-1.0,-1.0,-1.0,-1.0,-1.0,-1.0,-1.0,-1.0,-1.0,-1.0,-1.0,-1.0,-1.0,-1.0,-1.0,1.0,1.0,-1.0,-1.0,-1.0,-1.0,-1.0,-1.0,-1.0,-1.0,-1.0,-1.0,-1.0,-1.0,-1.0,-1.0,-1.0,-1.0,-1.0,-1.0,-1.0,-1.0,-1.0,-1.0,-1.0,-1.0,-1.0,-1.0,-1.0,-1.0,-1.0,-1.0,-1.0,-1.0,-1.0,-1.0,-1.0,-1.0,-1.0,-1.0,-1.0,-1.0,-1.0,-1.0,-1.0,-1.0,-1.0,-1.0,-1.0,-1.0,-1.0,-1.0,-1.0,-1.0,-1.0,-1.0,-1.0,-1.0,-1.0,-1.0,-1.0,-1.0,-1.0,-1.0,-1.0,-1.0,-1.0,-1.0,-1.0,-1.0,-1.0,-1.0,-1.0,-1.0,-1.0,-1.0,-1.0,-1.0,-1.0,-1.0,-1.0,-1.0,-1.0,-1.0,-1.0,-1.0,-1.0,-1.0,-1.0,-1.0,-1.0,-1.0,-1.0,-1.0,-1.0,-1.0,-1.0,-1.0,-1.0,-1.0,-1.0,-1.0,-1.0,-1.0,-1.0,-1.0,-1.0,-1.0,-1.0,-1.0,-1.0,-1.0,-1.0,-1.0,-1.0,-1.0,-1.0,-1.0,-1.0,-1.0,-1.0,-1.0,-1.0,-1.0,-1.0,-1.0,-1.0,-1.0,-1.0,-1.0,-1.0,-1.0,-1.0,-1.0,-1.0,-1.0,-1.0,-1.0,-1.0,-1.0,-1.0,-1.0,-1.0,-1.0,-1.0,-1.0,-1.0,-1.0,-1.0,-1.0,-1.0,-1.0,-1.0,-1.0,-1.0,-1.0,-1.0,-1.0,-1.0,-1.0,-1.0,-1.0,-1.0,-1.0,-1.0,-1.0,-1.0,-1.0,-1.0,-1.0,-1.0,-1.0,-1.0,-1.0,-1.0,-1.0,-1.0,-1.0,-1.0,-1.0,-1.0,-1.0,-1.0
-1.0,-1.0,-1.0,-1.0,-1.0,-1.0,-1.0,-1.0,-1.0,-1.0,-1.0,-1.0,-1.0,-1.0,-1.0,-1.0,-1.0,-1.0,-1.0,-1.0,-1.0,-1.0,-1.0,-1.0,-1.0,-1.0,-1.0,-1.0,-1.0,-1.0,-1.0,-1.0,-1.0,-1.0,-1.0,-1.0,-1.0,-1.0,-1.0,-1.0,-1.0,-1.0,-1.0,-1.0,-1.0,-1.0,-1.0,-1.0,-1.0,-1.0,-1.0,-1.0,-1.0,-1.0,-1.0,-1.0,-1.0,-1.0,-1.0,-1.0,-1.0,-1.0,-1.0,-1.0,-1.0,-1.0,-1.0,-1.0,-1.0,-1.0,-1.0,-1.0,-1.0,-1.0,-1.0,-1.0,-1.0,-1.0,-1.0,-1.0,-1.0,-1.0,-1.0,-1.0,-1.0,-1.0,-1.0,-1.0,-1.0,-1.0,-1.0,-1.0,-1.0,-1.0,-1.0,-1.0,-1.0,-1.0,-1.0,-1.0,-1.0,-1.0,-1.0,-1.0,-1.0,-1.0,-1.0,-1.0,-1.0,-1.0,-1.0,-1.0,-1.0,-1.0,-1.0,-1.0,-1.0,-1.0,-1.0,-1.0,-1.0,-1.0,-1.0,-1.0,-1.0,-1.0,-1.0,-1.0,-1.0,-1.0,-1.0,-1.0,-1.0,-1.0,-1.0,-1.0,-1.0,-1.0,-1.0,-1.0,-1.0,-1.0,-1.0,-1.0,-1.0,-1.0,-1.0,-1.0,-1.0,-1.0,-1.0,-1.0,-1.0,-1.0,-1.0,-1.0,-1.0,-1.0,-1.0,-1.0,-1.0,-1.0,-1.0,-1.0,-1.0,-1.0,-1.0,-1.0,-1.0,-1.0,-1.0,-1.0,-1.0,-1.0,-1.0,-1.0,-1.0,-1.0,-1.0,-1.0,-1.0,-1.0,-1.0,-1.0,-1.0,-1.0,-1.0,-1.0,-1.0,-1.0,-1.0,-1.0,-1.0,-1.0,-1.0,-1.0,-1.0,-1.0,-1.0,-1.0,-1.0,-1.0,-1.0,-1.0,-1.0,-1.0,-1.0,-1.0,-1.0,-1.0,-1.0,-1.0,-1.0,-1.0,-1.0,-1.0,-1.0,-1.0,-1.0,-1.0,-1.0,-1.0,-1.0,-1.0,-1.0,-1.0,-1.0,-1.0,-1.0,-1.0,-1.0,-1.0,-1.0,-1.0,-1.0,-1.0,-1.0,-1.0,-1.0,-1.0,-1.0,-1.0,-1.0,-1.0,-1.0,-1.0,-1.0,-1.0,-1.0,-1.0,-1.0,-1.0,-1.0,-1.0,-1.0,-1.0,-1.0,-1.0,-1.0,-1.0,-1.0,-1.0,-1.0,-1.0,-1.0,-1.0,-1.0,-1.0,-1.0,-1.0,-1.0,-1.0,-1.0,-1.0,-1.0,-1.0,-1.0,-1.0,-1.0,-1.0,-1.0,-1.0,-1.0,-1.0,-1.0,-1.0,-1.0,-1.0,-1.0,-1.0,-1.0,-1.0,-1.0,-1.0,-1.0,-1.0,-1.0,-1.0,-1.0,-1.0,-1.0,-1.0,-1.0,-1.0,-1.0,-1.0,-1.0,-1.0,-1.0,-1.0,-1.0,-1.0,-1.0,-1.0,-1.0,-1.0,-1.0,-1.0,-1.0,-1.0,-1.0,-1.0,-1.0,-1.0,-1.0,-1.0,-1.0,-1.0
-1.0,-1.0,-1.0,-1.0,-1.0,-1.0,-1.0,-1.0,-1.0,-1.0,-1.0,-1.0,-1.0,-1.0,-1.0,-1.0,-1.0,-1.0,-1.0,-1.0,-1.0,-1.0,-1.0,-1.0,-1.0,-1.0,-1.0,-1.0,-1.0,-1.0,-1.0,-1.0,-1.0,-1.0,-1.0,-1.0,-1.0,-1.0,-1.0,-1.0,-1.0,-1.0,-1.0,-1.0,-1.0,-1.0,-1.0,-1.0,-1.0,-1.0,-1.0,-1.0,-1.0,-1.0,-1.0,-1.0,-1.0,-1.0,-1.0,-1.0,-1.0,-1.0,-1.0,-1.0,-1.0,-1.0,-1.0,-1.0,-1.0,-1.0,-1.0,-1.0,-1.0,-1.0,-1.0,-1.0,-1.0,-1.0,-1.0,-1.0,-1.0,-1.0,-1.0,-1.0,-1.0,-1.0,-1.0,-1.0,-1.0,-1.0,-1.0,-1.0,-1.0,-1.0,-1.0,-1.0,-1.0,-1.0,-1.0,-1.0,-1.0,-1.0,-1.0,-1.0,-1.0,-1.0,-1.0,-1.0,-1.0,-1.0,-1.0,-1.0,-1.0,-1.0,-1.0,-1.0,-1.0,-1.0,-1.0,-1.0,-1.0,-1.0,-1.0,-1.0,-1.0,-1.0,-1.0,-1.0,-1.0,-1.0,-1.0,-1.0,-1.0,-1.0,-1.0,-1.0,-1.0,-1.0,-1.0,-1.0,-1.0,-1.0,-1.0,-1.0,-1.0,-1.0,-1.0,-1.0,-1.0,-1.0,-1.0,-1.0,-1.0,-1.0,-1.0,-1.0,-1.0,-1.0,-1.0,-1.0,-1.0,-1.0,-1.0,-1.0,-1.0,-1.0,-1.0,-1.0,-1.0,-1.0,-1.0,-1.0,-1.0,-1.0,-1.0,-1.0,-1.0,-1.0,-1.0,-1.0,-1.0,-1.0,-1.0,-1.0,-1.0,-1.0,-1.0,-1.0,-1.0,-1.0,-1.0,-1.0,-1.0,-1.0,-1.0,-1.0,-1.0,-1.0,-1.0,-1.0,-1.0,-1.0,-1.0,-1.0,-1.0,-1.0,-1.0,-1.0,-1.0,-1.0,-1.0,-1.0,-1.0,-1.0,-1.0,-1.0,-1.0,-1.0,-1.0,-1.0,-1.0,-1.0,-1.0,-1.0,-1.0,-1.0,-1.0,-1.0,-1.0,-1.0,-1.0,-1.0,-1.0,-1.0,-1.0,-1.0,-1.0,-1.0,-1.0,-1.0,-1.0,-1.0,-1.0,-1.0,-1.0,-1.0,-1.0,-1.0,-1.0,-1.0,-1.0,-1.0,-1.0,-1.0,-1.0,-1.0,-1.0,-1.0,-1.0,-1.0,-1.0,-1.0,-1.0,-1.0,-1.0,-1.0,-1.0,-1.0,-1.0,-1.0,-1.0,-1.0,-1.0,-1.0,-1.0,-1.0,-1.0,-1.0,-1.0,-1.0,-1.0,-1.0,-1.0,-1.0,-1.0,-1.0,-1.0,-1.0,-1.0,-1.0,-1.0,-1.0,-1.0,-1.0,-1.0,-1.0,-1.0,-1.0,-1.0,-1.0,-1.0,-1.0,-1.0,-1.0,-1.0,-1.0,-1.0,-1.0,-1.0,-1.0,-1.0,-1.0,-1.0,-1.0,-1.0,-1.0,-1.0,-1.0,-1.0,-1.0,-1.0,-1.0,-1.0,-1.0,-1.0,-1.0,-1.0,-1.0
-1.0,-1.0,-1.0,-1.0,-1.0,-1.0,-1.0,-1.0,-1.0,-1.0,-1.0,-1.0,-1.0,-1.0,-1.0,-1.0,-1.0,-1.0,-1.0,1.0,1.0,1.0,1.0,1.0,1.0,1.0,1.0,-1.0,-1.0,-1.0,-1.0,-1.0,-1.0,-1.0,-1.0,-1.0,-1.0,-1.0,-1.0,-1.0,-1.0,-1.0,-1.0,-1.0,-1.0,-1.0,-1.0,-1.0,-1.0,-1.0,-1.0,-1.0,-1.0,-1.0,-1.0,-1.0,-1.0,-1.0,-1.0,-1.0,-1.0,-1.0,-1.0,-1.0,-1.0,-1.0,-1.0,-1.0,-1.0,-1.0,-1.0,-1.0,-1.0,-1.0,-1.0,-1.0,-1.0,-1.0,-1.0,-1.0,-1.0,-1.0,-1.0,-1.0,-1.0,-1.0,-1.0,-1.0,1.0,1.0,1.0,1.0,1.0,1.0,-1.0,-1.0,-1.0,-1.0,-1.0,-1.0,-1.0,-1.0,-1.0,-1.0,-1.0,-1.0,-1.0,-1.0,-1.0,-1.0,-1.0,-1.0,-1.0,-1.0,-1.0,-1.0,-1.0,-1.0,-1.0,-1.0,-1.0,-1.0,-1.0,-1.0,-1.0,-1.0,-1.0,-1.0,-1.0,-1.0,-1.0,-1.0,-1.0,-1.0,-1.0,-1.0,-1.0,-1.0,-1.0,-1.0,-1.0,-1.0,-1.0,-1.0,-1.0,-1.0,-1.0,-1.0,-1.0,-1.0,-1.0,-1.0,-1.0,-1.0,-1.0,-1.0,-1.0,-1.0,-1.0,-1.0,-1.0,-1.0,-1.0,-1.0,-1.0,-1.0,-1.0,-1.0,-1.0,-1.0,-1.0,-1.0,-1.0,-1.0,-1.0,-1.0,-1.0,-1.0,-1.0,-1.0,-1.0,-1.0,-1.0,-1.0,-1.0,-1.0,-1.0,-1.0,-1.0,-1.0,-1.0,-1.0,-1.0,-1.0,-1.0,-1.0,-1.0,-1.0,-1.0,-1.0,-1.0,-1.0,-1.0,-1.0,-1.0,-1.0,-1.0,-1.0,-1.0,-1.0,-1.0,-1.0,-1.0,-1.0,-1.0,-1.0,-1.0,-1.0,-1.0,-1.0,-1.0,-1.0,-1.0,-1.0,-1.0,-1.0,-1.0,-1.0,-1.0,-1.0,-1.0,-1.0,-1.0,-1.0,-1.0,-1.0,-1.0,-1.0,-1.0,-1.0,-1.0,-1.0,-1.0,-1.0,-1.0,-1.0,-1.0,-1.0,-1.0,-1.0,-1.0,-1.0,-1.0,-1.0,-1.0,-1.0,-1.0,-1.0,-1.0,-1.0,-1.0,-1.0,-1.0,-1.0,-1.0,-1.0,-1.0,-1.0,-1.0,-1.0,-1.0,-1.0,-1.0,-1.0,-1.0,-1.0,-1.0,-1.0,-1.0,-1.0,-1.0,-1.0,-1.0,-1.0,-1.0,-1.0,-1.0,-1.0,-1.0,-1.0,-1.0,-1.0,-1.0,-1.0,-1.0,-1.0,-1.0,-1.0,-1.0,-1.0,-1.0,-1.0,-1.0,-1.0,-1.0,-1.0,-1.0,-1.0,-1.0,-1.0,-1.0,-1.0,-1.0,-1.0,-1.0,-1.0,-1.0,-1.0,-1.0,-1.0,-1.0,-1.0,-1.0,-1.0,-1.0,-1.0,-1.0,-1.0
-1.0,-1.0,-1.0,-1.0,-1.0,-1.0,-1.0,-1.0,-1.0,-1.0,-1.0,-1.0,-1.0,-1.0,-1.0,-1.0,-1.0,-1.0,-1.0,-1.0,-1.0,-1.0,-1.0,-1.0,-1.0,-1.0,-1.0,-1.0,-1.0,-1.0,-1.0,-1.0,-1.0,-1.0,-1.0,-1.0,-1.0,-1.0,-1.0,-1.0,-1.0,-1.0,-1.0,-1.0,-1.0,-1.0,-1.0,-1.0,-1.0,-1.0,-1.0,-1.0,-1.0,-1.0,-1.0,-1.0,-1.0,-1.0,-1.0,-1.0,-1.0,-1.0,-1.0,-1.0,-1.0,-1.0,-1.0,-1.0,-1.0,-1.0,-1.0,-1.0,-1.0,-1.0,-1.0,-1.0,-1.0,-1.0,-1.0,-1.0,-1.0,-1.0,-1.0,-1.0,-1.0,-1.0,-1.0,-1.0,-1.0,-1.0,-1.0,-1.0,-1.0,-1.0,-1.0,-1.0,-1.0,-1.0,-1.0,-1.0,-1.0,-1.0,-1.0,-1.0,-1.0,-1.0,-1.0,-1.0,-1.0,-1.0,-1.0,-1.0,-1.0,-1.0,-1.0,-1.0,-1.0,-1.0,-1.0,-1.0,-1.0,-1.0,-1.0,-1.0,-1.0,-1.0,-1.0,-1.0,-1.0,-1.0,-1.0,-1.0,-1.0,-1.0,-1.0,-1.0,-1.0,-1.0,-1.0,-1.0,-1.0,-1.0,-1.0,-1.0,-1.0,-1.0,-1.0,-1.0,-1.0,-1.0,-1.0,-1.0,-1.0,-1.0,-1.0,-1.0,-1.0,-1.0,-1.0,-1.0,-1.0,-1.0,-1.0,-1.0,-1.0,-1.0,-1.0,-1.0,-1.0,-1.0,-1.0,-1.0,-1.0,-1.0,-1.0,-1.0,-1.0,-1.0,-1.0,-1.0,-1.0,-1.0,-1.0,-1.0,-1.0,-1.0,-1.0,-1.0,-1.0,-1.0,-1.0,-1.0,-1.0,-1.0,-1.0,-1.0,-1.0,-1.0,-1.0,-1.0,-1.0,-1.0,-1.0,-1.0,-1.0,-1.0,-1.0,-1.0,-1.0,-1.0,-1.0,-1.0,-1.0,-1.0,-1.0,-1.0,-1.0,-1.0,-1.0,-1.0,-1.0,-1.0,-1.0,-1.0,-1.0,-1.0,-1.0,-1.0,-1.0,-1.0,-1.0,-1.0,-1.0,-1.0,-1.0,-1.0,-1.0,-1.0,-1.0,-1.0,-1.0,-1.0,-1.0,-1.0,-1.0,-1.0,-1.0,-1.0,-1.0,-1.0,-1.0,-1.0,-1.0,-1.0,-1.0,-1.0,-1.0,-1.0,-1.0,-1.0,-1.0,-1.0,-1.0,-1.0,-1.0,-1.0,-1.0,-1.0,-1.0,-1.0,-1.0,-1.0,-1.0,-1.0,-1.0,-1.0,-1.0,-1.0,-1.0,-1.0,-1.0,-1.0,-1.0,-1.0,-1.0,-1.0,-1.0,-1.0,-1.0,-1.0,-1.0,-1.0,-1.0,-1.0,-1.0,-1.0,-1.0,-1.0,-1.0,-1.0,-1.0,-1.0,-1.0,-1.0,-1.0,-1.0,-1.0,-1.0,-1.0,-1.0,-1.0,-1.0,-1.0,-1.0,-1.0,-1.0,-1.0,-1.0,-1.0,-1.0,-1.0,-1.0,-1.0,-1.0,-1.0,-1.0,-1.0,-1.0
-1.0,-1.0,-1.0,-1.0,-1.0,-1.0,-1.0,-1.0,-1.0,-1.0,1.0,1.0,1.0,1.0,1.0,1.0,1.0,1.0,-1.0,-1.0,-1.0,-1.0,-1.0,-1.0,-1.0,-1.0,-1.0,-1.0,-1.0,1.0,1.0,1.0,1.0,1.0,-1.0,-1.0,-1.0,1.0,1.0,1.0,1.0,1.0,1.0,1.0,1.0,1.0,1.0,-1.0,1.0,1.0,1.0,1.0,1.0,-1.0,1.0,1.0,1.0,1.0,1.0,1.0,1.0,1.0,-1.0,1.0,1.0,1.0,1.0,1.0,1.0,1.0,1.0,-1.0,1.0,1.0,1.0,1.0,1.0,1.0,1.0,1.0,1.0,1.0,1.0,-1.0,-1.0,1.0,1.0,1.0,-1.0,-1.0,-1.0,-1.0,-1.0,-1.0,1.0,1.0,1.0,1.0,1.0,1.0,1.0,1.0,1.0,1.0,1.0,1.0,1.0,1.0,1.0,1.0,1.0,1.0,1.0,1.0,1.0,1.0,1.0,1.0,1.0,1.0,1.0,1.0,1.0,1.0,-1.0,-1.0,-1.0,-1.0,-1.0,-1.0,-1.0,-1.0,-1.0,1.0,1.0,1.0,-1.0,-1.0,-1.0,-1.0,-1.0,-1.0,-1.0,-1.0,-1.0,-1.0,-1.0,-1.0,-1.0,-1.0,-1.0,-1.0,-1.0,-1.0,-1.0,-1.0,-1.0,-1.0,-1.0,-1.0,-1.0,-1.0,-1.0,-1.0,-1.0,-1.0,-1.0,-1.0,-1.0,-1.0,-1.0,-1.0,-1.0,-1.0,-1.0,-1.0,-1.0,-1.0,-1.0,-1.0,-1.0,-1.0,-1.0,-1.0,-1.0,-1.0,-1.0,-1.0,-1.0,-1.0,-1.0,-1.0,-1.0,-1.0,-1.0,-1.0,-1.0,-1.0,-1.0,-1.0,-1.0,-1.0,-1.0,-1.0,-1.0,-1.0,-1.0,-1.0,-1.0,-1.0,1.0,1.0,1.0,1.0,-1.0,-1.0,-1.0,1.0,1.0,1.0,1.0,1.0,1.0,1.0,-1.0,-1.0,-1.0,1.0,1.0,1.0,-1.0,-1.0,1.0,1.0,1.0,1.0,-1.0,1.0,1.0,1.0,-1.0,-1.0,-1.0,-1.0,-1.0,-1.0,-1.0,-1.0,-1.0,-1.0,-1.0,-1.0,-1.0,-1.0,-1.0,-1.0,-1.0,-1.0,-1.0,-1.0,-1.0,-1.0,-1.0,-1.0,-1.0,-1.0,-1.0,-1.0,-1.0,-1.0,-1.0,-1.0,-1.0,-1.0,-1.0,-1.0,-1.0,-1.0,-1.0,-1.0,-1.0,-1.0,-1.0,-1.0,-1.0,-1.0,-1.0,-1.0,-1.0,-1.0,-1.0,1.0,1.0,1.0,1.0,1.0,1.0,1.0,1.0,1.0,1.0,1.0,1.0,1.0,1.0,1.0,1.0,1.0,1.0,1.0,1.0,1.0,1.0,1.0,1.0,1.0,1.0,1.0,1.0,1.0,1.0,-1.0,-1.0,-1.0,-1.0,-1.0,-1.0,-1.0
-1.0,-1.0,-1.0,-1.0,-1.0,-1.0,-1.0,-1.0,-1.0,-1.0,-1.0,-1.0,-1.0,-1.0,-1.0,-1.0,-1.0,-1.0,-1.0,-1.0,-1.0,-1.0,-1.0,-1.0,-1.0,-1.0,-1.0,-1.0,-1.0,-1.0,-1.0,-1.0,-1.0,-1.0,-1.0,-1.0,-1.0,-1.0,-1.0,-1.0,-1.0,-1.0,-1.0,-1.0,-1.0,-1.0,-1.0,-1.0,-1.0,-1.0,-1.0,-1.0,-1.0,-1.0,-1.0,-1.0,-1.0,-1.0,-1.0,-1.0,-1.0,-1.0,-1.0,-1.0,-1.0,-1.0,-1.0,-1.0,-1.0,-1.0,-1.0,-1.0,-1.0,-1.0,-1.0,-1.0,-1.0,-1.0,-1.0,-1.0,-1.0,-1.0,-1.0,-1.0,-1.0,-1.0,-1.0,-1.0,-1.0,-1.0,-1.0,-1.0,-1.0,-1.0,-1.0,-1.0,-1.0,-1.0,-1.0,-1.0,-1.0,-1.0,-1.0,-1.0,-1.0,-1.0,-1.0,-1.0,-1.0,-1.0,-1.0,-1.0,-1.0,-1.0,-1.0,-1.0,-1.0,-1.0,-1.0,-1.0,-1.0,-1.0,-1.0,-1.0,-1.0,-1.0,-1.0,-1.0,-1.0,-1.0,-1.0,-1.0,-1.0,-1.0,-1.0,-1.0,-1.0,-1.0,-1.0,-1.0,-1.0,-1.0,-1.0,-1.0,-1.0,-1.0,-1.0,-1.0,-1.0,-1.0,-1.0,-1.0,-1.0,-1.0,-1.0,-1.0,-1.0,-1.0,-1.0,-1.0,-1.0,-1.0,-1.0,-1.0,-1.0,-1.0,-1.0,-1.0,-1.0,-1.0,-1.0,-1.0,-1.0,-1.0,-1.0,-1.0,-1.0,-1.0,-1.0,-1.0,-1.0,-1.0,-1.0,-1.0,-1.0,-1.0,-1.0,-1.0,-1.0,-1.0,-1.0,-1.0,-1.0,-1.0,-1.0,-1.0,-1.0,-1.0,-1.0,-1.0,-1.0,-1.0,-1.0,-1.0,-1.0,-1.0,-1.0,-1.0,-1.0,-1.0,-1.0,-1.0,-1.0,-1.0,-1.0,-1.0,-1.0,-1.0,-1.0,-1.0,-1.0,-1.0,-1.0,-1.0,-1.0,-1.0,-1.0,-1.0,-1.0,-1.0,-1.0,-1.0,-1.0,-1.0,-1.0,-1.0,-1.0,-1.0,-1.0,-1.0,-1.0,-1.0,-1.0,-1.0,-1.0,-1.0,-1.0,-1.0,-1.0,-1.0,-1.0,-1.0,-1.0,-1.0,-1.0,-1.0,-1.0,-1.0,-1.0,-1.0,-1.0,-1.0,-1.0,-1.0,-1.0,-1.0,-1.0,-1.0,-1.0,-1.0,-1.0,-1.0,-1.0,-1.0,-1.0,-1.0,-1.0,-1.0,-1.0,-1.0,-1.0,-1.0,-1.0,-1.0,-1.0,-1.0,-1.0,-1.0,-1.0,-1.0,-1.0,-1.0,-1.0,-1.0,-1.0,-1.0,-1.0,-1.0,-1.0,-1.0,-1.0,-1.0,-1.0,-1.0,-1.0,-1.0,-1.0,-1.0,-1.0,-1.0,-1.0,-1.0,-1.0,-1.0,-1.0,-1.0,-1.0,-1.0,-1.0,-1.0,-1.0,-1.0,-1.0,-1.0,-1.0,-1.0,-1.0,-1.0
-1.0,-1.0,-1.0,-1.0,-1.0,-1.0,-1.0,-1.0,-1.0,-1.0,-1.0,-1.0,-1.0,-1.0,-1.0,-1.0,-1.0,-1.0,-1.0,-1.0,-1.0,-1.0,-1.0,-1.0,-1.0,-1.0,-1.0,-1.0,-1.0,-1.0,-1.0,-1.0,-1.0,-1.0,-1.0,-1.0,-1.0,-1.0,-1.0,-1.0,-1.0,-1.0,-1.0,-1.0,-1.0,-1.0,-1.0,-1.0,-1.0,-1.0,-1.0,-1.0,-1.0,-1.0,-1.0,-1.0,-1.0,-1.0,-1.0,-1.0,-1.0,-1.0,-1.0,-1.0,-1.0,-1.0,-1.0,-1.0,-1.0,-1.0,-1.0,-1.0,-1.0,-1.0,-1.0,-1.0,-1.0,-1.0,-1.0,-1.0,-1.0,-1.0,-1.0,1.0,1.0,-1.0,-1.0,-1.0,-1.0,-1.0,-1.0,-1.0,-1.0,-1.0,-1.0,-1.0,-1.0,-1.0,-1.0,-1.0,-1.0,-1.0,-1.0,-1.0,-1.0,-1.0,-1.0,-1.0,-1.0,-1.0,-1.0,-1.0,-1.0,-1.0,-1.0,-1.0,-1.0,-1.0,-1.0,-1.0,-1.0,-1.0,-1.0,-1.0,-1.0,-1.0,-1.0,-1.0,-1.0,-1.0,-1.0,-1.0,-1.0,-1.0,-1.0,-1.0,-1.0,-1.0,-1.0,-1.0,-1.0,-1.0,-1.0,-1.0,-1.0,-1.0,-1.0,-1.0,-1.0,-1.0,-1.0,-1.0,-1.0,-1.0,-1.0,-1.0,-1.0,-1.0,-1.0,-1.0,-1.0,-1.0,-1.0,-1.0,-1.0,-1.0,-1.0,-1.0,-1.0,-1.0,-1.0,-1.0,-1.0,-1.0,-1.0,-1.0,-1.0,-1.0,-1.0,-1.0,-1.0,-1.0,-1.0,-1.0,-1.0,-1.0,-1.0,-1.0,-1.0,-1.0,-1.0,-1.0,-1.0,-1.0,-1.0,-1.0,-1.0,-1.0,-1.0,-1.0,-1.0,-1.0,-1.0,-1.0,-1.0,-1.0,-1.0,-1.0,-1.0,-1.0,-1.0,-1.0,-1.0,-1.0,-1.0,-1.0,-1.0,-1.0,-1.0,-1.0,-1.0,-1.0,-1.0,-1.0,-1.0,-1.0,-1.0,-1.0,-1.0,-1.0,-1.0,-1.0,-1.0,-1.0,-1.0,-1.0,-1.0,-1.0,-1.0,-1.0,-1.0,-1.0,-1.0,-1.0,-1.0,-1.0,-1.0,-1.0,-1.0,-1.0,-1.0,-1.0,-1.0,-1.0,-1.0,-1.0,-1.0,-1.0,-1.0,-1.0,-1.0,-1.0,-1.0,-1.0,-1.0,-1.0,-1.0,-1.0,-1.0,-1.0,-1.0,-1.0,-1.0,-1.0,-1.0,-1.0,-1.0,-1.0,-1.0,-1.0,-1.0,-1.0,-1.0,-1.0,-1.0,-1.0,-1.0,-1.0,-1.0,-1.0,-1.0,-1.0,-1.0,-1.0,-1.0,-1.0,-1.0,-1.0,-1.0,-1.0,-1.0,-1.0,-1.0,-1.0,-1.0,-1.0,-1.0,-1.0,-1.0,-1.0,-1.0,-1.0,-1.0,-1.0,-1.0,-1.0,-1.0,-1.0,-1.0,-1.0,-1.0,-1.0,-1.0,-1.0,-1.0,-1.0,-1.0,-1.0
-1.0,-1.0,-1.0,-1.0,-1.0,-1.0,-1.0,-1.0,-1.0,-1.0,-1.0,-1.0,-1.0,-1.0,-1.0,-1.0,-1.0,-1.0,-1.0,-1.0,-1.0,-1.0,-1.0,-1.0,-1.0,-1.0,-1.0,-1.0,-1.0,-1.0,-1.0,-1.0,-1.0,-1.0,-1.0,-1.0,-1.0,-1.0,-1.0,-1.0,-1.0,-1.0,-1.0,-1.0,-1.0,-1.0,-1.0,-1.0,-1.0,-1.0,-1.0,-1.0,-1.0,-1.0,-1.0,-1.0,-1.0,-1.0,-1.0,-1.0,-1.0,-1.0,-1.0,-1.0,-1.0,-1.0,-1.0,-1.0,-1.0,-1.0,-1.0,-1.0,-1.0,-1.0,-1.0,-1.0,-1.0,-1.0,-1.0,-1.0,-1.0,-1.0,-1.0,-1.0,-1.0,-1.0,-1.0,-1.0,-1.0,-1.0,-1.0,-1.0,-1.0,-1.0,-1.0,-1.0,-1.0,-1.0,-1.0,-1.0,-1.0,-1.0,-1.0,-1.0,-1.0,-1.0,-1.0,-1.0,-1.0,-1.0,-1.0,-1.0,-1.0,-1.0,-1.0,-1.0,-1.0,-1.0,-1.0,-1.0,-1.0,-1.0,-1.0,-1.0,-1.0,-1.0,-1.0,-1.0,-1.0,-1.0,-1.0,-1.0,-1.0,-1.0,-1.0,-1.0,-1.0,-1.0,-1.0,-1.0,-1.0,-1.0,-1.0,-1.0,-1.0,-1.0,-1.0,-1.0,-1.0,-1.0,-1.0,-1.0,-1.0,-1.0,-1.0,-1.0,-1.0,-1.0,-1.0,-1.0,-1.0,-1.0,-1.0,-1.0,-1.0,-1.0,-1.0,-1.0,-1.0,-1.0,-1.0,-1.0,-1.0,-1.0,-1.0,-1.0,-1.0,-1.0,-1.0,-1.0,-1.0,-1.0,-1.0,-1.0,-1.0,-1.0,-1.0,-1.0,-1.0,-1.0,-1.0,-1.0,-1.0,-1.0,-1.0,-1.0,-1.0,-1.0,-1.0,-1.0,-1.0,-1.0,-1.0,-1.0,-1.0,-1.0,-1.0,-1.0,-1.0,-1.0,-1.0,-1.0,-1.0,-1.0,-1.0,-1.0,-1.0,-1.0,-1.0,-1.0,-1.0,-1.0,-1.0,-1.0,-1.0,-1.0,-1.0,-1.0,-1.0,-1.0,-1.0,-1.0,-1.0,-1.0,-1.0,-1.0,-1.0,-1.0,-1.0,-1.0,-1.0,-1.0,-1.0,-1.0,-1.0,-1.0,-1.0,-1.0,-1.0,-1.0,-1.0,-1.0,-1.0,-1.0,-1.0,-1.0,-1.0,-1.0,-1.0,-1.0,-1.0,-1.0,-1.0,-1.0,-1.0,-1.0,-1.0,-1.0,-1.0,-1.0,-1.0,-1.0,-1.0,-1.0,-1.0,-1.0,-1.0,-1.0,-1.0,-1.0,-1.0,-1.0,-1.0,-1.0,-1.0,-1.0,-1.0,-1.0,-1.0,-1.0,-1.0,-1.0,-1.0,-1.0,-1.0,-1.0,-1.0,-1.0,-1.0,-1.0,-1.0,-1.0,-1.0,-1.0,-1.0,-1.0,-1.0,-1.0,-1.0,-1.0,-1.0,-1.0,-1.0,-1.0,-1.0,-1.0,-1.0,-1.0,-1.0,-1.0,-1.0,-1.0,-1.0,-1.0,-1.0,-1.0,-1.0,-1.0
-1.0,-1.0,-1.0,-1.0,-1.0,-1.0,-1.0,-1.0,-1.0,-1.0,-1.0,-1.0,-1.0,-1.0,-1.0,-1.0,-1.0,-1.0,-1.0,-1.0,-1.0,-1.0,-1.0,-1.0,-1.0,-1.0,-1.0,-1.0,-1.0,-1.0,-1.0,-1.0,-1.0,-1.0,-1.0,-1.0,-1.0,-1.0,-1.0,-1.0,-1.0,-1.0,-1.0,-1.0,-1.0,-1.0,-1.0,-1.0,-1.0,-1.0,-1.0,-1.0,-1.0,-1.0,-1.0,-1.0,-1.0,-1.0,-1.0,-1.0,-1.0,-1.0,-1.0,-1.0,-1.0,-1.0,-1.0,-1.0,-1.0,-1.0,-1.0,-1.0,-1.0,-1.0,-1.0,-1.0,-1.0,-1.0,-1.0,-1.0,-1.0,-1.0,-1.0,-1.0,-1.0,-1.0,-1.0,-1.0,-1.0,-1.0,-1.0,-1.0,-1.0,-1.0,-1.0,-1.0,-1.0,-1.0,-1.0,-1.0,-1.0,-1.0,-1.0,-1.0,-1.0,-1.0,-1.0,-1.0,-1.0,-1.0,-1.0,-1.0,-1.0,-1.0,-1.0,-1.0,-1.0,-1.0,-1.0,-1.0,-1.0,-1.0,-1.0,-1.0,-1.0,-1.0,-1.0,-1.0,-1.0,-1.0,-1.0,-1.0,-1.0,-1.0,-1.0,-1.0,-1.0,-1.0,-1.0,-1.0,-1.0,-1.0,-1.0,-1.0,-1.0,-1.0,-1.0,-1.0,-1.0,-1.0,-1.0,-1.0,-1.0,-1.0,-1.0,-1.0,-1.0,-1.0,-1.0,-1.0,-1.0,-1.0,-1.0,-1.0,-1.0,-1.0,-1.0,-1.0,-1.0,-1.0,-1.0,-1.0,-1.0,-1.0,-1.0,-1.0,-1.0,-1.0,-1.0,-1.0,-1.0,-1.0,-1.0,-1.0,-1.0,-1.0,-1.0,-1.0,-1.0,-1.0,-1.0,-1.0,-1.0,-1.0,-1.0,-1.0,-1.0,-1.0,-1.0,-1.0,-1.0,-1.0,-1.0,-1.0,-1.0,-1.0,-1.0,-1.0,-1.0,-1.0,-1.0,-1.0,-1.0,-1.0,-1.0,-1.0,-1.0,-1.0,-1.0,-1.0,-1.0,-1.0,-1.0,-1.0,-1.0,-1.0,-1.0,-1.0,-1.0,-1.0,-1.0,-1.0,-1.0,-1.0,-1.0,-1.0,-1.0,-1.0,-1.0,-1.0,-1.0,-1.0,-1.0,-1.0,-1.0,-1.0,-1.0,-1.0,-1.0,-1.0,-1.0,-1.0,-1.0,-1.0,-1.0,-1.0,-1.0,-1.0,-1.0,-1.0,-1.0,-1.0,-1.0,-1.0,-1.0,-1.0,-1.0,-1.0,-1.0,-1.0,-1.0,-1.0,-1.0,-1.0,-1.0,-1.0,-1.0,-1.0,-1.0,-1.0,-1.0,-1.0,-1.0,-1.0,-1.0,-1.0,-1.0,-1.0,-1.0,-1.0,-1.0,-1.0,-1.0,-1.0,-1.0,-1.0,-1.0,-1.0,-1.0,-1.0,-1.0,-1.0,-1.0,-1.0,-1.0,-1.0,-1.0,-1.0,-1.0,-1.0,-1.0,-1.0,-1.0,-1.0,-1.0,-1.0,-1.0,-1.0,-1.0,-1.0,-1.0,-1.0,-1.0,-1.0,-1.0,-1.0,-1.0,-1.0
-1.0,-1.0,-1.0,-1.0,-1.0,-1.0,-1.0,-1.0,-1.0,-1.0,-1.0,-1.0,-1.0,-1.0,-1.0,-1.0,-1.0,-1.0,-1.0,-1.0,-1.0,-1.0,-1.0,-1.0,-1.0,-1.0,-1.0,-1.0,-1.0,-1.0,-1.0,-1.0,-1.0,-1.0,-1.0,-1.0,-1.0,-1.0,-1.0,-1.0,-1.0,-1.0,-1.0,-1.0,-1.0,-1.0,-1.0,-1.0,-1.0,-1.0,-1.0,-1.0,-1.0,-1.0,-1.0,-1.0,-1.0,-1.0,-1.0,-1.0,-1.0,-1.0,-1.0,-1.0,-1.0,-1.0,-1.0,-1.0,-1.0,-1.0,-1.0,-1.0,-1.0,-1.0,-1.0,-1.0,-1.0,-1.0,-1.0,-1.0,-1.0,-1.0,-1.0,-1.0,-1.0,-1.0,-1.0,-1.0,-1.0,-1.0,-1.0,-1.0,-1.0,-1.0,-1.0,-1.0,-1.0,-1.0,-1.0,-1.0,-1.0,-1.0,-1.0,-1.0,-1.0,-1.0,-1.0,-1.0,-1.0,-1.0,-1.0,-1.0,-1.0,-1.0,-1.0,-1.0,-1.0,-1.0,-1.0,-1.0,-1.0,-1.0,-1.0,-1.0,-1.0,-1.0,-1.0,-1.0,-1.0,-1.0,-1.0,-1.0,-1.0,-1.0,-1.0,-1.0,-1.0,-1.0,-1.0,-1.0,-1.0,-1.0,-1.0,-1.0,-1.0,-1.0,-1.0,-1.0,-1.0,-1.0,-1.0,-1.0,-1.0,-1.0,-1.0,-1.0,-1.0,-1.0,-1.0,-1.0,-1.0,-1.0,-1.0,-1.0,-1.0,-1.0,-1.0,-1.0,-1.0,-1.0,-1.0,-1.0,-1.0,-1.0,-1.0,-1.0,-1.0,-1.0,-1.0,-1.0,-1.0,-1.0,-1.0,-1.0,-1.0,-1.0,-1.0,-1.0,-1.0,-1.0,-1.0,-1.0,-1.0,-1.0,-1.0,-1.0,-1.0,-1.0,-1.0,-1.0,-1.0,-1.0,-1.0,-1.0,-1.0,-1.0,-1.0,-1.0,-1.0,-1.0,-1.0,-1.0,-1.0,-1.0,-1.0,-1.0,-1.0,-1.0,-1.0,-1.0,-1.0,-1.0,-1.0,-1.0,-1.0,-1.0,-1.0,-1.0,-1.0,-1.0,-1.0,-1.0,-1.0,-1.0,-1.0,-1.0,-1.0,-1.0,-1.0,-1.0,-1.0,-1.0,-1.0,-1.0,-1.0,-1.0,-1.0,-1.0,-1.0,-1.0,-1.0,-1.0,-1.0,-1.0,-1.0,-1.0,-1.0,-1.0,-1.0,-1.0,-1.0,-1.0,-1.0,-1.0,-1.0,-1.0,-1.0,-1.0,-1.0,-1.0,-1.0,-1.0,-1.0,-1.0,-1.0,-1.0,-1.0,-1.0,-1.0,-1.0,-1.0,-1.0,-1.0,-1.0,-1.0,-1.0,-1.0,-1.0,-1.0,-1.0,-1.0,-1.0,-1.0,-1.0,-1.0,-1.0,-1.0,-1.0,-1.0,-1.0,-1.0,-1.0,-1.0,-1.0,-1.0,-1.0,-1.0,-1.0,-1.0,-1.0,-1.0,-1.0,-1.0,-1.0,-1.0,-1.0,-1.0,-1.0,-1.0,-1.0,-1.0,-1.0,-1.0,-1.0,-1.0,-1.0,-1.0,-1.0
0.0,1.0,1.0,1.0,1.0,1.0,1.0,1.0,1.0,1.0,1.0,1.0,1.0,1.0,1.0,1.0,1.0,1.0,1.0,1.0,1.0,1.0,1.0,1.0,1.0,1.0,1.0,1.0,1.0,1.0,1.0,1.0,1.0,1.0,1.0,1.0,1.0,1.0,1.0,1.0,1.0,1.0,1.0,1.0,1.0,1.0,1.0,1.0,1.0,1.0,1.0,1.0,1.0,1.0,1.0,1.0,1.0,1.0,1.0,1.0,1.0,1.0,1.0,1.0,1.0,1.0,1.0,1.0,1.0,1.0,1.0,1.0,1.0,1.0,1.0,1.0,1.0,1.0,1.0,1.0,1.0,1.0,1.0,1.0,1.0,1.0,1.0,1.0,1.0,1.0,1.0,1.0,1.0,1.0,1.0,1.0,1.0,1.0,1.0,1.0,1.0,1.0,1.0,1.0,1.0,1.0,1.0,1.0,1.0,1.0,1.0,1.0,1.0,1.0,1.0,1.0,1.0,1.0,1.0,1.0,1.0,1.0,1.0,1.0,1.0,1.0,1.0,1.0,1.0,1.0,1.0,1.0,1.0,1.0,1.0,1.0,1.0,1.0,1.0,1.0,1.0,1.0,1.0,1.0,1.0,1.0,1.0,1.0,1.0,1.0,1.0,1.0,1.0,1.0,1.0,1.0,1.0,1.0,1.0,1.0,1.0,1.0,1.0,1.0,1.0,1.0,1.0,1.0,1.0,1.0,1.0,1.0,1.0,1.0,1.0,1.0,1.0,1.0,1.0,1.0,1.0,1.0,1.0,1.0,1.0,1.0,1.0,1.0,1.0,1.0,1.0,1.0,1.0,1.0,1.0,1.0,1.0,1.0,1.0,1.0,1.0,1.0,1.0,1.0,1.0,1.0,1.0,1.0,1.0,1.0,1.0,1.0,1.0,1.0,1.0,1.0,1.0,1.0,1.0,1.0,1.0,1.0,1.0,1.0,1.0,1.0,1.0,1.0,1.0,1.0,1.0,1.0,1.0,1.0,1.0,1.0,1.0,1.0,1.0,1.0,1.0,1.0,1.0,1.0,1.0,1.0,1.0,1.0,1.0,1.0,1.0,1.0,1.0,1.0,1.0,1.0,1.0,1.0,1.0,1.0,1.0,1.0,1.0,1.0,1.0,1.0,1.0,1.0,1.0,1.0,1.0,1.0,1.0,1.0,1.0,1.0,1.0,1.0,1.0,1.0,1.0,1.0,1.0,1.0,1.0,1.0,1.0,1.0,1.0,1.0,1.0,1.0,1.0,1.0,1.0,1.0,1.0,1.0,1.0,1.0,1.0,1.0,1.0,1.0,1.0,1.0,1.0,1.0,1.0,1.0,1.0,1.0,1.0,1.0,1.0,1.0,1.0,1.0,1.0,1.0,1.0,1.0,1.0,1.0,1.0,1.0,1.0,0.0
0.0,0.0,0.0,0.0,0.0,0.0,0.0,0.0,0.0,0.0,0.0,0.0,0.0,0.0,0.0,0.0,0.0,0.0,0.0,0.0,0.0,0.0,0.0,0.0,0.0,0.0,0.0,0.0,0.0,0.0,0.0,0.0,0.0,0.0,0.0,0.0,0.0,0.0,0.0,0.0,0.0,0.0,0.0,0.0,0.0,0.0,0.0,0.0,0.0,0.0,0.0,0.0,0.0,0.0,0.0,0.0,0.0,0.0,0.0,0.0,0.0,0.0,0.0,0.0,0.0,0.0,0.0,0.0,0.0,0.0,0.0,0.0,0.0,0.0,0.0,0.0,0.0,0.0,0.0,0.0,0.0,0.0,0.0,0.0,0.0,0.0,0.0,0.0,0.0,0.0,0.0,0.0,0.0,0.0,0.0,0.0,0.0,0.0,0.0,0.0,0.0,0.0,0.0,0.0,0.0,0.0,0.0,0.0,0.0,0.0,0.0,0.0,0.0,0.0,0.0,0.0,0.0,0.0,0.0,0.0,0.0,0.0,0.0,0.0,0.0,0.0,0.0,0.0,0.0,0.0,0.0,0.0,0.0,0.0,0.0,0.0,0.0,0.0,0.0,0.0,0.0,0.0,0.0,0.0,0.0,0.0,0.0,0.0,0.0,0.0,0.0,0.0,0.0,0.0,0.0,0.0,0.0,0.0,0.0,0.0,0.0,0.0,0.0,0.0,0.0,0.0,0.0,0.0,0.0,0.0,0.0,0.0,0.0,0.0,0.0,0.0,0.0,0.0,0.0,0.0,0.0,0.0,0.0,0.0,0.0,0.0,0.0,0.0,0.0,0.0,0.0,0.0,0.0,0.0,0.0,0.0,0.0,0.0,0.0,0.0,0.0,0.0,0.0,0.0,0.0,0.0,0.0,0.0,0.0,0.0,0.0,0.0,0.0,0.0,0.0,0.0,0.0,0.0,0.0,0.0,0.0,0.0,0.0,0.0,0.0,0.0,0.0,0.0,0.0,0.0,0.0,0.0,0.0,0.0,0.0,0.0,0.0,0.0,0.0,0.0,0.0,0.0,0.0,0.0,0.0,0.0,0.0,0.0,0.0,0.0,0.0,0.0,0.0,0.0,0.0,0.0,0.0,0.0,0.0,0.0,0.0,0.0,0.0,0.0,0.0,0.0,0.0,0.0,0.0,0.0,0.0,0.0,0.0,0.0,0.0,0.0,0.0,0.0,0.0,0.0,0.0,0.0,0.0,0.0,0.0,0.0,0.0,0.0,0.0,0.0,0.0,0.0,0.0,0.0,0.0,0.0,0.0,0.0,0.0,0.0,0.0,0.0,0.0,0.0,0.0,0.0,0.0,0.0,0.0,0.0,0.0,0.0,0.0,0.0,0.0,0.0,0.0,0.0,0.0,0.0,0.0,0.0,0.0,0.0,0.0,0.0,0.0,0.0
0.0,0.6539953452288596,-0.3555555555555555,-0.3555555555555555,0.6439024390243901,0.6439024390243901,0.6439024390243901,0.6439024390243901,0.8601398601398602,0.8601398601398602,0.8412698412698412,0.8412698412698412,0.8412698412698412,0.8412698412698412,0.8412698412698412,0.8412698412698412,0.8412698412698412,0.8412698412698412,0.6439024390243901,1.0,1.0,1.0,1.0,1.0,1.0,1.0,1.0,0.4965986394557824,0.4965986394557824,0.6439024390243901,0.6439024390243901,0.6439024390243901,0.6439024390243901,0.6439024390243901,0.6439024390243901,0.6439024390243901,0.826086956521739,0.913978494623656,0.913978494623656,0.913978494623656,0.913978494623656,0.913978494623656,0.913978494623656,0.913978494623656,0.913978494623656,0.913978494623656,0.913978494623656,0.826086956521739,0.7777777777777777,0.7777777777777777,0.7777777777777777,0.7777777777777777,0.7777777777777777,0.826086956521739,0.8305084745762712,0.8305084745762712,0.8305084745762712,0.8305084745762712,0.8305084745762712,0.8305084745762712,0.8305084745762712,0.8305084745762712,0.826086956521739,0.7741935483870968,0.7741935483870968,0.7741935483870968,0.7741935483870968,0.7741935483870968,0.7741935483870968,0.7741935483870968,0.7741935483870968,0.826086956521739,0.8021978021978022,0.8021978021978022,0.8021978021978022,0.8021978021978022,0.8021978021978022,0.8021978021978022,0.8021978021978022,0.8021978021978022,0.8021978021978022,0.8021978021978022,0.8021978021978022,0.7369093231162196,0.7369093231162196,0.7369093231162196,0.7369093231162196,0.7369093231162196,1.0,1.0,1.0,1.0,1.0,1.0,0.7369093231162196,0.7369093231162196,0.7369093231162196,0.7369093231162196,0.7369093231162196,0.7369093231162196,0.7369093231162196,0.7369093231162196,0.7369093231162196,0.7369093231162196,0.7369093231162196,0.7369093231162196,0.7369093231162196,0.7369093231162196,0.7369093231162196,0.7369093231162196,0.7369093231162196,0.7369093231162196,0.7369093231162196,0.7369093231162196,0.7369093231162196,0.7369093231162196,0.8644067796610169,0.8644067796610169,0.8644067796610169,0.8644067796610169,0.8644067796610169,0.8644067796610169,0.8644067796610169,0.8644067796610169,0.6539953452288596,-0.9665081453000102,-0.662531017369727,-0.662531017369727,-0.007874015748031482,-1.0,-1.0,-1.0,-1.0,-0.007874015748031482,-0.007874015748031482,-0.007874015748031482,-0.9665081453000102,-0.9665081453000102,-0.9728347879977276,-0.9728347879977276,-0.9728347879977276,-0.9665081453000102,-0.9665081453000102,-0.9665081453000102,-0.9665081453000102,-0.9728347879977276,-0.9728347879977276,-0.9665081453000102,-0.9665081453000102,-0.9728347879977276,-0.9728347879977276,-0.9728347879977276,-0.9728347879977276,-0.9728347879977276,-0.9665081453000102,-0.9665081453000102,-0.9665081453000102,-0.9665081453000102,-0.9665081453000102,-0.9665081453000102,-0.9665081453000102,-0.9665081453000102,-0.9665081453000102,-0.9665081453000102,-0.9665081453000102,-0.9665081453000102,-0.9665081453000102,-0.21311475409836067,-0.21311475409836067,-0.21311475409836067,-0.9728347879977276,-0.9665081453000102,-0.9665081453000102,-0.9665081453000102,-0.9665081453000102,-0.9665081453000102,-0.9665081453000102,-0.9665081453000102,-0.9665081453000102,-0.9665081453000102,-0.9665081453000102,-0.9665081453000102,-0.9665081453000102,-0.9665081453000102,-0.9665081453000102,-0.9665081453000102,-0.9728347879977276,-0.9728347879977276,-0.9665081453000102,-0.9665081453000102,-0.9665081453000102,-0.9665081453000102,-0.9665081453000102,-0.7681159420289855,-0.7681159420289855,-0.7681159420289855,-0.9728347879977276,-0.9665081453000102,-0.9728347879977276,-0.9728347879977276,-0.9728347879977276,-0.9728347879977276,-0.9728347879977276,-0.9665081453000102,-0.9665081453000102,-0.9728347879977276,-0.9728347879977276,-0.9728347879977276,-0.9665081453000102,-0.9665081453000102,-0.9728347879977276,-0.9728347879977276,-0.9728347879977276,-0.9728347879977276,-0.9728347879977276,-0.9728347879977276,-0.9728347879977276,0.9225806451612903,0.9225806451612903,0.9225806451612903,0.9225806451612903,0.9225806451612903,0.9225806451612903,0.9225806451612903,-0.9728347879977276,0.04830699774266356,-1.0,-1.0,-1.0,-1.0,-1.0,-1.0,-1.0,-1.0,-1.0,-1.0,-1.0,-1.0,-1.0,-1.0,-0.7647058823529411,-0.7647058823529411,-0.5483870967741935,0.04830699774266356,-0.24,-0.5308641975308642,-1.0,-1.0,-0.17350157728706628,-0.07438016528925617,-0.3978494623655914,-1.0,-1.0,-0.17350157728706628,-0.17730496453900713,-0.4821428571428571,-1.0,-1.0,-0.17350157728706628,-0.42629482071713143,-0.42629482071713143,-0.42629482071713143,-1.0,-1.0,-0.16279069767441856,-0.16279069767441856,-0.17350157728706628,0.76,0.5714285714285714,0.5714285714285714,0.5967523680649527,0.4086956521739131,0.4086956521739131,0.4086956521739131,0.4086956521739131,0.4930875576036866,0.4930875576036866,0.5967523680649527,0.34042553191489366,0.34042553191489366,0.34042553191489366,0.34042553191489366,0.4157303370786516,0.4157303370786516,0.5967523680649527,0.7514792899408285,0.5578947368421052,0.5578947368421052,0.5967523680649527,0.087890625,-0.8642463946135299,0.38749999999999996,0.38749999999999996,0.38749999999999996,0.38749999999999996,0.38749999999999996,0.38749999999999996,0.38749999999999996,0.38749999999999996,0.30823529411764716,0.30823529411764716,0.30823529411764716,0.30823529411764716,0.30823529411764716,0.5878378378378379,0.5878378378378379,0.5878378378378379,0.5878378378378379,0.5878378378378379,0.5878378378378379,0.5878378378378379,0.5878378378378379,0.5878378378378379,0.5878378378378379,0.5878378378378379,0.5878378378378379,0.5878378378378379,0.5878378378378379,0.5878378378378379,0.5878378378378379,0.5878378378378379,-0.525,-0.525,0.5878378378378379,0.5878378378378379,0.30823529411764716,0.30823529411764716,0.0
0.0,0.04722599305560278,0.5719650796632643,0.5719650796632643,0.04722599305560278,0.04722599305560278,0.04722599305560278,0.04722599305560278,0.5719650796632643,0.5719650796632643,0.5719650796632643,0.5719650796632643,0.5719650796632643,0.5719650796632643,0.5719650796632643,0.5719650796632643,0.5719650796632643,0.5719650796632643,0.04722599305560278,-0.4775130935520587,-0.4775130935520587,-0.4775130935520587,-0.4775130935520587,-0.4775130935520587,-0.4775130935520587,-0.4775130935520587,-0.4775130935520587,0.04722599305560278,0.04722599305560278,0.04722599305560278,0.04722599305560278,0.04722599305560278,0.04722599305560278,0.04722599305560278,0.04722599305560278,0.04722599305560278,0.04722599305560278,0.5719650796632643,0.5719650796632643,0.5719650796632643,0.5719650796632643,0.5719650796632643,0.5719650796632643,0.5719650796632643,0.5719650796632643,0.5719650796632643,0.5719650796632643,0.04722599305560278,0.5719650796632643,0.5719650796632643,0.5719650796632643,0.5719650796632643,0.5719650796632643,0.04722599305560278,0.04722599305560278,0.04722599305560278,0.04722599305560278,0.04722599305560278,0.04722599305560278,0.04722599305560278,0.04722599305560278,0.04722599305560278,0.04722599305560278,0.04722599305560278,0.04722599305560278,0.04722599305560278,0.04722599305560278,0.04722599305560278,0.04722599305560278,0.04722599305560278,0.04722599305560278,0.04722599305560278,0.04722599305560278,0.04722599305560278,0.04722599305560278,0.04722599305560278,0.04722599305560278,0.04722599305560278,0.04722599305560278,0.04722599305560278,0.04722599305560278,0.04722599305560278,0.04722599305560278,0.04722599305560278,0.04722599305560278,0.04722599305560278,0.04722599305560278,0.04722599305560278,-0.4775130935520587,-0.4775130935520587,-0.4775130935520587,-0.4775130935520587,-0.4775130935520587,-0.4775130935520587,0.04722599305560278,0.04722599305560278,0.04722599305560278,0.04722599305560278,0.04722599305560278,0.04722599305560278,0.04722599305560278,0.04722599305560278,0.04722599305560278,0.04722599305560278,0.04722599305560278,0.04722599305560278,0.04722599305560278,0.04722599305560278,0.04722599305560278,0.04722599305560278,0.04722599305560278,0.04722599305560278,0.04722599305560278,0.04722599305560278,0.04722599305560278,0.04722599305560278,-0.4775130935520587,-0.4775130935520587,-0.4775130935520587,-0.4775130935520587,-0.4775130935520587,-0.4775130935520587,-0.4775130935520587,-0.4775130935520587,0.04722599305560278,-0.4775130935520587,-0.4775130935520587,-0.4775130935520587,-1.0022521801597202,-1.0022521801597202,-1.0022521801597202,-1.0022521801597202,-1.0022521801597202,-1.0022521801597202,-1.0022521801597202,-1.0022521801597202,-0.4775130935520587,-0.4775130935520587,-0.4775130935520587,-0.4775130935520587,-0.4775130935520587,-0.4775130935520587,-0.4775130935520587,-0.4775130935520587,-0.4775130935520587,-0.4775130935520587,-0.4775130935520587,-0.4775130935520587,-0.4775130935520587,-0.4775130935520587,-0.4775130935520587,-0.4775130935520587,-0.4775130935520587,-0.4775130935520587,-0.4775130935520587,-0.4775130935520587,-0.4775130935520587,-0.4775130935520587,-0.4775130935520587,-0.4775130935520587,-0.4775130935520587,-0.4775130935520587,-0.4775130935520587,-0.4775130935520587,-0.4775130935520587,-0.4775130935520587,-0.4775130935520587,0.5719650796632643,0.5719650796632643,0.5719650796632643,-0.4775130935520587,-0.4775130935520587,-0.4775130935520587,-0.4775130935520587,-0.4775130935520587,-0.4775130935520587,-0.4775130935520587,-0.4775130935520587,-0.4775130935520587,-0.4775130935520587,-0.4775130935520587,-0.4775130935520587,-0.4775130935520587,-0.4775130935520587,-0.4775130935520587,-0.4775130935520587,-0.4775130935520587,-0.4775130935520587,-0.4775130935520587,-0.4775130935520587,-0.4775130935520587,-0.4775130935520587,-0.4775130935520587,0.04722599305560278,0.04722599305560278,0.04722599305560278,-0.4775130935520587,-0.4775130935520587,-0.4775130935520587,-0.4775130935520587,-0.4775130935520587,-0.4775130935520587,-0.4775130935520587,-0.4775130935520587,-0.4775130935520587,-0.4775130935520587,-0.4775130935520587,-0.4775130935520587,-0.4775130935520587,-0.4775130935520587,-0.4775130935520587,-0.4775130935520587,-0.4775130935520587,-0.4775130935520587,-0.4775130935520587,-0.4775130935520587,-0.4775130935520587,0.04722599305560278,0.04722599305560278,0.04722599305560278,0.04722599305560278,0.04722599305560278,0.04722599305560278,0.04722599305560278,-0.4775130935520587,-0.4775130935520587,0.04722599305560278,0.5719650796632643,0.5719650796632643,0.5719650796632643,-1.0022521801597202,-1.0022521801597202,-1.0022521801597202,-1.0022521801597202,-1.0022521801597202,-1.0022521801597202,0.04722599305560278,1.6214432528785871,1.6214432528785871,1.6214432528785871,0.04722599305560278,0.04722599305560278,0.04722599305560278,-0.4775130935520587,-0.4775130935520587,-0.4775130935520587,-0.4775130935520587,-0.4775130935520587,-0.4775130935520587,-0.4775130935520587,-0.4775130935520587,0.04722599305560278,0.04722599305560278,-0.4775130935520587,-0.4775130935520587,-0.4775130935520587,-0.4775130935520587,-0.4775130935520587,-0.4775130935520587,0.04722599305560278,0.04722599305560278,0.04722599305560278,-0.4775130935520587,-0.4775130935520587,0.04722599305560278,0.04722599305560278,-0.4775130935520587,-1.0022521801597202,-1.0022521801597202,-1.0022521801597202,-0.4775130935520587,-0.4775130935520587,-0.4775130935520587,-0.4775130935520587,-0.4775130935520587,-0.4775130935520587,-0.4775130935520587,-0.4775130935520587,-1.0022521801597202,-1.0022521801597202,-1.0022521801597202,-1.0022521801597202,-1.0022521801597202,-1.0022521801597202,-0.4775130935520587,0.04722599305560278,0.04722599305560278,0.04722599305560278,-0.4775130935520587,-0.4775130935520587,-0.4775130935520587,0.04722599305560278,0.04722599305560278,0.04722599305560278,0.04722599305560278,0.04722599305560278,0.04722599305560278,0.04722599305560278,0.04722599305560278,0.04722599305560278,0.04722599305560278,0.04722599305560278,0.04722599305560278,0.04722599305560278,0.5719650796632643,0.5719650796632643,0.5719650796632643,0.5719650796632643,0.5719650796632643,0.5719650796632643,0.5719650796632643,0.5719650796632643,0.5719650796632643,0.5719650796632643,0.5719650796632643,0.5719650796632643,0.5719650796632643,0.5719650796632643,0.5719650796632643,0.5719650796632643,0.5719650796632643,0.5719650796632643,0.5719650796632643,0.5719650796632643,0.5719650796632643,0.04722599305560278,0.04722599305560278,0.0
0.0,1.0,1.0,1.0,1.0,1.0,1.0,1.0,1.0,1.0,1.0,1.0,1.0,1.0,1.0,1.0,1.0,1.0,1.0,1.0,1.0,1.0,1.0,1.0,1.0,1.0,1.0,1.0,1.0,1.0,1.0,1.0,1.0,1.0,1.0,1.0,-1.0,-1.0,-1.0,-1.0,-1.0,-1.0,-1.0,-1.0,-1.0,-1.0,-1.0,-1.0,-1.0,-1.0,-1.0,-1.0,-1.0,-1.0,-1.0,-1.0,-1.0,-1.0,-1.0,-1.0,-1.0,-1.0,-1.0,-1.0,-1.0,-1.0,-1.0,-1.0,-1.0,-1.0,-1.0,-1.0,-1.0,-1.0,-1.0,-1.0,-1.0,-1.0,-1.0,-1.0,-1.0,-1.0,-1.0,1.0,1.0,1.0,1.0,1.0,1.0,1.0,1.0,1.0,1.0,1.0,1.0,1.0,1.0,1.0,1.0,1.0,1.0,1.0,1.0,1.0,1.0,1.0,1.0,1.0,1.0,1.0,1.0,1.0,1.0,1.0,1.0,1.0,-1.0,-1.0,-1.0,-1.0,-1.0,-1.0,-1.0,-1.0,1.0,1.0,1.0,1.0,1.0,1.0,1.0,1.0,1.0,1.0,1.0,1.0,1.0,1.0,1.0,1.0,1.0,1.0,1.0,1.0,1.0,1.0,1.0,1.0,1.0,1.0,1.0,1.0,1.0,1.0,1.0,1.0,1.0,1.0,1.0,1.0,1.0,1.0,1.0,1.0,1.0,1.0,1.0,1.0,1.0,1.0,1.0,1.0,1.0,1.0,1.0,1.0,1.0,1.0,1.0,1.0,1.0,1.0,1.0,1.0,1.0,1.0,1.0,1.0,1.0,1.0,1.0,1.0,1.0,1.0,1.0,1.0,1.0,1.0,1.0,1.0,1.0,1.0,1.0,1.0,1.0,1.0,1.0,1.0,1.0,1.0,1.0,1.0,1.0,1.0,1.0,1.0,1.0,1.0,1.0,1.0,1.0,1.0,1.0,1.0,1.0,1.0,-1.0,-1.0,-1.0,-1.0,-1.0,-1.0,-1.0,-1.0,-1.0,-1.0,-1.0,-1.0,-1.0,-1.0,1.0,1.0,1.0,1.0,1.0,1.0,1.0,1.0,1.0,1.0,1.0,1.0,1.0,1.0,1.0,1.0,1.0,1.0,1.0,1.0,1.0,1.0,1.0,1.0,1.0,1.0,1.0,1.0,1.0,1.0,1.0,1.0,1.0,1.0,1.0,1.0,1.0,1.0,1.0,1.0,1.0,1.0,1.0,1.0,1.0,1.0,1.0,1.0,1.0,1.0,1.0,1.0,1.0,1.0,1.0,1.0,1.0,1.0,1.0,1.0,1.0,1.0,1.0,1.0,1.0,1.0,1.0,1.0,1.0,1.0,1.0,1.0,1.0,1.0,1.0,1.0,1.0,1.0,1.0,1.0,1.0,1.0,1.0,1.0,1.0,1.0,1.0,0.0
0.0,-1.6840755109945582,-1.9010246348375845,-1.9010246348375845,-1.6410927202294108,-1.6410927202294108,-1.6410927202294108,-1.6410927202294108,-1.7920209287115763,-1.7920209287115763,-1.676605239872273,-1.676605239872273,-1.676605239872273,-1.676605239872273,-1.676605239872273,-1.676605239872273,-1.676605239872273,-1.676605239872273,-1.6410927202294108,0.17004578155657307,0.17004578155657307,0.17004578155657307,0.17004578155657307,0.17004578155657307,0.17004578155657307,0.17004578155657307,0.17004578155657307,-0.2659690429474603,-0.2659690429474603,-1.6410927202294108,-1.6410927202294108,-1.6410927202294108,-1.6410927202294108,-1.6410927202294108,-1.6410927202294108,-1.6410927202294108,-2.446043165467626,-2.446043165467626,-2.446043165467626,-2.446043165467626,-2.446043165467626,-2.446043165467626,-2.446043165467626,-2.446043165467626,-2.446043165467626,-2.446043165467626,-2.446043165467626,-2.446043165467626,-2.446043165467626,-2.446043165467626,-2.446043165467626,-2.446043165467626,-2.446043165467626,-2.446043165467626,-2.446043165467626,-2.446043165467626,-2.446043165467626,-2.446043165467626,-2.446043165467626,-2.446043165467626,-2.446043165467626,-2.446043165467626,-2.446043165467626,-2.446043165467626,-2.446043165467626,-2.446043165467626,-2.446043165467626,-2.446043165467626,-2.446043165467626,-2.446043165467626,-2.446043165467626,-2.446043165467626,-2.446043165467626,-2.446043165467626,-2.446043165467626,-2.446043165467626,-2.446043165467626,-2.446043165467626,-2.446043165467626,-2.446043165467626,-2.446043165467626,-2.446043165467626,-2.446043165467626,-1.8280693984540355,-1.8280693984540355,-1.8280693984540355,-1.8280693984540355,-1.8280693984540355,0.17004578155657307,0.17004578155657307,0.17004578155657307,0.17004578155657307,0.17004578155657307,0.17004578155657307,-1.8280693984540355,-1.8280693984540355,-1.8280693984540355,-1.8280693984540355,-1.8280693984540355,-1.8280693984540355,-1.8280693984540355,-1.8280693984540355,-1.8280693984540355,-1.8280693984540355,-1.8280693984540355,-1.8280693984540355,-1.8280693984540355,-1.8280693984540355,-1.8280693984540355,-1.8280693984540355,-1.8280693984540355,-1.8280693984540355,-1.8280693984540355,-1.8280693984540355,-1.8280693984540355,-1.8280693984540355,-2.446043165467626,-2.446043165467626,-2.446043165467626,-2.446043165467626,-2.446043165467626,-2.446043165467626,-2.446043165467626,-2.446043165467626,-1.6840755109945582,0.2236238743981701,-0.6147809025506865,-0.6147809025506865,-1.7453050546575726,-2.061324202669949,-2.061324202669949,-2.061324202669949,-2.061324202669949,-1.7453050546575726,-1.7453050546575726,-1.7453050546575726,0.2236238743981701,0.2236238743981701,0.24177116394251785,0.24177116394251785,0.24177116394251785,0.2236238743981701,0.2236238743981701,0.2236238743981701,0.2236238743981701,0.24177116394251785,0.24177116394251785,0.2236238743981701,0.2236238743981701,0.24177116394251785,0.24177116394251785,0.24177116394251785,0.24177116394251785,0.24177116394251785,0.2236238743981701,0.2236238743981701,0.2236238743981701,0.2236238743981701,0.2236238743981701,0.2236238743981701,0.2236238743981701,0.2236238743981701,0.2236238743981701,0.2236238743981701,0.2236238743981701,0.2236238743981701,0.2236238743981701,-1.7193517912942373,-1.7193517912942373,-1.7193517912942373,0.24177116394251785,0.2236238743981701,0.2236238743981701,0.2236238743981701,0.2236238743981701,0.2236238743981701,0.2236238743981701,0.2236238743981701,0.2236238743981701,0.2236238743981701,0.2236238743981701,0.2236238743981701,0.2236238743981701,0.2236238743981701,0.2236238743981701,0.2236238743981701,0.24177116394251785,0.24177116394251785,0.2236238743981701,0.2236238743981701,0.2236238743981701,0.2236238743981701,0.2236238743981701,0.13040807023802434,0.13040807023802434,0.13040807023802434,0.24177116394251785,0.2236238743981701,0.24177116394251785,0.24177116394251785,0.24177116394251785,0.24177116394251785,0.24177116394251785,0.2236238743981701,0.2236238743981701,0.24177116394251785,0.24177116394251785,0.24177116394251785,0.2236238743981701,0.2236238743981701,0.24177116394251785,0.24177116394251785,0.24177116394251785,0.24177116394251785,0.24177116394251785,0.24177116394251785,0.24177116394251785,-0.7504299590630527,-0.7504299590630527,-0.7504299590630527,-0.7504299590630527,-0.7504299590630527,-0.7504299590630527,-0.7504299590630527,0.24177116394251785,-0.7582438448068525,-2.446043165467626,-2.446043165467626,-2.446043165467626,-2.446043165467626,-2.446043165467626,-2.446043165467626,-2.446043165467626,-2.446043165467626,-2.446043165467626,-2.446043165467626,-2.446043165467626,-2.446043165467626,-2.446043165467626,-2.446043165467626,-2.1487603305785123,-2.1487603305785123,-1.922825376062786,-0.7582438448068525,-0.32488996517773483,-0.33986986066000835,-0.3650633212438314,-0.3650633212438314,-0.6863420800253397,-0.9250612195233242,-1.0153695225637671,-1.2002865240275313,-1.2002865240275313,-0.6863420800253397,-0.6147809025506865,-0.4839764551994768,-0.2659690429474603,-0.2659690429474603,-0.6863420800253397,-0.7331277834874956,-0.7331277834874956,-0.7331277834874956,-0.023738584889664155,-0.023738584889664155,-1.0445669438475194,-1.0445669438475194,-0.6863420800253397,0.09737664413923411,-0.15696533682145206,-0.15696533682145206,-0.8109875735775016,-1.2569118259111718,-1.2569118259111718,-1.2569118259111718,-1.2569118259111718,-1.2002865240275313,-1.2002865240275313,-0.8109875735775016,-0.8109875735775016,-0.8109875735775016,-0.8109875735775016,-0.8109875735775016,-0.7249320161096005,-0.7249320161096005,-0.8109875735775016,-1.5117256843875548,-1.6285153695225636,-1.6285153695225636,-0.8109875735775016,-0.6718339061825975,0.12327066850427607,-1.915754865395153,-1.915754865395153,-1.915754865395153,-1.915754865395153,-1.915754865395153,-1.915754865395153,-1.915754865395153,-1.915754865395153,-1.832897318508829,-1.832897318508829,-1.832897318508829,-1.832897318508829,-1.832897318508829,-2.0001189131339556,-2.0001189131339556,-2.0001189131339556,-2.0001189131339556,-2.0001189131339556,-2.0001189131339556,-2.0001189131339556,-2.0001189131339556,-2.0001189131339556,-2.0001189131339556,-2.0001189131339556,-2.0001189131339556,-2.0001189131339556,-2.0001189131339556,-2.0001189131339556,-2.0001189131339556,-2.0001189131339556,-1.8514774956893987,-1.8514774956893987,-2.0001189131339556,-2.0001189131339556,-1.832897318508829,-1.832897318508829,0.0
0.0,1.0,-1.0,-1.0,1.0,1.0,1.0,1.0,-1.0,-1.0,-1.0,-1.0,-1.0,-1.0,-1.0,-1.0,-1.0,-1.0,1.0,-1.0,-1.0,-1.0,-1.0,-1.0,-1.0,-1.0,-1.0,-1.0,-1.0,1.0,1.0,1.0,1.0,1.0,1.0,1.0,1.0,-1.0,-1.0,-1.0,-1.0,-1.0,-1.0,-1.0,-1.0,-1.0,-1.0,1.0,-1.0,-1.0,-1.0,-1.0,-1.0,1.0,-1.0,-1.0,-1.0,-1.0,-1.0,-1.0,-1.0,-1.0,1.0,1.0,1.0,1.0,1.0,1.0,1.0,1.0,1.0,1.0,1.0,1.0,1.0,1.0,1.0,1.0,1.0,1.0,1.0,1.0,1.0,1.0,1.0,1.0,1.0,1.0,-1.0,-1.0,-1.0,-1.0,-1.0,-1.0,1.0,1.0,1.0,1.0,1.0,1.0,1.0,1.0,1.0,1.0,1.0,1.0,1.0,1.0,1.0,1.0,1.0,1.0,1.0,1.0,1.0,1.0,1.0,1.0,1.0,1.0,1.0,1.0,1.0,1.0,1.0,1.0,1.0,1.0,1.0,-1.0,-1.0,-1.0,-1.0,1.0,1.0,1.0,1.0,1.0,1.0,1.0,1.0,1.0,1.0,1.0,1.0,1.0,1.0,1.0,1.0,1.0,1.0,1.0,1.0,1.0,1.0,1.0,1.0,1.0,1.0,1.0,1.0,1.0,1.0,1.0,1.0,1.0,1.0,-1.0,-1.0,-1.0,1.0,1.0,1.0,1.0,1.0,1.0,1.0,1.0,1.0,1.0,1.0,1.0,1.0,1.0,1.0,1.0,1.0,1.0,1.0,1.0,1.0,1.0,1.0,-1.0,-1.0,-1.0,1.0,1.0,1.0,1.0,1.0,1.0,1.0,1.0,1.0,1.0,1.0,1.0,1.0,1.0,1.0,1.0,1.0,1.0,1.0,1.0,1.0,-1.0,-1.0,-1.0,-1.0,-1.0,-1.0,-1.0,1.0,1.0,-1.0,-1.0,-1.0,-1.0,-1.0,-1.0,-1.0,-1.0,-1.0,-1.0,-1.0,-1.0,-1.0,-1.0,-1.0,-1.0,-1.0,1.0,-1.0,-1.0,-1.0,-1.0,1.0,-1.0,-1.0,-1.0,-1.0,1.0,-1.0,-1.0,-1.0,-1.0,1.0,1.0,1.0,1.0,-1.0,-1.0,1.0,1.0,1.0,-1.0,-1.0,-1.0,1.0,-1.0,-1.0,-1.0,-1.0,-1.0,-1.0,1.0,1.0,1.0,1.0,1.0,1.0,1.0,1.0,-1.0,-1.0,-1.0,1.0,1.0,1.0,1.0,1.0,1.0,1.0,1.0,1.0,1.0,1.0,-1.0,-1.0,-1.0,-1.0,-1.0,-1.0,-1.0,-1.0,-1.0,-1.0,-1.0,-1.0,-1.0,-1.0,-1.0,-1.0,-1.0,-1.0,-1.0,-1.0,-1.0,-1.0,-1.0,-1.0,-1.0,-1.0,-1.0,-1.0,0.0
0.0,-1.0,-1.0,-1.0,-1.0,-1.0,-1.0,-1.0,-1.0,-1.0,-1.0,-1.0,-1.0,-1.0,-1.0,-1.0,-1.0,-1.0,-1.0,-1.0,-1.0,-1.0,-1.0,-1.0,-1.0,-1.0,-1.0,-1.0,-1.0,-1.0,-1.0,-1.0,-1.0,-1.0,-1.0,-1.0,-1.0,-1.0,-1.0,-1.0,-1.0,-1.0,-1.0,-1.0,-1.0,-1.0,-1.0,-1.0,-1.0,-1.0,-1.0,-1.0,-1.0,-1.0,-1.0,-1.0,-1.0,-1.0,-1.0,-1.0,-1.0,-1.0,-1.0,-1.0,-1.0,-1.0,-1.0,-1.0,-1.0,-1.0,-1.0,-1.0,-1.0,-1.0,-1.0,-1.0,-1.0,-1.0,-1.0,-1.0,-1.0,-1.0,-1.0,-1.0,-1.0,-1.0,-1.0,-1.0,-1.0,-1.0,-1.0,-1.0,-1.0,-1.0,-1.0,-1.0,-1.0,-1.0,-1.0,-1.0,-1.0,-1.0,-1.0,-1.0,-1.0,-1.0,-1.0,-1.0,-1.0,-1.0,-1.0,-1.0,-1.0,-1.0,-1.0,-1.0,-1.0,-1.0,-1.0,-1.0,-1.0,-1.0,-1.0,-1.0,-1.0,-1.0,-1.0,-1.0,-1.0,-1.0,-1.0,-1.0,-1.0,-1.0,-1.0,-1.0,-1.0,-1.0,-1.0,-1.0,-1.0,-1.0,-1.0,-1.0,-1.0,-1.0,-1.0,-1.0,-1.0,-1.0,-1.0,-1.0,-1.0,-1.0,-1.0,-1.0,-1.0,-1.0,-1.0,-1.0,-1.0,-1.0,-1.0,-1.0,-1.0,-1.0,-1.0,-1.0,-1.0,-1.0,-1.0,-1.0,-1.0,-1.0,-1.0,-1.0,-1.0,-1.0,-1.0,-1.0,-1.0,-1.0,-1.0,-1.0,-1.0,-1.0,-1.0,-1.0,-1.0,-1.0,-1.0,-1.0,-1.0,-1.0,-1.0,-1.0,-1.0,-1.0,-1.0,-1.0,-1.0,-1.0,-1.0,-1.0,-1.0,-1.0,-1.0,-1.0,-1.0,-1.0,-1.0,-1.0,-1.0,-1.0,-1.0,-1.0,-1.0,-1.0,-1.0,-1.0,-1.0,-1.0,-1.0,-1.0,-1.0,1.0,1.0,1.0,1.0,1.0,-1.0,-1.0,-1.0,-1.0,-1.0,-1.0,1.0,-1.0,-1.0,-1.0,1.0,1.0,1.0,1.0,-1.0,-1.0,-1.0,-1.0,-1.0,-1.0,-1.0,-1.0,-1.0,-1.0,-1.0,-1.0,-1.0,-1.0,-1.0,-1.0,-1.0,-1.0,-1.0,-1.0,-1.0,-1.0,-1.0,-1.0,-1.0,-1.0,-1.0,-1.0,-1.0,-1.0,-1.0,-1.0,-1.0,-1.0,-1.0,-1.0,-1.0,-1.0,-1.0,-1.0,-1.0,-1.0,-1.0,-1.0,-1.0,-1.0,1.0,-1.0,-1.0,-1.0,-1.0,-1.0,-1.0,-1.0,-1.0,-1.0,-1.0,-1.0,-1.0,-1.0,-1.0,-1.0,-1.0,-1.0,-1.0,-1.0,-1.0,-1.0,-1.0,-1.0,-1.0,-1.0,-1.0,-1.0,-1.0,-1.0,-1.0,-1.0,-1.0,-1.0,-1.0,-1.0,-1.0,0.0
0.0,0.5428140200650406,-0.7010235185372593,-0.7010235185372593,0.5209203029749827,0.5209203029749827,0.5209203029749827,0.5209203029749827,-0.4846520419346229,-0.4846520419346229,-0.543793501424543,-0.543793501424543,-0.543793501424543,-0.543793501424543,-0.543793501424543,-0.543793501424543,-0.543793501424543,-0.543793501424543,0.5209203029749827,-0.6072521655175623,-0.6072521655175623,-0.6072521655175623,-0.6072521655175623,-0.6072521655175623,-0.6072521655175623,-0.6072521655175623,-0.6072521655175623,-0.47176047346788036,-0.47176047346788036,0.5209203029749827,0.5209203029749827,0.5209203029749827,0.5209203029749827,0.5209203029749827,0.5209203029749827,0.5209203029749827,-0.04295189805190128,-0.685701171423712,-0.685701171423712,-0.685701171423712,-0.685701171423712,-0.685701171423712,-0.685701171423712,-0.685701171423712,-0.685701171423712,-0.685701171423712,-0.685701171423712,-0.04295189805190128,-0.8676940530880688,-0.8676940530880688,-0.8676940530880688,-0.8676940530880688,-0.8676940530880688,-0.04295189805190128,-0.8983469888291029,-0.8983469888291029,-0.8983469888291029,-0.8983469888291029,-0.8983469888291029,-0.8983469888291029,-0.8983469888291029,-0.8983469888291029,-0.04295189805190128,-0.8751708481097702,-0.8751708481097702,-0.8751708481097702,-0.8751708481097702,-0.8751708481097702,-0.8751708481097702,-0.8751708481097702,-0.8751708481097702,-0.04295189805190128,-0.695860043683715,-0.695860043683715,-0.695860043683715,-0.695860043683715,-0.695860043683715,-0.695860043683715,-0.695860043683715,-0.695860043683715,-0.695860043683715,-0.695860043683715,-0.695860043683715,0.3098750915844873,0.3098750915844873,0.3098750915844873,0.3098750915844873,0.3098750915844873,-0.7800311493989107,-0.7800311493989107,-0.7800311493989107,-0.7800311493989107,-0.7800311493989107,-0.7800311493989107,0.3098750915844873,0.3098750915844873,0.3098750915844873,0.3098750915844873,0.3098750915844873,0.3098750915844873,0.3098750915844873,0.3098750915844873,0.3098750915844873,0.3098750915844873,0.3098750915844873,0.3098750915844873,0.3098750915844873,0.3098750915844873,0.3098750915844873,0.3098750915844873,0.3098750915844873,0.3098750915844873,0.3098750915844873,0.3098750915844873,0.3098750915844873,0.3098750915844873,-0.8983469888291029,-0.8983469888291029,-0.8983469888291029,-0.8983469888291029,-0.8983469888291029,-0.8983469888291029,-0.8983469888291029,-0.8983469888291029,0.5428140200650406,1.8185600789421164,-4.969336697745017E-4,-4.969336697745017E-4,-0.5400994923090695,-0.8603350077758544,-0.8603350077758544,-0.8603350077758544,-0.8603350077758544,-0.5400994923090695,-0.5400994923090695,-0.5400994923090695,1.8185600789421164,1.8185600789421164,1.8089342558427097,1.8089342558427097,1.8089342558427097,1.8185600789421164,1.8185600789421164,1.8185600789421164,1.8185600789421164,1.8089342558427097,1.8089342558427097,1.8185600789421164,1.8185600789421164,1.8089342558427097,1.8089342558427097,1.8089342558427097,1.8089342558427097,1.8089342558427097,1.8185600789421164,1.8185600789421164,1.8185600789421164,1.8185600789421164,1.8185600789421164,1.8185600789421164,1.8185600789421164,1.8185600789421164,1.8185600789421164,1.8185600789421164,1.8185600789421164,1.8185600789421164,1.8185600789421164,-0.8827692223489199,-0.8827692223489199,-0.8827692223489199,1.8089342558427097,1.8185600789421164,1.8185600789421164,1.8185600789421164,1.8185600789421164,1.8185600789421164,1.8185600789421164,1.8185600789421164,1.8185600789421164,1.8185600789421164,1.8185600789421164,1.8185600789421164,1.8185600789421164,1.8185600789421164,1.8185600789421164,1.8185600789421164,1.8089342558427097,1.8089342558427097,1.8185600789421164,1.8185600789421164,1.8185600789421164,1.8185600789421164,1.8185600789421164,-0.311813648006837,-0.311813648006837,-0.311813648006837,1.8089342558427097,1.8185600789421164,1.8089342558427097,1.8089342558427097,1.8089342558427097,1.8089342558427097,1.8089342558427097,1.8185600789421164,1.8185600789421164,1.8089342558427097,1.8089342558427097,1.8089342558427097,1.8185600789421164,1.8185600789421164,1.8089342558427097,1.8089342558427097,1.8089342558427097,1.8089342558427097,1.8089342558427097,1.8089342558427097,1.8089342558427097,-0.4469976089162398,-0.4469976089162398,-0.4469976089162398,-0.4469976089162398,-0.4469976089162398,-0.4469976089162398,-0.4469976089162398,1.8089342558427097,0.7957979824669328,-0.7277330577148052,-1.1423607189301805,-1.1423607189301805,-1.1423607189301805,-1.508136111102906,-1.508136111102906,-1.508136111102906,-1.508136111102906,-1.508136111102906,-1.508136111102906,-0.7277330577148052,-1.1559062969083356,-1.1559062969083356,-1.1559062969083356,-0.5081051935812839,-0.5081051935812839,-0.4469976089162398,0.7957979824669328,-0.003988529388793594,-0.10245630103162194,-0.22736974478271846,-0.22736974478271846,0.5351383808397996,-0.23881414665575385,-0.3618006197601861,-0.5291895091329055,-0.5291895091329055,0.5351383808397996,-0.16733314442144212,-0.2749317514696077,-0.41495897740348425,-0.41495897740348425,0.5351383808397996,-0.22175096302253108,-0.22175096302253108,-0.22175096302253108,-0.4879312814947379,-0.4879312814947379,-0.07446651524607563,-0.07446651524607563,0.5351383808397996,-0.39028692807312404,-0.6612301501539382,-0.6612301501539382,0.2828494957701876,-0.5864803138489485,-0.5864803138489485,-0.5864803138489485,-0.5864803138489485,-0.28976759180352346,-0.28976759180352346,0.2828494957701876,-0.6807033727710262,-0.6807033727710262,-0.6807033727710262,-0.6807033727710262,-0.3823441353775303,-0.3823441353775303,0.2828494957701876,-0.40658938554996565,-0.6757584618689061,-0.6757584618689061,0.2828494957701876,0.759167750541775,1.8681933284243328,0.08120845976726009,0.08120845976726009,0.08120845976726009,0.08120845976726009,0.08120845976726009,0.08120845976726009,0.08120845976726009,0.08120845976726009,0.024340733142251013,0.024340733142251013,0.024340733142251013,0.024340733142251013,0.024340733142251013,-0.14469184377380367,-0.14469184377380367,-0.14469184377380367,-0.14469184377380367,-0.14469184377380367,-0.14469184377380367,-0.14469184377380367,-0.14469184377380367,-0.14469184377380367,-0.14469184377380367,-0.14469184377380367,-0.14469184377380367,-0.14469184377380367,-0.14469184377380367,-0.14469184377380367,-0.14469184377380367,-0.14469184377380367,-0.7560623202458499,-0.7560623202458499,-0.14469184377380367,-0.14469184377380367,0.024340733142251013,0.024340733142251013,0.0
0.0,-1.0917363902447395,-1.0917363902447395,-1.0917363902447395,-1.0917363902447395,-1.0917363902447395,-1.0917363902447395,-1.0917363902447395,0.0,0.0,0.0,0.0,0.0,0.0,0.0,0.0,0.0,0.0,-1.0917363902447395,0.0,0.0,0.0,0.0,0.0,0.0,0.0,0.0,-1.0917363902447395,-1.0917363902447395,-1.0917363902447395,-1.0917363902447395,-1.0917363902447395,-1.0917363902447395,-1.0917363902447395,-1.0917363902447395,-1.0917363902447395,0.0,0.0,0.0,0.0,0.0,0.0,0.0,0.0,0.0,0.0,0.0,0.0,0.0,0.0,0.0,0.0,0.0,0.0,0.0,0.0,0.0,0.0,0.0,0.0,0.0,0.0,0.0,0.0,0.0,0.0,0.0,0.0,0.0,0.0,0.0,0.0,0.0,0.0,0.0,0.0,0.0,0.0,0.0,0.0,0.0,0.0,0.0,-1.0917363902447395,-1.0917363902447395,-1.0917363902447395,-1.0917363902447395,-1.0917363902447395,0.0,0.0,0.0,0.0,0.0,0.0,-1.0917363902447395,-1.0917363902447395,-1.0917363902447395,-1.0917363902447395,-1.0917363902447395,-1.0917363902447395,-1.0917363902447395,-1.0917363902447395,-1.0917363902447395,-1.0917363902447395,-1.0917363902447395,-1.0917363902447395,-1.0917363902447395,-1.0917363902447395,-1.0917363902447395,-1.0917363902447395,-1.0917363902447395,-1.0917363902447395,-1.0917363902447395,-1.0917363902447395,-1.0917363902447395,-1.0917363902447395,0.0,0.0,0.0,0.0,0.0,0.0,0.0,0.0,-1.0917363902447395,-0.4688905017652754,-1.0917363902447395,-1.0917363902447395,-1.0917363902447395,-0.20995619157541512,-0.20995619157541512,-0.20995619157541512,-0.20995619157541512,-1.0917363902447395,-1.0917363902447395,-1.0917363902447395,-0.4688905017652754,-0.4688905017652754,-0.45691970119792014,-0.45691970119792014,-0.45691970119792014,-0.4688905017652754,-0.4688905017652754,-0.4688905017652754,-0.4688905017652754,-0.45691970119792014,-0.45691970119792014,-0.4688905017652754,-0.4688905017652754,-0.45691970119792014,-0.45691970119792014,-0.45691970119792014,-0.45691970119792014,-0.45691970119792014,-0.4688905017652754,-0.4688905017652754,-0.4688905017652754,-0.4688905017652754,-0.4688905017652754,-0.4688905017652754,-0.4688905017652754,-0.4688905017652754,-0.4688905017652754,-0.4688905017652754,-0.4688905017652754,-0.4688905017652754,-0.4688905017652754,0.0,0.0,0.0,-0.45691970119792014,-0.4688905017652754,-0.4688905017652754,-0.4688905017652754,-0.4688905017652754,-0.4688905017652754,-0.4688905017652754,-0.4688905017652754,-0.4688905017652754,-0.4688905017652754,-0.4688905017652754,-0.4688905017652754,-0.4688905017652754,-0.4688905017652754,-0.4688905017652754,-0.4688905017652754,-0.45691970119792014,-0.45691970119792014,-0.4688905017652754,-0.4688905017652754,-0.4688905017652754,-0.4688905017652754,-0.4688905017652754,-1.0917363902447395,-1.0917363902447395,-1.0917363902447395,-0.45691970119792014,-0.4688905017652754,-0.45691970119792014,-0.45691970119792014,-0.45691970119792014,-0.45691970119792014,-0.45691970119792014,-0.4688905017652754,-0.4688905017652754,-0.45691970119792014,-0.45691970119792014,-0.45691970119792014,-0.4688905017652754,-0.4688905017652754,-0.45691970119792014,-0.45691970119792014,-0.45691970119792014,-0.45691970119792014,-0.45691970119792014,-0.45691970119792014,-0.45691970119792014,0.0,0.0,0.0,0.0,0.0,0.0,0.0,-0.45691970119792014,-1.0917363902447395,0.0,0.0,0.0,0.0,0.0,0.0,0.0,0.0,0.0,0.0,0.0,0.0,0.0,0.0,-1.0917363902447395,-1.0917363902447395,-1.0917363902447395,-1.0917363902447395,-0.5782451446245359,-0.598747986214873,-0.6323633543914002,-0.6323633543914002,-1.0917363902447395,-1.0917363902447395,-1.0917363902447395,-1.0917363902447395,-1.0917363902447395,-1.0917363902447395,-1.0917363902447395,-1.0917363902447395,-1.0917363902447395,-1.0917363902447395,-1.0917363902447395,-1.0917363902447395,-1.0917363902447395,-1.0917363902447395,-1.0917363902447395,-1.0917363902447395,-1.0917363902447395,-1.0917363902447395,-1.0917363902447395,-0.3578572530666546,-0.2439874492648732,-0.2439874492648732,-0.621234131349412,-0.5080023088170089,-0.5080023088170089,-0.5080023088170089,-0.5080023088170089,-0.4119754628335189,-0.4119754628335189,-0.621234131349412,-0.8444113720980554,-0.8444113720980554,-0.8444113720980554,-0.8444113720980554,-0.7541999839116611,-0.7541999839116611,-0.621234131349412,-1.0917363902447395,-0.8618766940553412,-0.8618766940553412,-0.621234131349412,-1.0917363902447395,-0.5324095255192628,-1.0917363902447395,-1.0917363902447395,-1.0917363902447395,-1.0917363902447395,-1.0917363902447395,-1.0917363902447395,-1.0917363902447395,-1.0917363902447395,-1.0917363902447395,-1.0917363902447395,-1.0917363902447395,-1.0917363902447395,-1.0917363902447395,-1.0917363902447395,-1.0917363902447395,-1.0917363902447395,-1.0917363902447395,-1.0917363902447395,-1.0917363902447395,-1.0917363902447395,-1.0917363902447395,-1.0917363902447395,-1.0917363902447395,-1.0917363902447395,-1.0917363902447395,-1.0917363902447395,-1.0917363902447395,-1.0917363902447395,-1.0917363902447395,-1.0917363902447395,-1.0917363902447395,-1.0917363902447395,-1.0917363902447395,-1.0917363902447395,-1.0917363902447395,-1.0917363902447395,0.0
0.0,1.969566382794139,-0.5077224524862195,-0.5077224524862195,1.969566382794139,1.969566382794139,1.969566382794139,1.969566382794139,-0.5077224524862195,-0.5077224524862195,-0.5077224524862195,-0.5077224524862195,-0.5077224524862195,-0.5077224524862195,-0.5077224524862195,-0.5077224524862195,-0.5077224524862195,-0.5077224524862195,1.969566382794139,-0.5077224524862195,-0.5077224524862195,-0.5077224524862195,-0.5077224524862195,-0.5077224524862195,-0.5077224524862195,-0.5077224524862195,-0.5077224524862195,-0.5077224524862195,-0.5077224524862195,1.969566382794139,1.969566382794139,1.969566382794139,1.969566382794139,1.969566382794139,1.969566382794139,1.969566382794139,1.969566382794139,-0.5077224524862195,-0.5077224524862195,-0.5077224524862195,-0.5077224524862195,-0.5077224524862195,-0.5077224524862195,-0.5077224524862195,-0.5077224524862195,-0.5077224524862195,-0.5077224524862195,1.969566382794139,-0.5077224524862195,-0.5077224524862195,-0.5077224524862195,-0.5077224524862195,-0.5077224524862195,1.969566382794139,1.969566382794139,1.969566382794139,1.969566382794139,1.969566382794139,1.969566382794139,1.969566382794139,1.969566382794139,1.969566382794139,1.969566382794139,-0.5077224524862195,-0.5077224524862195,-0.5077224524862195,-0.5077224524862195,-0.5077224524862195,-0.5077224524862195,-0.5077224524862195,-0.5077224524862195,1.969566382794139,-0.5077224524862195,-0.5077224524862195,-0.5077224524862195,-0.5077224524862195,-0.5077224524862195,-0.5077224524862195,-0.5077224524862195,-0.5077224524862195,-0.5077224524862195,-0.5077224524862195,-0.5077224524862195,1.969566382794139,1.969566382794139,1.969566382794139,1.969566382794139,1.969566382794139,-0.5077224524862195,-0.5077224524862195,-0.5077224524862195,-0.5077224524862195,-0.5077224524862195,-0.5077224524862195,1.969566382794139,1.969566382794139,1.969566382794139,1.969566382794139,1.969566382794139,1.969566382794139,1.969566382794139,1.969566382794139,1.969566382794139,1.969566382794139,1.969566382794139,1.969566382794139,1.969566382794139,1.969566382794139,1.969566382794139,1.969566382794139,1.969566382794139,1.969566382794139,1.969566382794139,1.969566382794139,1.969566382794139,1.969566382794139,-0.5077224524862195,-0.5077224524862195,-0.5077224524862195,-0.5077224524862195,-0.5077224524862195,-0.5077224524862195,-0.5077224524862195,-0.5077224524862195,1.969566382794139,1.969566382794139,1.969566382794139,1.969566382794139,1.969566382794139,1.969566382794139,1.969566382794139,1.969566382794139,1.969566382794139,1.969566382794139,1.969566382794139,1.969566382794139,1.969566382794139,1.969566382794139,1.969566382794139,1.969566382794139,1.969566382794139,1.969566382794139,1.969566382794139,1.969566382794139,1.969566382794139,1.969566382794139,1.969566382794139,1.969566382794139,1.969566382794139,1.969566382794139,1.969566382794139,1.969566382794139,1.969566382794139,1.969566382794139,1.969566382794139,1.969566382794139,1.969566382794139,1.969566382794139,1.969566382794139,1.969566382794139,1.969566382794139,1.969566382794139,1.969566382794139,1.969566382794139,1.969566382794139,1.969566382794139,1.969566382794139,-0.5077224524862195,-0.5077224524862195,-0.5077224524862195,1.969566382794139,1.969566382794139,1.969566382794139,1.969566382794139,1.969566382794139,1.969566382794139,1.969566382794139,1.969566382794139,1.969566382794139,1.969566382794139,1.969566382794139,1.969566382794139,1.969566382794139,1.969566382794139,1.969566382794139,1.969566382794139,1.969566382794139,1.969566382794139,1.969566382794139,1.969566382794139,1.969566382794139,1.969566382794139,1.969566382794139,-0.5077224524862195,-0.5077224524862195,-0.5077224524862195,1.969566382794139,1.969566382794139,1.969566382794139,1.969566382794139,1.969566382794139,1.969566382794139,1.969566382794139,1.969566382794139,1.969566382794139,1.969566382794139,1.969566382794139,1.969566382794139,1.969566382794139,1.969566382794139,1.969566382794139,1.969566382794139,1.969566382794139,1.969566382794139,1.969566382794139,1.969566382794139,1.969566382794139,-0.5077224524862195,-0.5077224524862195,-0.5077224524862195,-0.5077224524862195,-0.5077224524862195,-0.5077224524862195,-0.5077224524862195,1.969566382794139,1.969566382794139,1.969566382794139,-0.5077224524862195,-0.5077224524862195,-0.5077224524862195,1.969566382794139,1.969566382794139,1.969566382794139,1.969566382794139,1.969566382794139,1.969566382794139,1.969566382794139,-0.5077224524862195,-0.5077224524862195,-0.5077224524862195,1.969566382794139,1.969566382794139,1.969566382794139,1.969566382794139,1.969566382794139,1.969566382794139,1.969566382794139,1.969566382794139,1.969566382794139,1.969566382794139,1.969566382794139,1.969566382794139,1.969566382794139,1.969566382794139,1.969566382794139,1.969566382794139,1.969566382794139,1.969566382794139,1.969566382794139,1.969566382794139,1.969566382794139,1.969566382794139,1.969566382794139,1.969566382794139,1.969566382794139,1.969566382794139,1.969566382794139,1.969566382794139,1.969566382794139,1.969566382794139,1.969566382794139,1.969566382794139,1.969566382794139,1.969566382794139,1.969566382794139,1.969566382794139,1.969566382794139,1.969566382794139,1.969566382794139,1.969566382794139,1.969566382794139,1.969566382794139,1.969566382794139,1.969566382794139,1.969566382794139,1.969566382794139,1.969566382794139,1.969566382794139,1.969566382794139,1.969566382794139,1.969566382794139,1.969566382794139,1.969566382794139,1.969566382794139,1.969566382794139,1.969566382794139,1.969566382794139,1.969566382794139,1.969566382794139,1.969566382794139,1.969566382794139,1.969566382794139,1.969566382794139,1.969566382794139,-0.5077224524862195,-0.5077224524862195,-0.5077224524862195,-0.5077224524862195,-0.5077224524862195,-0.5077224524862195,-0.5077224524862195,-0.5077224524862195,-0.5077224524862195,-0.5077224524862195,-0.5077224524862195,-0.5077224524862195,-0.5077224524862195,-0.5077224524862195,-0.5077224524862195,-0.5077224524862195,-0.5077224524862195,-0.5077224524862195,-0.5077224524862195,-0.5077224524862195,-0.5077224524862195,1.969566382794139,1.969566382794139,0.0
0.0,-0.8674641530006535,-0.8700053950135924,-0.8700053950135924,-0.8673422560260492,-0.8673422560260492,-0.8673422560260492,-0.8673422560260492,-0.8700053950135924,-0.8700053950135924,-0.8700053950135924,-0.8700053950135924,-0.8700053950135924,-0.8700053950135924,-0.8700053950135924,-0.8700053950135924,-0.8700053950135924,-0.8700053950135924,-0.8673422560260492,-0.8700053950135924,-0.8700053950135924,-0.8700053950135924,-0.8700053950135924,-0.8700053950135924,-0.8700053950135924,-0.8700053950135924,-0.8700053950135924,-0.8700053950135924,-0.8700053950135924,-0.8673422560260492,-0.8673422560260492,-0.8673422560260492,-0.8673422560260492,-0.8673422560260492,-0.8673422560260492,-0.8673422560260492,-0.861104142419358,-0.8700053950135924,-0.8700053950135924,-0.8700053950135924,-0.8700053950135924,-0.8700053950135924,-0.8700053950135924,-0.8700053950135924,-0.8700053950135924,-0.8700053950135924,-0.8700053950135924,-0.861104142419358,-0.8700053950135924,-0.8700053950135924,-0.8700053950135924,-0.8700053950135924,-0.8700053950135924,-0.861104142419358,-0.8144857178156554,-0.8144857178156554,-0.8144857178156554,-0.8144857178156554,-0.8144857178156554,-0.8144857178156554,-0.8144857178156554,-0.8144857178156554,-0.861104142419358,-0.8700053950135924,-0.8700053950135924,-0.8700053950135924,-0.8700053950135924,-0.8700053950135924,-0.8700053950135924,-0.8700053950135924,-0.8700053950135924,-0.861104142419358,-0.8700053950135924,-0.8700053950135924,-0.8700053950135924,-0.8700053950135924,-0.8700053950135924,-0.8700053950135924,-0.8700053950135924,-0.8700053950135924,-0.8700053950135924,-0.8700053950135924,-0.8700053950135924,-0.8658219199756891,-0.8658219199756891,-0.8658219199756891,-0.8658219199756891,-0.8658219199756891,-0.8700053950135924,-0.8700053950135924,-0.8700053950135924,-0.8700053950135924,-0.8700053950135924,-0.8700053950135924,-0.8658219199756891,-0.8658219199756891,-0.8658219199756891,-0.8658219199756891,-0.8658219199756891,-0.8658219199756891,-0.8658219199756891,-0.8658219199756891,-0.8658219199756891,-0.8658219199756891,-0.8658219199756891,-0.8658219199756891,-0.8658219199756891,-0.8658219199756891,-0.8658219199756891,-0.8658219199756891,-0.8658219199756891,-0.8658219199756891,-0.8658219199756891,-0.8658219199756891,-0.8658219199756891,-0.8658219199756891,-0.8700053950135924,-0.8700053950135924,-0.8700053950135924,-0.8700053950135924,-0.8700053950135924,-0.8700053950135924,-0.8700053950135924,-0.8700053950135924,-0.8674641530006535,-0.8572448013927167,-0.7155697668773955,-0.7155697668773955,-0.37994588210896746,0.10245645090652271,0.10245645090652271,0.10245645090652271,0.10245645090652271,-0.37994588210896746,-0.37994588210896746,-0.37994588210896746,-0.8572448013927167,-0.8572448013927167,-0.8601934683818029,-0.8601934683818029,-0.8601934683818029,-0.8572448013927167,-0.8572448013927167,-0.8572448013927167,-0.8572448013927167,-0.8601934683818029,-0.8601934683818029,-0.8572448013927167,-0.8572448013927167,-0.8601934683818029,-0.8601934683818029,-0.8601934683818029,-0.8601934683818029,-0.8601934683818029,-0.8572448013927167,-0.8572448013927167,-0.8572448013927167,-0.8572448013927167,-0.8572448013927167,-0.8572448013927167,-0.8572448013927167,-0.8572448013927167,-0.8572448013927167,-0.8572448013927167,-0.8572448013927167,-0.8572448013927167,-0.8572448013927167,-0.8700053950135924,-0.8700053950135924,-0.8700053950135924,-0.8601934683818029,-0.8572448013927167,-0.8572448013927167,-0.8572448013927167,-0.8572448013927167,-0.8572448013927167,-0.8572448013927167,-0.8572448013927167,-0.8572448013927167,-0.8572448013927167,-0.8572448013927167,-0.8572448013927167,-0.8572448013927167,-0.8572448013927167,-0.8572448013927167,-0.8572448013927167,-0.8601934683818029,-0.8601934683818029,-0.8572448013927167,-0.8572448013927167,-0.8572448013927167,-0.8572448013927167,-0.8572448013927167,-0.8700053950135924,-0.8700053950135924,-0.8700053950135924,-0.8601934683818029,-0.8572448013927167,-0.8601934683818029,-0.8601934683818029,-0.8601934683818029,-0.8601934683818029,-0.8601934683818029,-0.8572448013927167,-0.8572448013927167,-0.8601934683818029,-0.8601934683818029,-0.8601934683818029,-0.8572448013927167,-0.8572448013927167,-0.8601934683818029,-0.8601934683818029,-0.8601934683818029,-0.8601934683818029,-0.8601934683818029,-0.8601934683818029,-0.8601934683818029,-0.8700053950135924,-0.8700053950135924,-0.8700053950135924,-0.8700053950135924,-0.8700053950135924,-0.8700053950135924,-0.8700053950135924,-0.8601934683818029,-0.7472605375696659,-0.5231707056947155,-0.8700053950135924,-0.8700053950135924,-0.8700053950135924,0.9725538919929415,0.9725538919929415,0.9725538919929415,0.9725538919929415,0.9725538919929415,0.9725538919929415,-0.5231707056947155,-0.8700053950135924,-0.8700053950135924,-0.8700053950135924,-0.6532337141892943,-0.6532337141892943,-0.6798057266774341,-0.7472605375696659,-0.8208704806934182,-0.8093450069639946,-0.7907555332068598,-0.7907555332068598,-0.7821722148408309,-0.7346475043244072,-0.693894590998631,-0.6180314754229553,-0.6180314754229553,-0.7821722148408309,-0.8003104810842673,-0.7822644765847099,-0.7516080111095581,-0.7516080111095581,-0.7821722148408309,-0.7917027427105259,-0.7917027427105259,-0.7917027427105259,-0.731597185660989,-0.731597185660989,-0.755738152408536,-0.755738152408536,-0.7821722148408309,-0.6828247690319763,-0.6026045007541408,-0.6026045007541408,-0.6927030429335772,-0.6991013452042907,-0.6991013452042907,-0.6991013452042907,-0.6991013452042907,-0.6888628537410607,-0.6888628537410607,-0.6927030429335772,-0.660920653225617,-0.660920653225617,-0.660920653225617,-0.660920653225617,-0.6491743194173037,-0.6491743194173037,-0.6927030429335772,-0.7537097398179138,-0.6631215452444378,-0.6631215452444378,-0.6927030429335772,-0.751646551924631,-0.8461618140687525,-0.8427082203912734,-0.8427082203912734,-0.8427082203912734,-0.8427082203912734,-0.8427082203912734,-0.8427082203912734,-0.8427082203912734,-0.8427082203912734,-0.8391756448519145,-0.8391756448519145,-0.8391756448519145,-0.8391756448519145,-0.8391756448519145,-0.8700053950135924,-0.8700053950135924,-0.8700053950135924,-0.8700053950135924,-0.8700053950135924,-0.8700053950135924,-0.8700053950135924,-0.8700053950135924,-0.8700053950135924,-0.8700053950135924,-0.8700053950135924,-0.8700053950135924,-0.8700053950135924,-0.8700053950135924,-0.8700053950135924,-0.8700053950135924,-0.8700053950135924,-0.8700053950135924,-0.8700053950135924,-0.8700053950135924,-0.8700053950135924,-0.8391756448519145,-0.8391756448519145,0.0
0.0,-0.797640857572655,-0.21624949762990653,-0.21624949762990653,-0.797640857572655,-0.797640857572655,-0.797640857572655,-0.797640857572655,-0.7033676826920172,-0.7033676826920172,-0.6173030170247277,-0.6173030170247277,-0.6173030170247277,-0.6173030170247277,-0.6173030170247277,-0.6173030170247277,-0.6173030170247277,-0.6173030170247277,-0.797640857572655,-0.538131199345661,-0.538131199345661,-0.538131199345661,-0.538131199345661,-0.538131199345661,-0.538131199345661,-0.538131199345661,-0.538131199345661,-0.4648295453855011,-0.4648295453855011,-0.797640857572655,-0.797640857572655,-0.797640857572655,-0.797640857572655,-0.797640857572655,-0.797640857572655,-0.797640857572655,-1.096933728981207,-1.0183565364195493,-1.0183565364195493,-1.0183565364195493,-1.0183565364195493,-1.0183565364195493,-1.0183565364195493,-1.0183565364195493,-1.0183565364195493,-1.0183565364195493,-1.0183565364195493,-1.096933728981207,-0.797640857572655,-0.797640857572655,-0.797640857572655,-0.797640857572655,-0.797640857572655,-1.096933728981207,-1.096933728981207,-1.096933728981207,-1.096933728981207,-1.096933728981207,-1.096933728981207,-1.096933728981207,-1.096933728981207,-1.096933728981207,-1.096933728981207,-1.096933728981207,-1.096933728981207,-1.096933728981207,-1.096933728981207,-1.096933728981207,-1.096933728981207,-1.096933728981207,-1.096933728981207,-1.096933728981207,-1.096933728981207,-1.096933728981207,-1.096933728981207,-1.096933728981207,-1.096933728981207,-1.096933728981207,-1.096933728981207,-1.096933728981207,-1.096933728981207,-1.096933728981207,-1.096933728981207,-0.901855017471593,-0.901855017471593,-0.901855017471593,-0.901855017471593,-0.901855017471593,-0.6173030170247277,-0.6173030170247277,-0.6173030170247277,-0.6173030170247277,-0.6173030170247277,-0.6173030170247277,-0.901855017471593,-0.901855017471593,-0.901855017471593,-0.901855017471593,-0.901855017471593,-0.901855017471593,-0.901855017471593,-0.901855017471593,-0.901855017471593,-0.901855017471593,-0.901855017471593,-0.901855017471593,-0.901855017471593,-0.901855017471593,-0.901855017471593,-0.901855017471593,-0.901855017471593,-0.901855017471593,-0.901855017471593,-0.901855017471593,-0.901855017471593,-0.901855017471593,-1.096933728981207,-1.096933728981207,-1.096933728981207,-1.096933728981207,-1.096933728981207,-1.096933728981207,-1.096933728981207,-1.096933728981207,-0.797640857572655,1.418689201058362,0.38329135654449087,0.38329135654449087,-0.3965873381778338,-0.3327510165778624,-0.3327510165778624,-0.3327510165778624,-0.3327510165778624,-0.3965873381778338,-0.3965873381778338,-0.3965873381778338,1.418689201058362,1.418689201058362,1.4497635791329209,1.4497635791329209,1.4497635791329209,1.418689201058362,1.418689201058362,1.418689201058362,1.418689201058362,1.4497635791329209,1.4497635791329209,1.418689201058362,1.418689201058362,1.4497635791329209,1.4497635791329209,1.4497635791329209,1.4497635791329209,1.4497635791329209,1.418689201058362,1.418689201058362,1.418689201058362,1.418689201058362,1.418689201058362,1.418689201058362,1.418689201058362,1.418689201058362,1.418689201058362,1.418689201058362,1.418689201058362,1.418689201058362,1.418689201058362,-0.3965873381778338,-0.3965873381778338,-0.3965873381778338,1.4497635791329209,1.418689201058362,1.418689201058362,1.418689201058362,1.418689201058362,1.418689201058362,1.418689201058362,1.418689201058362,1.418689201058362,1.418689201058362,1.418689201058362,1.418689201058362,1.418689201058362,1.418689201058362,1.418689201058362,1.418689201058362,1.4497635791329209,1.4497635791329209,1.418689201058362,1.418689201058362,1.418689201058362,1.418689201058362,1.418689201058362,0.5979941312604431,0.5979941312604431,0.5979941312604431,1.4497635791329209,1.418689201058362,1.4497635791329209,1.4497635791329209,1.4497635791329209,1.4497635791329209,1.4497635791329209,1.418689201058362,1.418689201058362,1.4497635791329209,1.4497635791329209,1.4497635791329209,1.418689201058362,1.418689201058362,1.4497635791329209,1.4497635791329209,1.4497635791329209,1.4497635791329209,1.4497635791329209,1.4497635791329209,1.4497635791329209,-0.4648295453855011,-0.4648295453855011,-0.4648295453855011,-0.4648295453855011,-0.4648295453855011,-0.4648295453855011,-0.4648295453855011,1.4497635791329209,0.32145124083595084,-1.096933728981207,-1.0183565364195493,-1.0183565364195493,-1.0183565364195493,-1.096933728981207,-1.096933728981207,-1.096933728981207,-1.096933728981207,-1.096933728981207,-1.096933728981207,-1.096933728981207,-1.0183565364195493,-1.0183565364195493,-1.0183565364195493,-1.0183565364195493,-1.0183565364195493,-1.0183565364195493,0.32145124083595084,1.0688968763861773,1.038460023105511,1.0070567606776377,1.0070567606776377,0.8330798403377128,0.7539080226586461,0.7118114703156233,0.6451039720015455,0.6451039720015455,0.8330798403377128,0.9063814942978732,0.9063814942978732,0.8885590358382506,0.8885590358382506,0.8330798403377128,0.7942858609576123,0.7942858609576123,0.7942858609576123,0.7330836812166751,0.7330836812166751,0.6451039720015455,0.6451039720015455,0.8330798403377128,0.6451039720015455,0.3528545032638245,0.3528545032638245,0.2207759744561858,0.2207759744561858,0.2207759744561858,0.2207759744561858,0.2207759744561858,0.32145124083595084,0.32145124083595084,0.2207759744561858,-0.21624949762990653,-0.21624949762990653,-0.21624949762990653,-0.21624949762990653,-0.16277054484031625,-0.16277054484031625,0.2207759744561858,0.2207759744561858,0.026205950473936392,0.026205950473936392,0.2207759744561858,0.5485278398908471,1.234133359732534,-0.6173030170247277,-0.6173030170247277,-0.6173030170247277,-0.6173030170247277,-0.6173030170247277,-0.6173030170247277,-0.6173030170247277,-0.6173030170247277,-0.4648295453855011,-0.4648295453855011,-0.4648295453855011,-0.4648295453855011,-0.4648295453855011,-0.4648295453855011,-0.4648295453855011,-0.4648295453855011,-0.4648295453855011,-0.4648295453855011,-0.4648295453855011,-0.4648295453855011,-0.4648295453855011,-0.4648295453855011,-0.4648295453855011,-0.4648295453855011,-0.4648295453855011,-0.4648295453855011,-0.4648295453855011,-0.4648295453855011,-0.4648295453855011,-0.4648295453855011,-0.11203533773096849,-0.11203533773096849,-0.4648295453855011,-0.4648295453855011,-0.4648295453855011,-0.4648295453855011,0.0
0.0,-1.0,-1.0,-1.0,-1.0,-1.0,-1.0,-1.0,-1.0,-1.0,-1.0,-1.0,-1.0,-1.0,-1.0,-1.0,-1.0,-1.0,-1.0,-1.0,-1.0,-1.0,-1.0,-1.0,-1.0,-1.0,-1.0,-1.0,-1.0,-1.0,-1.0,-1.0,-1.0,-1.0,-1.0,-1.0,-1.0,-1.0,-1.0,-1.0,-1.0,-1.0,-1.0,-1.0,-1.0,-1.0,-1.0,-1.0,-1.0,-1.0,-1.0,-1.0,-1.0,-1.0,-1.0,-1.0,-1.0,-1.0,-1.0,-1.0,-1.0,-1.0,-1.0,-1.0,-1.0,-1.0,-1.0,-1.0,-1.0,-1.0,-1.0,-1.0,-1.0,-1.0,-1.0,-1.0,-1.0,-1.0,-1.0,-1.0,-1.0,-1.0,-1.0,-1.0,-1.0,-1.0,-1.0,-1.0,-1.0,-1.0,-1.0,-1.0,-1.0,-1.0,-1.0,-1.0,-1.0,-1.0,-1.0,-1.0,-1.0,-1.0,-1.0,-1.0,-1.0,-1.0,-1.0,-1.0,-1.0,-1.0,-1.0,-1.0,-1.0,-1.0,-1.0,-1.0,-1.0,-1.0,-1.0,-1.0,-1.0,-1.0,-1.0,-1.0,-1.0,-1.0,1.0,1.0,-1.0,-1.0,-1.0,-1.0,-1.0,-1.0,-1.0,-1.0,-1.0,-1.0,-1.0,-1.0,-1.0,-1.0,-1.0,-1.0,-1.0,-1.0,-1.0,-1.0,-1.0,-1.0,-1.0,-1.0,-1.0,-1.0,-1.0,-1.0,-1.0,-1.0,-1.0,-1.0,-1.0,-1.0,-1.0,-1.0,-1.0,-1.0,-1.0,-1.0,-1.0,-1.0,-1.0,-1.0,-1.0,-1.0,-1.0,-1.0,-1.0,-1.0,-1.0,-1.0,-1.0,-1.0,-1.0,-1.0,-1.0,-1.0,-1.0,-1.0,-1.0,-1.0,-1.0,-1.0,-1.0,-1.0,-1.0,-1.0,-1.0,-1.0,-1.0,-1.0,-1.0,-1.0,-1.0,-1.0,-1.0,-1.0,-1.0,-1.0,-1.0,-1.0,-1.0,-1.0,-1.0,-1.0,-1.0,-1.0,-1.0,-1.0,-1.0,-1.0,-1.0,-1.0,-1.0,-1.0,-1.0,-1.0,-1.0,-1.0,-1.0,-1.0,-1.0,-1.0,-1.0,-1.0,-1.0,-1.0,-1.0,-1.0,-1.0,-1.0,-1.0,-1.0,-1.0,-1.0,-1.0,-1.0,-1.0,-1.0,-1.0,-1.0,-1.0,-1.0,-1.0,-1.0,-1.0,-1.0,-1.0,-1.0,-1.0,-1.0,-1.0,-1.0,-1.0,-1.0,-1.0,-1.0,-1.0,-1.0,-1.0,-1.0,-1.0,-1.0,-1.0,-1.0,-1.0,1.0,1.0,-1.0,-1.0,-1.0,-1.0,-1.0,-1.0,-1.0,-1.0,-1.0,-1.0,-1.0,-1.0,-1.0,-1.0,1.0,1.0,1.0,1.0,1.0,1.0,1.0,1.0,1.0,1.0,1.0,1.0,1.0,-1.0,-1.0,-1.0,-1.0,-1.0,-1.0,-1.0,-1.0,-1.0,-1.0,-1.0,-1.0,-1.0,-1.0,-1.0,-1.0,-1.0,-1.0,-1.0,-1.0,-1.0,1.0,1.0,0.0
0.0,-1.0,-1.0,-1.0,-1.0,-1.0,-1.0,-1.0,-1.0,-1.0,-1.0,-1.0,-1.0,-1.0,-1.0,-1.0,-1.0,-1.0,-1.0,-1.0,-1.0,-1.0,-1.0,-1.0,-1.0,-1.0,-1.0,-1.0,-1.0,-1.0,-1.0,-1.0,-1.0,-1.0,-1.0,-1.0,-1.0,-1.0,-1.0,-1.0,-1.0,-1.0,-1.0,-1.0,-1.0,-1.0,-1.0,-1.0,-1.0,-1.0,-1.0,-1.0,-1.0,-1.0,-1.0,-1.0,-1.0,-1.0,-1.0,-1.0,-1.0,-1.0,-1.0,-1.0,-1.0,-1.0,-1.0,-1.0,-1.0,-1.0,-1.0,-1.0,-1.0,-1.0,-1.0,-1.0,-1.0,-1.0,-1.0,-1.0,-1.0,-1.0,-1.0,-1.0,-1.0,-1.0,-1.0,-1.0,-1.0,-1.0,-1.0,-1.0,-1.0,-1.0,-1.0,-1.0,-1.0,-1.0,-1.0,-1.0,-1.0,-1.0,-1.0,-1.0,-1.0,-1.0,-1.0,-1.0,-1.0,-1.0,-1.0,-1.0,-1.0,-1.0,-1.0,-1.0,-1.0,-1.0,-1.0,-1.0,-1.0,-1.0,-1.0,-1.0,-1.0,-1.0,-1.0,-1.0,-1.0,-1.0,-1.0,-1.0,-1.0,-1.0,-1.0,-1.0,-1.0,-1.0,-1.0,-1.0,-1.0,-1.0,-1.0,-1.0,-1.0,-1.0,-1.0,-1.0,-1.0,-1.0,-1.0,-1.0,-1.0,-1.0,-1.0,-1.0,-1.0,-1.0,-1.0,-1.0,-1.0,-1.0,-1.0,-1.0,-1.0,-1.0,-1.0,-1.0,-1.0,-1.0,-1.0,-1.0,-1.0,-1.0,-1.0,-1.0,-1.0,-1.0,-1.0,-1.0,-1.0,-1.0,-1.0,-1.0,-1.0,-1.0,-1.0,-1.0,-1.0,-1.0,-1.0,-1.0,-1.0,-1.0,-1.0,-1.0,-1.0,-1.0,-1.0,-1.0,-1.0,-1.0,-1.0,-1.0,-1.0,-1.0,-1.0,-1.0,-1.0,-1.0,-1.0,-1.0,-1.0,-1.0,-1.0,-1.0,-1.0,-1.0,-1.0,-1.0,-1.0,-1.0,-1.0,-1.0,-1.0,-1.0,-1.0,-1.0,-1.0,-1.0,-1.0,-1.0,-1.0,-1.0,-1.0,-1.0,-1.0,-1.0,-1.0,-1.0,-1.0,-1.0,-1.0,-1.0,-1.0,-1.0,-1.0,-1.0,-1.0,-1.0,-1.0,-1.0,-1.0,-1.0,-1.0,-1.0,-1.0,-1.0,-1.0,-1.0,-1.0,-1.0,-1.0,-1.0,-1.0,-1.0,-1.0,-1.0,-1.0,-1.0,-1.0,-1.0,-1.0,-1.0,-1.0,1.0,1.0,-1.0,-1.0,-1.0,-1.0,-1.0,-1.0,-1.0,-1.0,-1.0,-1.0,-1.0,-1.0,-1.0,-1.0,-1.0,-1.0,-1.0,-1.0,-1.0,-1.0,-1.0,-1.0,-1.0,-1.0,-1.0,-1.0,-1.0,-1.0,-1.0,-1.0,-1.0,-1.0,-1.0,-1.0,-1.0,-1.0,-1.0,-1.0,-1.0,-1.0,-1.0,-1.0,-1.0,-1.0,-1.0,-1.0,-1.0,-1.0,-1.0,-1.0,0.0
0.0,-1.0,-1.0,-1.0,-1.0,-1.0,-1.0,-1.0,-1.0,-1.0,-1.0,-1.0,-1.0,-1.0,-1.0,-1.0,-1.0,-1.0,-1.0,-1.0,-1.0,-1.0,-1.0,-1.0,-1.0,-1.0,-1.0,-1.0,-1.0,-1.0,-1.0,-1.0,-1.0,-1.0,-1.0,-1.0,-1.0,-1.0,-1.0,-1.0,-1.0,-1.0,-1.0,-1.0,-1.0,-1.0,-1.0,-1.0,-1.0,-1.0,-1.0,-1.0,-1.0,-1.0,-1.0,-1.0,-1.0,-1.0,-1.0,-1.0,-1.0,-1.0,-1.0,-1.0,-1.0,-1.0,-1.0,-1.0,-1.0,-1.0,-1.0,-1.0,-1.0,-1.0,-1.0,-1.0,-1.0,-1.0,-1.0,-1.0,-1.0,-1.0,-1.0,-1.0,-1.0,-1.0,-1.0,-1.0,-1.0,-1.0,-1.0,-1.0,-1.0,-1.0,-1.0,-1.0,-1.0,-1.0,-1.0,-1.0,-1.0,-1.0,-1.0,-1.0,-1.0,-1.0,-1.0,-1.0,-1.0,-1.0,-1.0,-1.0,-1.0,-1.0,-1.0,-1.0,-1.0,-1.0,-1.0,-1.0,-1.0,-1.0,-1.0,-1.0,-1.0,-1.0,-1.0,-1.0,-1.0,-1.0,-1.0,-1.0,-1.0,-1.0,-1.0,-1.0,-1.0,-1.0,-1.0,-1.0,-1.0,-1.0,-1.0,-1.0,-1.0,-1.0,-1.0,-1.0,-1.0,-1.0,-1.0,-1.0,-1.0,-1.0,-1.0,-1.0,-1.0,-1.0,-1.0,-1.0,-1.0,-1.0,-1.0,-1.0,-1.0,-1.0,-1.0,-1.0,-1.0,-1.0,-1.0,-1.0,-1.0,-1.0,-1.0,-1.0,-1.0,-1.0,-1.0,-1.0,-1.0,-1.0,-1.0,-1.0,-1.0,-1.0,-1.0,-1.0,-1.0,-1.0,-1.0,-1.0,-1.0,-1.0,-1.0,-1.0,-1.0,-1.0,-1.0,-1.0,-1.0,-1.0,-1.0,-1.0,-1.0,-1.0,-1.0,-1.0,-1.0,-1.0,-1.0,-1.0,-1.0,-1.0,-1.0,-1.0,-1.0,-1.0,-1.0,-1.0,-1.0,-1.0,-1.0,-1.0,-1.0,-1.0,-1.0,-1.0,-1.0,-1.0,-1.0,-1.0,-1.0,-1.0,-1.0,-1.0,-1.0,-1.0,-1.0,-1.0,-1.0,-1.0,-1.0,-1.0,-1.0,-1.0,-1.0,-1.0,-1.0,-1.0,-1.0,-1.0,-1.0,-1.0,-1.0,-1.0,-1.0,-1.0,-1.0,-1.0,-1.0,-1.0,-1.0,-1.0,-1.0,-1.0,-1.0,-1.0,-1.0,-1.0,-1.0,-1.0,-1.0,-1.0,-1.0,-1.0,-1.0,-1.0,-1.0,-1.0,-1.0,-1.0,-1.0,-1.0,-1.0,-1.0,-1.0,-1.0,-1.0,-1.0,-1.0,1.0,1.0,1.0,1.0,1.0,1.0,1.0,1.0,1.0,1.0,1.0,1.0,1.0,-1.0,-1.0,-1.0,-1.0,-1.0,-1.0,-1.0,-1.0,-1.0,-1.0,-1.0,-1.0,-1.0,-1.0,-1.0,-1.0,-1.0,-1.0,-1.0,-1.0,-1.0,1.0,1.0,0.0
0.0,-1.0,-1.0,-1.0,-1.0,-1.0,-1.0,-1.0,-1.0,-1.0,-1.0,-1.0,-1.0,-1.0,-1.0,-1.0,-1.0,-1.0,-1.0,-1.0,-1.0,-1.0,-1.0,-1.0,-1.0,-1.0,-1.0,-1.0,-1.0,-1.0,-1.0,-1.0,-1.0,-1.0,-1.0,-1.0,-1.0,-1.0,-1.0,-1.0,-1.0,-1.0,-1.0,-1.0,-1.0,-1.0,-1.0,-1.0,-1.0,-1.0,-1.0,-1.0,-1.0,-1.0,-1.0,-1.0,-1.0,-1.0,-1.0,-1.0,-1.0,-1.0,-1.0,-1.0,-1.0,-1.0,-1.0,-1.0,-1.0,-1.0,-1.0,-1.0,-1.0,-1.0,-1.0,-1.0,-1.0,-1.0,-1.0,-1.0,-1.0,-1.0,-1.0,-1.0,-1.0,-1.0,-1.0,-1.0,-1.0,-1.0,-1.0,-1.0,-1.0,-1.0,-1.0,-1.0,-1.0,-1.0,-1.0,-1.0,-1.0,-1.0,-1.0,-1.0,-1.0,-1.0,-1.0,-1.0,-1.0,-1.0,-1.0,-1.0,-1.0,-1.0,-1.0,-1.0,-1.0,-1.0,-1.0,-1.0,-1.0,-1.0,-1.0,-1.0,-1.0,-1.0,-1.0,-1.0,-1.0,-1.0,-1.0,-1.0,-1.0,-1.0,-1.0,-1.0,-1.0,-1.0,-1.0,-1.0,-1.0,-1.0,-1.0,-1.0,-1.0,-1.0,-1.0,-1.0,-1.0,-1.0,-1.0,-1.0,-1.0,-1.0,-1.0,-1.0,-1.0,-1.0,-1.0,-1.0,-1.0,-1.0,-1.0,-1.0,-1.0,-1.0,-1.0,-1.0,-1.0,-1.0,-1.0,-1.0,-1.0,-1.0,-1.0,-1.0,-1.0,-1.0,-1.0,-1.0,-1.0,-1.0,-1.0,-1.0,-1.0,-1.0,-1.0,-1.0,-1.0,-1.0,-1.0,-1.0,-1.0,-1.0,-1.0,-1.0,-1.0,-1.0,-1.0,-1.0,-1.0,-1.0,-1.0,-1.0,-1.0,-1.0,-1.0,-1.0,-1.0,-1.0,-1.0,-1.0,-1.0,-1.0,-1.0,-1.0,-1.0,-1.0,-1.0,-1.0,-1.0,-1.0,-1.0,-1.0,-1.0,-1.0,-1.0,-1.0,-1.0,-1.0,-1.0,-1.0,-1.0,-1.0,-1.0,-1.0,-1.0,-1.0,-1.0,-1.0,-1.0,-1.0,-1.0,-1.0,-1.0,-1.0,-1.0,-1.0,-1.0,-1.0,-1.0,-1.0,-1.0,-1.0,-1.0,-1.0,-1.0,-1.0,-1.0,-1.0,-1.0,-1.0,-1.0,-1.0,-1.0,-1.0,-1.0,-1.0,-1.0,-1.0,-1.0,-1.0,-1.0,-1.0,-1.0,-1.0,-1.0,-1.0,-1.0,-1.0,-1.0,-1.0,-1.0,-1.0,-1.0,-1.0,-1.0,-1.0,-1.0,-1.0,-1.0,-1.0,-1.0,-1.0,-1.0,-1.0,-1.0,-1.0,-1.0,-1.0,-1.0,-1.0,-1.0,-1.0,-1.0,-1.0,-1.0,-1.0,-1.0,-1.0,-1.0,-1.0,-1.0,-1.0,-1.0,-1.0,-1.0,-1.0,-1.0,-1.0,-1.0,-1.0,-1.0,-1.0,-1.0,-1.0,-1.0,0.0
0.0,-1.0,-1.0,-1.0,-1.0,-1.0,-1.0,-1.0,-1.0,-1.0,-1.0,-1.0,-1.0,-1.0,-1.0,-1.0,-1.0,-1.0,-1.0,-1.0,-1.0,-1.0,-1.0,-1.0,-1.0,-1.0,-1.0,-1.0,-1.0,-1.0,-1.0,-1.0,-1.0,-1.0,-1.0,-1.0,-1.0,-1.0,-1.0,-1.0,-1.0,-1.0,-1.0,-1.0,-1.0,-1.0,-1.0,-1.0,-1.0,-1.0,-1.0,-1.0,-1.0,-1.0,-1.0,-1.0,-1.0,-1.0,-1.0,-1.0,-1.0,-1.0,-1.0,-1.0,-1.0,-1.0,-1.0,-1.0,-1.0,-1.0,-1.0,-1.0,-1.0,-1.0,-1.0,-1.0,-1.0,-1.0,-1.0,-1.0,-1.0,-1.0,-1.0,-1.0,-1.0,-1.0,-1.0,-1.0,-1.0,-1.0,-1.0,-1.0,-1.0,-1.0,-1.0,-1.0,-1.0,-1.0,-1.0,-1.0,-1.0,-1.0,-1.0,-1.0,-1.0,-1.0,-1.0,-1.0,-1.0,-1.0,-1.0,-1.0,-1.0,-1.0,-1.0,-1.0,-1.0,-1.0,-1.0,-1.0,-1.0,-1.0,-1.0,-1.0,-1.0,-1.0,-1.0,-1.0,-1.0,-1.0,-1.0,-1.0,-1.0,-1.0,-1.0,-1.0,-1.0,-1.0,-1.0,-1.0,-1.0,-1.0,-1.0,-1.0,-1.0,-1.0,-1.0,-1.0,-1.0,-1.0,-1.0,-1.0,-1.0,-1.0,-1.0,-1.0,-1.0,-1.0,-1.0,-1.0,-1.0,-1.0,-1.0,-1.0,-1.0,-1.0,-1.0,-1.0,-1.0,-1.0,-1.0,-1.0,-1.0,-1.0,-1.0,-1.0,-1.0,-1.0,-1.0,-1.0,-1.0,-1.0,-1.0,-1.0,-1.0,-1.0,-1.0,-1.0,-1.0,-1.0,-1.0,-1.0,-1.0,-1.0,-1.0,-1.0,-1.0,-1.0,-1.0,-1.0,-1.0,-1.0,-1.0,-1.0,-1.0,-1.0,-1.0,-1.0,-1.0,-1.0,-1.0,-1.0,-1.0,-1.0,-1.0,-1.0,-1.0,-1.0,-1.0,-1.0,-1.0,-1.0,-1.0,-1.0,-1.0,-1.0,-1.0,-1.0,-1.0,-1.0,-1.0,-1.0,-1.0,-1.0,-1.0,-1.0,-1.0,-1.0,-1.0,-1.0,-1.0,-1.0,-1.0,-1.0,-1.0,-1.0,-1.0,-1.0,-1.0,-1.0,-1.0,-1.0,-1.0,-1.0,-1.0,-1.0,-1.0,-1.0,-1.0,-1.0,-1.0,-1.0,-1.0,-1.0,-1.0,-1.0,-1.0,-1.0,-1.0,-1.0,-1.0,-1.0,-1.0,-1.0,-1.0,-1.0,-1.0,-1.0,-1.0,-1.0,-1.0,-1.0,-1.0,-1.0,-1.0,-1.0,-1.0,-1.0,-1.0,-1.0,-1.0,-1.0,-1.0,-1.0,-1.0,-1.0,-1.0,-1.0,-1.0,-1.0,-1.0,-1.0,-1.0,-1.0,-1.0,-1.0,-1.0,-1.0,-1.0,-1.0,-1.0,-1.0,-1.0,-1.0,-1.0,-1.0,-1.0,-1.0,-1.0,-1.0,-1.0,-1.0,-1.0,-1.0,-1.0,-1.0,-1.0,0.0
0.0,-1.0,-1.0,-1.0,-1.0,-1.0,-1.0,-1.0,-1.0,-1.0,-1.0,-1.0,-1.0,-1.0,-1.0,-1.0,-1.0,-1.0,-1.0,-1.0,-1.0,-1.0,-1.0,-1.0,-1.0,-1.0,-1.0,-1.0,-1.0,-1.0,-1.0,-1.0,-1.0,-1.0,-1.0,-1.0,-1.0,-1.0,-1.0,-1.0,-1.0,-1.0,-1.0,-1.0,-1.0,-1.0,-1.0,-1.0,-1.0,-1.0,-1.0,-1.0,-1.0,-1.0,-1.0,-1.0,-1.0,-1.0,-1.0,-1.0,-1.0,-1.0,-1.0,-1.0,-1.0,-1.0,-1.0,-1.0,-1.0,-1.0,-1.0,-1.0,-1.0,-1.0,-1.0,-1.0,-1.0,-1.0,-1.0,-1.0,-1.0,-1.0,-1.0,-1.0,-1.0,-1.0,-1.0,-1.0,-1.0,-1.0,-1.0,-1.0,-1.0,-1.0,-1.0,-1.0,-1.0,-1.0,-1.0,-1.0,-1.0,-1.0,-1.0,-1.0,-1.0,-1.0,-1.0,-1.0,-1.0,-1.0,-1.0,-1.0,-1.0,-1.0,-1.0,-1.0,-1.0,-1.0,-1.0,-1.0,-1.0,-1.0,-1.0,-1.0,-1.0,-1.0,-1.0,-1.0,-1.0,-1.0,-1.0,-1.0,-1.0,-1.0,-1.0,-1.0,-1.0,-1.0,-1.0,-1.0,-1.0,-1.0,-1.0,-1.0,-1.0,-1.0,-1.0,-1.0,-1.0,-1.0,-1.0,-1.0,-1.0,-1.0,-1.0,-1.0,-1.0,-1.0,-1.0,-1.0,-1.0,-1.0,-1.0,-1.0,-1.0,-1.0,-1.0,-1.0,-1.0,-1.0,-1.0,-1.0,-1.0,-1.0,-1.0,-1.0,-1.0,-1.0,-1.0,-1.0,-1.0,-1.0,-1.0,-1.0,-1.0,-1.0,-1.0,-1.0,-1.0,-1.0,-1.0,-1.0,-1.0,-1.0,-1.0,-1.0,-1.0,-1.0,-1.0,-1.0,-1.0,-1.0,-1.0,-1.0,-1.0,-1.0,-1.0,-1.0,-1.0,-1.0,-1.0,-1.0,-1.0,-1.0,-1.0,-1.0,-1.0,-1.0,-1.0,-1.0,-1.0,-1.0,-1.0,-1.0,-1.0,-1.0,-1.0,-1.0,-1.0,-1.0,-1.0,-1.0,-1.0,-1.0,-1.0,-1.0,-1.0,-1.0,-1.0,-1.0,-1.0,-1.0,-1.0,-1.0,-1.0,-1.0,-1.0,-1.0,-1.0,-1.0,-1.0,-1.0,-1.0,-1.0,-1.0,-1.0,-1.0,-1.0,-1.0,-1.0,-1.0,-1.0,-1.0,-1.0,-1.0,-1.0,-1.0,-1.0,-1.0,-1.0,-1.0,-1.0,-1.0,-1.0,-1.0,-1.0,-1.0,-1.0,-1.0,-1.0,-1.0,-1.0,-1.0,-1.0,-1.0,-1.0,-1.0,-1.0,-1.0,-1.0,-1.0,-1.0,-1.0,-1.0,-1.0,-1.0,-1.0,-1.0,-1.0,-1.0,-1.0,-1.0,-1.0,-1.0,-1.0,-1.0,-1.0,-1.0,-1.0,-1.0,-1.0,-1.0,-1.0,-1.0,-1.0,-1.0,-1.0,-1.0,-1.0,-1.0,-1.0,-1.0,-1.0,-1.0,-1.0,-1.0,-1.0,0.0
0.0,-1.0,-1.0,-1.0,-1.0,-1.0,-1.0,-1.0,-1.0,-1.0,-1.0,-1.0,-1.0,-1.0,-1.0,-1.0,-1.0,-1.0,-1.0,-1.0,-1.0,-1.0,-1.0,-1.0,-1.0,-1.0,-1.0,-1.0,-1.0,-1.0,-1.0,-1.0,-1.0,-1.0,-1.0,-1.0,-1.0,-1.0,-1.0,-1.0,-1.0,-1.0,-1.0,-1.0,-1.0,-1.0,-1.0,-1.0,-1.0,-1.0,-1.0,-1.0,-1.0,-1.0,-1.0,-1.0,-1.0,-1.0,-1.0,-1.0,-1.0,-1.0,-1.0,-1.0,-1.0,-1.0,-1.0,-1.0,-1.0,-1.0,-1.0,-1.0,-1.0,-1.0,-1.0,-1.0,-1.0,-1.0,-1.0,-1.0,-1.0,-1.0,-1.0,-1.0,-1.0,-1.0,-1.0,-1.0,-1.0,-1.0,-1.0,-1.0,-1.0,-1.0,-1.0,-1.0,-1.0,-1.0,-1.0,-1.0,-1.0,-1.0,-1.0,-1.0,-1.0,-1.0,-1.0,-1.0,-1.0,-1.0,-1.0,-1.0,-1.0,-1.0,-1.0,-1.0,-1.0,-1.0,-1.0,-1.0,-1.0,-1.0,-1.0,-1.0,-1.0,1.0,1.0,1.0,1.0,1.0,1.0,1.0,1.0,1.0,1.0,1.0,1.0,1.0,1.0,1.0,1.0,1.0,1.0,1.0,1.0,1.0,1.0,1.0,1.0,1.0,1.0,1.0,1.0,1.0,1.0,1.0,1.0,1.0,1.0,1.0,1.0,1.0,1.0,1.0,1.0,1.0,1.0,-1.0,-1.0,-1.0,1.0,1.0,1.0,1.0,1.0,1.0,1.0,1.0,1.0,1.0,1.0,1.0,1.0,1.0,1.0,1.0,1.0,1.0,1.0,1.0,1.0,1.0,1.0,-1.0,-1.0,-1.0,1.0,1.0,1.0,1.0,1.0,1.0,1.0,1.0,1.0,1.0,1.0,1.0,1.0,1.0,1.0,1.0,1.0,1.0,1.0,1.0,1.0,-1.0,-1.0,-1.0,-1.0,-1.0,-1.0,-1.0,1.0,1.0,-1.0,-1.0,-1.0,-1.0,-1.0,-1.0,-1.0,-1.0,-1.0,-1.0,-1.0,-1.0,-1.0,-1.0,-1.0,-1.0,-1.0,1.0,1.0,1.0,1.0,1.0,1.0,1.0,1.0,1.0,1.0,1.0,1.0,1.0,1.0,1.0,1.0,1.0,1.0,1.0,1.0,1.0,1.0,1.0,1.0,1.0,1.0,1.0,1.0,1.0,1.0,1.0,1.0,1.0,1.0,1.0,1.0,1.0,1.0,1.0,1.0,1.0,1.0,1.0,1.0,1.0,1.0,1.0,1.0,1.0,1.0,1.0,1.0,1.0,1.0,1.0,1.0,1.0,1.0,1.0,1.0,1.0,-1.0,-1.0,-1.0,-1.0,-1.0,-1.0,-1.0,-1.0,-1.0,-1.0,-1.0,-1.0,-1.0,-1.0,-1.0,-1.0,-1.0,-1.0,-1.0,-1.0,-1.0,1.0,1.0,0.0
0.0,0.43260867473695336,0.32876518370919866,0.32876518370919866,0.4063840485557787,0.4063840485557787,0.4063840485557787,0.4063840485557787,0.3691269934294201,0.3691269934294201,0.3406363042151462,0.3406363042151462,0.3406363042151462,0.3406363042151462,0.3406363042151462,0.3406363042151462,0.3406363042151462,0.3406363042151462,0.4063840485557787,-0.5995564398558987,-0.5995564398558987,-0.5995564398558987,-0.5995564398558987,-0.5995564398558987,-0.5995564398558987,-0.5995564398558987,-0.5995564398558987,-0.5793755349957879,-0.5793755349957879,0.4063840485557787,0.4063840485557787,0.4063840485557787,0.4063840485557787,0.4063840485557787,0.4063840485557787,0.4063840485557787,0.8534687100720798,0.8188728731690326,0.8188728731690326,0.8188728731690326,0.8188728731690326,0.8188728731690326,0.8188728731690326,0.8188728731690326,0.8188728731690326,0.8188728731690326,0.8188728731690326,0.8534687100720798,0.7996529637784509,0.7996529637784509,0.7996529637784509,0.7996529637784509,0.7996529637784509,0.8534687100720798,0.8974997752214124,0.8974997752214124,0.8974997752214124,0.8974997752214124,0.8974997752214124,0.8974997752214124,0.8974997752214124,0.8974997752214124,0.8534687100720798,0.8974997752214124,0.8974997752214124,0.8974997752214124,0.8974997752214124,0.8974997752214124,0.8974997752214124,0.8974997752214124,0.8974997752214124,0.8534687100720798,0.8534687100720798,0.8534687100720798,0.8534687100720798,0.8534687100720798,0.8534687100720798,0.8534687100720798,0.8534687100720798,0.8534687100720798,0.8534687100720798,0.8534687100720798,0.8534687100720798,0.5559989943387927,0.5559989943387927,0.5559989943387927,0.5559989943387927,0.5559989943387927,-0.5995564398558987,-0.5995564398558987,-0.5995564398558987,-0.5995564398558987,-0.5995564398558987,-0.5995564398558987,0.5559989943387927,0.5559989943387927,0.5559989943387927,0.5559989943387927,0.5559989943387927,0.5559989943387927,0.5559989943387927,0.5559989943387927,0.5559989943387927,0.5559989943387927,0.5559989943387927,0.5559989943387927,0.5559989943387927,0.5559989943387927,0.5559989943387927,0.5559989943387927,0.5559989943387927,0.5559989943387927,0.5559989943387927,0.5559989943387927,0.5559989943387927,0.5559989943387927,0.8974997752214124,0.8974997752214124,0.8974997752214124,0.8974997752214124,0.8974997752214124,0.8974997752214124,0.8974997752214124,0.8974997752214124,0.43260867473695336,-0.8376227073582229,-0.27666196209412575,-0.27666196209412575,0.2134457273657082,-0.08672403399896521,-0.08672403399896521,-0.08672403399896521,-0.08672403399896521,0.2134457273657082,0.2134457273657082,0.2134457273657082,-0.8376227073582229,-0.8376227073582229,-0.8497647148314716,-0.8497647148314716,-0.8497647148314716,-0.8376227073582229,-0.8376227073582229,-0.8376227073582229,-0.8376227073582229,-0.8497647148314716,-0.8497647148314716,-0.8376227073582229,-0.8376227073582229,-0.8497647148314716,-0.8497647148314716,-0.8497647148314716,-0.8497647148314716,-0.8497647148314716,-0.8376227073582229,-0.8376227073582229,-0.8376227073582229,-0.8376227073582229,-0.8376227073582229,-0.8376227073582229,-0.8376227073582229,-0.8376227073582229,-0.8376227073582229,-0.8376227073582229,-0.8376227073582229,-0.8376227073582229,-0.8376227073582229,0.7996529637784509,0.7996529637784509,0.7996529637784509,-0.8497647148314716,-0.8376227073582229,-0.8376227073582229,-0.8376227073582229,-0.8376227073582229,-0.8376227073582229,-0.8376227073582229,-0.8376227073582229,-0.8376227073582229,-0.8376227073582229,-0.8376227073582229,-0.8376227073582229,-0.8376227073582229,-0.8376227073582229,-0.8376227073582229,-0.8376227073582229,-0.8497647148314716,-0.8497647148314716,-0.8376227073582229,-0.8376227073582229,-0.8376227073582229,-0.8376227073582229,-0.8376227073582229,-0.3500470706763468,-0.3500470706763468,-0.3500470706763468,-0.8497647148314716,-0.8376227073582229,-0.8497647148314716,-0.8497647148314716,-0.8497647148314716,-0.8497647148314716,-0.8497647148314716,-0.8376227073582229,-0.8376227073582229,-0.8497647148314716,-0.8497647148314716,-0.8497647148314716,-0.8376227073582229,-0.8376227073582229,-0.8497647148314716,-0.8497647148314716,-0.8497647148314716,-0.8497647148314716,-0.8497647148314716,-0.8497647148314716,-0.8497647148314716,0.4408813218209254,0.4408813218209254,0.4408813218209254,0.4408813218209254,0.4408813218209254,0.4408813218209254,0.4408813218209254,-0.8497647148314716,-0.38082147104953634,-0.4381092009750122,-0.5995564398558987,-0.5995564398558987,-0.5995564398558987,-0.27666196209412575,-0.27666196209412575,-0.27666196209412575,-0.27666196209412575,-0.27666196209412575,-0.27666196209412575,-0.4381092009750122,-0.47847101069523384,-0.47847101069523384,-0.47847101069523384,-0.3133545163852363,-0.3133545163852363,-0.308951409870303,-0.38082147104953634,-0.4621081148627116,-0.4682095336477199,-0.47847101069523384,-0.47847101069523384,-0.4648964110135449,-0.4080725053692659,-0.4027926174698183,-0.39198141843761614,-0.39198141843761614,-0.4648964110135449,-0.6479906115201647,-0.6600991544362311,-0.6802800592963419,-0.6802800592963419,-0.4648964110135449,-0.39198141843761614,-0.39198141843761614,-0.39198141843761614,-0.54574069356227,-0.54574069356227,-0.34873662230880725,-0.34873662230880725,-0.4648964110135449,-0.6802800592963419,-0.5995564398558987,-0.5995564398558987,-0.24302712066060775,-0.20327685351190458,-0.20327685351190458,-0.20327685351190458,-0.20327685351190458,-0.27666196209412575,-0.27666196209412575,-0.24302712066060775,0.24804156426875545,0.24804156426875545,0.24804156426875545,0.24804156426875545,0.1906853083505456,0.1906853083505456,-0.24302712066060775,-0.21900223392238052,-0.17575743779357167,-0.17575743779357167,-0.24302712066060775,-0.38830101025644076,-0.7909346783872868,0.35603667676340245,0.35603667676340245,0.35603667676340245,0.35603667676340245,0.35603667676340245,0.35603667676340245,0.35603667676340245,0.35603667676340245,0.27831292155892157,0.27831292155892157,0.27831292155892157,0.27831292155892157,0.27831292155892157,0.29207262941808815,0.29207262941808815,0.29207262941808815,0.29207262941808815,0.29207262941808815,0.29207262941808815,0.29207262941808815,0.29207262941808815,0.29207262941808815,0.29207262941808815,0.29207262941808815,0.29207262941808815,0.29207262941808815,0.29207262941808815,0.29207262941808815,0.29207262941808815,0.29207262941808815,0.23703379798142207,0.23703379798142207,0.29207262941808815,0.29207262941808815,0.27831292155892157,0.27831292155892157,0.0
0.0,0.04916446974811305,-0.07050614063106092,-0.07050614063106092,0.01814203444057139,0.01814203444057139,0.01814203444057139,0.01814203444057139,-0.02500070950017269,-0.02500070950017269,-0.05725525359918527,-0.05725525359918527,-0.05725525359918527,-0.05725525359918527,-0.05725525359918527,-0.05725525359918527,-0.05725525359918527,-0.05725525359918527,0.01814203444057139,-0.7633423526379678,-0.7633423526379678,-0.7633423526379678,-0.7633423526379678,-0.7633423526379678,-0.7633423526379678,-0.7633423526379678,-0.7633423526379678,-0.7554910634639764,-0.7554910634639764,0.01814203444057139,0.01814203444057139,0.01814203444057139,0.01814203444057139,0.01814203444057139,0.01814203444057139,0.01814203444057139,0.6210482282453983,0.5687804205998015,0.5687804205998015,0.5687804205998015,0.5687804205998015,0.5687804205998015,0.5687804205998015,0.5687804205998015,0.5687804205998015,0.5687804205998015,0.5687804205998015,0.6210482282453983,0.5401496840127076,0.5401496840127076,0.5401496840127076,0.5401496840127076,0.5401496840127076,0.6210482282453983,0.6889329454347204,0.6889329454347204,0.6889329454347204,0.6889329454347204,0.6889329454347204,0.6889329454347204,0.6889329454347204,0.6889329454347204,0.6210482282453983,0.6889329454347204,0.6889329454347204,0.6889329454347204,0.6889329454347204,0.6889329454347204,0.6889329454347204,0.6889329454347204,0.6889329454347204,0.6210482282453983,0.6210482282453983,0.6210482282453983,0.6210482282453983,0.6210482282453983,0.6210482282453983,0.6210482282453983,0.6210482282453983,0.6210482282453983,0.6210482282453983,0.6210482282453983,0.6210482282453983,0.2023921740996541,0.2023921740996541,0.2023921740996541,0.2023921740996541,0.2023921740996541,-0.7633423526379678,-0.7633423526379678,-0.7633423526379678,-0.7633423526379678,-0.7633423526379678,-0.7633423526379678,0.2023921740996541,0.2023921740996541,0.2023921740996541,0.2023921740996541,0.2023921740996541,0.2023921740996541,0.2023921740996541,0.2023921740996541,0.2023921740996541,0.2023921740996541,0.2023921740996541,0.2023921740996541,0.2023921740996541,0.2023921740996541,0.2023921740996541,0.2023921740996541,0.2023921740996541,0.2023921740996541,0.2023921740996541,0.2023921740996541,0.2023921740996541,0.2023921740996541,0.6889329454347204,0.6889329454347204,0.6889329454347204,0.6889329454347204,0.6889329454347204,0.6889329454347204,0.6889329454347204,0.6889329454347204,0.04916446974811305,-0.8317731117926161,-0.59926643194068,-0.59926643194068,-0.19345844089848024,-0.46442895385899885,-0.46442895385899885,-0.46442895385899885,-0.46442895385899885,-0.19345844089848024,-0.19345844089848024,-0.19345844089848024,-0.8317731117926161,-0.8317731117926161,-0.8340680191344477,-0.8340680191344477,-0.8340680191344477,-0.8317731117926161,-0.8317731117926161,-0.8317731117926161,-0.8317731117926161,-0.8340680191344477,-0.8340680191344477,-0.8317731117926161,-0.8317731117926161,-0.8340680191344477,-0.8340680191344477,-0.8340680191344477,-0.8340680191344477,-0.8340680191344477,-0.8317731117926161,-0.8317731117926161,-0.8317731117926161,-0.8317731117926161,-0.8317731117926161,-0.8317731117926161,-0.8317731117926161,-0.8317731117926161,-0.8317731117926161,-0.8317731117926161,-0.8317731117926161,-0.8317731117926161,-0.8317731117926161,0.5401496840127076,0.5401496840127076,0.5401496840127076,-0.8340680191344477,-0.8317731117926161,-0.8317731117926161,-0.8317731117926161,-0.8317731117926161,-0.8317731117926161,-0.8317731117926161,-0.8317731117926161,-0.8317731117926161,-0.8317731117926161,-0.8317731117926161,-0.8317731117926161,-0.8317731117926161,-0.8317731117926161,-0.8317731117926161,-0.8317731117926161,-0.8340680191344477,-0.8340680191344477,-0.8317731117926161,-0.8317731117926161,-0.8317731117926161,-0.8317731117926161,-0.8317731117926161,-0.643760160435554,-0.643760160435554,-0.643760160435554,-0.8340680191344477,-0.8317731117926161,-0.8340680191344477,-0.8340680191344477,-0.8340680191344477,-0.8340680191344477,-0.8340680191344477,-0.8317731117926161,-0.8317731117926161,-0.8340680191344477,-0.8340680191344477,-0.8340680191344477,-0.8317731117926161,-0.8317731117926161,-0.8340680191344477,-0.8340680191344477,-0.8340680191344477,-0.8340680191344477,-0.8340680191344477,-0.8340680191344477,-0.8340680191344477,0.05906287949905514,0.05906287949905514,0.05906287949905514,0.05906287949905514,0.05906287949905514,0.05906287949905514,0.05906287949905514,-0.8340680191344477,-0.6611577131610409,-0.6915591373329043,-0.7633423526379678,-0.7633423526379678,-0.7633423526379678,-0.59926643194068,-0.59926643194068,-0.59926643194068,-0.59926643194068,-0.59926643194068,-0.59926643194068,-0.6915591373329043,-0.7114277058548415,-0.7114277058548415,-0.7114277058548415,-0.6220429834321035,-0.6220429834321035,-0.6193657322260977,-0.6611577131610409,-0.7035273761155053,-0.7064978940453424,-0.7114277058548415,-0.7114277058548415,-0.7048885118401736,-0.675941310376321,-0.673122627933264,-0.6672825980460608,-0.6672825980460608,-0.7048885118401736,-0.7808779666624904,-0.7849734554642703,-0.791542901507814,-0.791542901507814,-0.7048885118401736,-0.6672825980460608,-0.6672825980460608,-0.6672825980460608,-0.7416934464348534,-0.7416934464348534,-0.6430027887512314,-0.6430027887512314,-0.7048885118401736,-0.791542901507814,-0.7633423526379678,-0.7633423526379678,-0.5774572953462597,-0.5505352054939131,-0.5505352054939131,-0.5505352054939131,-0.5505352054939131,-0.59926643194068,-0.59926643194068,-0.5774572953462597,-0.1576714735014951,-0.1576714735014951,-0.1576714735014951,-0.1576714735014951,-0.21648889880426156,-0.21648889880426156,-0.5774572953462597,-0.5613343393049868,-0.5311685156356533,-0.5311685156356533,-0.5774572953462597,-0.6652735193505532,-0.8218682048634559,-0.03989967801126208,-0.03989967801126208,-0.03989967801126208,-0.03989967801126208,-0.03989967801126208,-0.03989967801126208,-0.03989967801126208,-0.03989967801126208,-0.1255853376424797,-0.1255853376424797,-0.1255853376424797,-0.1255853376424797,-0.1255853376424797,-0.11076237117404215,-0.11076237117404215,-0.11076237117404215,-0.11076237117404215,-0.11076237117404215,-0.11076237117404215,-0.11076237117404215,-0.11076237117404215,-0.11076237117404215,-0.11076237117404215,-0.11076237117404215,-0.11076237117404215,-0.11076237117404215,-0.11076237117404215,-0.11076237117404215,-0.11076237117404215,-0.11076237117404215,-0.16916038982356457,-0.16916038982356457,-0.11076237117404215,-0.11076237117404215,-0.1255853376424797,-0.1255853376424797,0.0
0.0,-0.2163238381148965,-0.32319495310162105,-0.32319495310162105,-0.24475117559455276,-0.24475117559455276,-0.24475117559455276,-0.24475117559455276,-0.2834513481892721,-0.2834513481892721,-0.3117376229434738,-0.3117376229434738,-0.3117376229434738,-0.3117376229434738,-0.3117376229434738,-0.3117376229434738,-0.3117376229434738,-0.3117376229434738,-0.24475117559455276,-0.7557075453598672,-0.7557075453598672,-0.7557075453598672,-0.7557075453598672,-0.7557075453598672,-0.7557075453598672,-0.7557075453598672,-0.7557075453598672,-0.7533411663448202,-0.7533411663448202,-0.24475117559455276,-0.24475117559455276,-0.24475117559455276,-0.24475117559455276,-0.24475117559455276,-0.24475117559455276,-0.24475117559455276,0.38860554778426726,0.3274354491347172,0.3274354491347172,0.3274354491347172,0.3274354491347172,0.3274354491347172,0.3274354491347172,0.3274354491347172,0.3274354491347172,0.3274354491347172,0.3274354491347172,0.38860554778426726,0.2943984842883285,0.2943984842883285,0.2943984842883285,0.2943984842883285,0.2943984842883285,0.38860554778426726,0.4696803344510448,0.4696803344510448,0.4696803344510448,0.4696803344510448,0.4696803344510448,0.4696803344510448,0.4696803344510448,0.4696803344510448,0.38860554778426726,0.4696803344510448,0.4696803344510448,0.4696803344510448,0.4696803344510448,0.4696803344510448,0.4696803344510448,0.4696803344510448,0.4696803344510448,0.38860554778426726,0.38860554778426726,0.38860554778426726,0.38860554778426726,0.38860554778426726,0.38860554778426726,0.38860554778426726,0.38860554778426726,0.38860554778426726,0.38860554778426726,0.38860554778426726,0.38860554778426726,-0.0688559784538733,-0.0688559784538733,-0.0688559784538733,-0.0688559784538733,-0.0688559784538733,-0.7557075453598672,-0.7557075453598672,-0.7557075453598672,-0.7557075453598672,-0.7557075453598672,-0.7557075453598672,-0.0688559784538733,-0.0688559784538733,-0.0688559784538733,-0.0688559784538733,-0.0688559784538733,-0.0688559784538733,-0.0688559784538733,-0.0688559784538733,-0.0688559784538733,-0.0688559784538733,-0.0688559784538733,-0.0688559784538733,-0.0688559784538733,-0.0688559784538733,-0.0688559784538733,-0.0688559784538733,-0.0688559784538733,-0.0688559784538733,-0.0688559784538733,-0.0688559784538733,-0.0688559784538733,-0.0688559784538733,0.4696803344510448,0.4696803344510448,0.4696803344510448,0.4696803344510448,0.4696803344510448,0.4696803344510448,0.4696803344510448,0.4696803344510448,-0.2163238381148965,-0.7714833677316199,-0.6897800420511516,-0.6897800420511516,-0.4248000493877885,-0.6153594127995474,-0.6153594127995474,-0.6153594127995474,-0.6153594127995474,-0.4248000493877885,-0.4248000493877885,-0.4248000493877885,-0.7714833677316199,-0.7714833677316199,-0.7718194263084183,-0.7718194263084183,-0.7718194263084183,-0.7714833677316199,-0.7714833677316199,-0.7714833677316199,-0.7714833677316199,-0.7718194263084183,-0.7718194263084183,-0.7714833677316199,-0.7714833677316199,-0.7718194263084183,-0.7718194263084183,-0.7718194263084183,-0.7718194263084183,-0.7718194263084183,-0.7714833677316199,-0.7714833677316199,-0.7714833677316199,-0.7714833677316199,-0.7714833677316199,-0.7714833677316199,-0.7714833677316199,-0.7714833677316199,-0.7714833677316199,-0.7714833677316199,-0.7714833677316199,-0.7714833677316199,-0.7714833677316199,0.2943984842883285,0.2943984842883285,0.2943984842883285,-0.7718194263084183,-0.7714833677316199,-0.7714833677316199,-0.7714833677316199,-0.7714833677316199,-0.7714833677316199,-0.7714833677316199,-0.7714833677316199,-0.7714833677316199,-0.7714833677316199,-0.7714833677316199,-0.7714833677316199,-0.7714833677316199,-0.7714833677316199,-0.7714833677316199,-0.7714833677316199,-0.7718194263084183,-0.7718194263084183,-0.7714833677316199,-0.7714833677316199,-0.7714833677316199,-0.7714833677316199,-0.7714833677316199,-0.7106922796613426,-0.7106922796613426,-0.7106922796613426,-0.7718194263084183,-0.7714833677316199,-0.7718194263084183,-0.7718194263084183,-0.7718194263084183,-0.7718194263084183,-0.7718194263084183,-0.7714833677316199,-0.7714833677316199,-0.7718194263084183,-0.7718194263084183,-0.7718194263084183,-0.7714833677316199,-0.7714833677316199,-0.7718194263084183,-0.7718194263084183,-0.7718194263084183,-0.7718194263084183,-0.7718194263084183,-0.7718194263084183,-0.7718194263084183,-0.20714959734834043,-0.20714959734834043,-0.20714959734834043,-0.20714959734834043,-0.20714959734834043,-0.20714959734834043,-0.20714959734834043,-0.7718194263084183,-0.7183119436974378,-0.730816549212699,-0.7557075453598672,-0.7557075453598672,-0.7557075453598672,-0.6897800420511516,-0.6897800420511516,-0.6897800420511516,-0.6897800420511516,-0.6897800420511516,-0.6897800420511516,-0.730816549212699,-0.7383952689010893,-0.7383952689010893,-0.7383952689010893,-0.700733695210266,-0.700733695210266,-0.6994727304967839,-0.7183119436974378,-0.7354403966483015,-0.7365606590100446,-0.7383952689010893,-0.7383952689010893,-0.735955088628938,-0.7245251602963333,-0.7233595523621438,-0.720915851982307,-0.720915851982307,-0.735955088628938,-0.760629908030376,-0.7617029853630095,-0.7633598448510573,-0.7633598448510573,-0.735955088628938,-0.720915851982307,-0.720915851982307,-0.720915851982307,-0.7489553331918166,-0.7489553331918166,-0.7103532161667412,-0.7103532161667412,-0.735955088628938,-0.7633598448510573,-0.7557075453598672,-0.7557075453598672,-0.6788245836481565,-0.6646979927120402,-0.6646979927120402,-0.6646979927120402,-0.6646979927120402,-0.6897800420511516,-0.6897800420511516,-0.6788245836481565,-0.3961230490767277,-0.3961230490767277,-0.3961230490767277,-0.3961230490767277,-0.4428517837556231,-0.4428517837556231,-0.6788245836481565,-0.6704427427730423,-0.6541398250699473,-0.6541398250699473,-0.6788245836481565,-0.7200663162856966,-0.7698515869500855,-0.2965868878555049,-0.2965868878555049,-0.2965868878555049,-0.2965868878555049,-0.2965868878555049,-0.2965868878555049,-0.2965868878555049,-0.2965868878555049,-0.3697777021398428,-0.3697777021398428,-0.3697777021398428,-0.3697777021398428,-0.3697777021398428,-0.35740833731111893,-0.35740833731111893,-0.35740833731111893,-0.35740833731111893,-0.35740833731111893,-0.35740833731111893,-0.35740833731111893,-0.35740833731111893,-0.35740833731111893,-0.35740833731111893,-0.35740833731111893,-0.35740833731111893,-0.35740833731111893,-0.35740833731111893,-0.35740833731111893,-0.35740833731111893,-0.35740833731111893,-0.40541151793190666,-0.40541151793190666,-0.35740833731111893,-0.35740833731111893,-0.3697777021398428,-0.3697777021398428,0.0
0.0,1.0,-1.0,-1.0,1.0,1.0,1.0,1.0,1.0,1.0,1.0,1.0,1.0,1.0,1.0,1.0,1.0,1.0,1.0,-1.0,-1.0,-1.0,-1.0,-1.0,-1.0,-1.0,-1.0,1.0,1.0,1.0,1.0,1.0,1.0,1.0,1.0,1.0,-1.0,-1.0,-1.0,-1.0,-1.0,-1.0,-1.0,-1.0,-1.0,-1.0,-1.0,-1.0,-1.0,-1.0,-1.0,-1.0,-1.0,-1.0,-1.0,-1.0,-1.0,-1.0,-1.0,-1.0,-1.0,-1.0,-1.0,-1.0,-1.0,-1.0,-1.0,-1.0,-1.0,-1.0,-1.0,-1.0,-1.0,-1.0,-1.0,-1.0,-1.0,-1.0,-1.0,-1.0,-1.0,-1.0,-1.0,1.0,1.0,1.0,1.0,1.0,-1.0,-1.0,-1.0,-1.0,-1.0,-1.0,1.0,1.0,1.0,1.0,1.0,1.0,1.0,1.0,1.0,1.0,1.0,1.0,1.0,1.0,1.0,1.0,1.0,1.0,1.0,1.0,1.0,1.0,-1.0,-1.0,-1.0,-1.0,-1.0,-1.0,-1.0,-1.0,1.0,1.0,1.0,1.0,-1.0,-1.0,-1.0,-1.0,-1.0,-1.0,-1.0,-1.0,1.0,1.0,-1.0,-1.0,-1.0,1.0,1.0,1.0,1.0,-1.0,-1.0,1.0,1.0,-1.0,-1.0,-1.0,-1.0,-1.0,1.0,1.0,1.0,1.0,1.0,1.0,1.0,1.0,1.0,1.0,1.0,1.0,1.0,-1.0,-1.0,-1.0,-1.0,1.0,1.0,1.0,1.0,1.0,1.0,1.0,1.0,1.0,1.0,1.0,1.0,1.0,1.0,1.0,-1.0,-1.0,1.0,1.0,1.0,1.0,1.0,-1.0,-1.0,-1.0,-1.0,1.0,-1.0,-1.0,-1.0,-1.0,-1.0,1.0,1.0,-1.0,-1.0,-1.0,1.0,1.0,-1.0,-1.0,-1.0,-1.0,-1.0,-1.0,-1.0,-1.0,-1.0,-1.0,-1.0,-1.0,-1.0,-1.0,-1.0,-1.0,-1.0,-1.0,-1.0,-1.0,-1.0,-1.0,-1.0,-1.0,-1.0,-1.0,-1.0,-1.0,-1.0,-1.0,-1.0,-1.0,-1.0,-1.0,-1.0,-1.0,-1.0,-1.0,-1.0,-1.0,-1.0,-1.0,-1.0,-1.0,-1.0,-1.0,-1.0,-1.0,-1.0,-1.0,-1.0,-1.0,-1.0,-1.0,-1.0,-1.0,-1.0,-1.0,-1.0,-1.0,-1.0,-1.0,-1.0,-1.0,-1.0,-1.0,-1.0,-1.0,-1.0,-1.0,-1.0,-1.0,-1.0,-1.0,-1.0,-1.0,-1.0,-1.0,-1.0,-1.0,1.0,-1.0,-1.0,-1.0,-1.0,-1.0,-1.0,-1.0,-1.0,-1.0,-1.0,-1.0,-1.0,-1.0,-1.0,-1.0,-1.0,-1.0,-1.0,-1.0,-1.0,-1.0,-1.0,-1.0,-1.0,-1.0,-1.0,-1.0,-1.0,-1.0,-1.0,-1.0,-1.0,-1.0,-1.0,-1.0,-1.0,0.0
1.0,1.0,1.0,1.0,1.0,1.0,1.0,1.0,1.0,1.0,1.0,1.0,1.0,1.0,1.0,1.0,1.0,1.0,1.0,1.0,1.0,1.0,1.0,1.0,1.0,1.0,1.0,1.0,1.0,1.0,1.0,1.0,1.0,1.0,1.0,1.0,1.0,1.0,1.0,1.0,1.0,1.0,1.0,1.0,1.0,1.0,1.0,1.0,1.0,1.0,1.0,1.0,1.0,1.0,1.0,1.0,1.0,1.0,1.0,1.0,1.0,1.0,1.0,1.0,1.0,1.0,1.0,1.0,1.0,1.0,1.0,1.0,1.0,1.0,1.0,1.0,1.0,1.0,1.0,1.0,1.0,1.0,1.0,1.0,1.0,1.0,1.0,1.0,1.0,1.0,1.0,1.0,1.0,1.0,1.0,1.0,1.0,1.0,1.0,1.0,1.0,1.0,1.0,1.0,1.0,1.0,1.0,1.0,1.0,1.0,1.0,1.0,1.0,1.0,1.0,1.0,1.0,1.0,1.0,1.0,1.0,1.0,1.0,1.0,1.0,1.0,1.0,1.0,1.0,1.0,1.0,1.0,1.0,1.0,1.0,1.0,1.0,1.0,1.0,1.0,1.0,1.0,1.0,1.0,1.0,1.0,1.0,1.0,1.0,1.0,1.0,1.0,1.0,1.0,1.0,1.0,1.0,1.0,1.0,1.0,1.0,1.0,1.0,1.0,1.0,1.0,1.0,1.0,1.0,1.0,1.0,1.0,1.0,1.0,1.0,1.0,1.0,1.0,1.0,1.0,1.0,1.0,1.0,1.0,1.0,1.0,1.0,1.0,1.0,1.0,1.0,1.0,1.0,1.0,1.0,1.0,1.0,1.0,1.0,1.0,1.0,1.0,1.0,1.0,1.0,1.0,1.0,1.0,1.0,1.0,1.0,1.0,1.0,1.0,1.0,1.0,1.0,1.0,1.0,1.0,1.0,1.0,1.0,1.0,1.0,1.0,1.0,1.0,1.0,1.0,1.0,1.0,1.0,1.0,1.0,1.0,1.0,1.0,1.0,1.0,1.0,1.0,1.0,1.0,1.0,1.0,1.0,1.0,1.0,1.0,1.0,1.0,1.0,1.0,1.0,1.0,1.0,1.0,1.0,1.0,1.0,1.0,1.0,1.0,1.0,1.0,1.0,1.0,1.0,1.0,1.0,1.0,1.0,1.0,1.0,1.0,1.0,1.0,1.0,1.0,1.0,1.0,1.0,1.0,1.0,1.0,1.0,1.0,1.0,1.0,1.0,1.0,1.0,1.0,1.0,1.0,1.0,1.0,1.0,1.0,1.0,1.0,1.0,1.0,1.0,1.0,1.0,1.0,1.0,1.0,1.0,1.0,1.0,1.0,1.0,1.0,1.0,1.0,1.0,1.0,1.0,1.0,1.0,1.0,1.0,1.0,1.0,1.0
-0.7551209253417455,-0.7551209253417455,-0.7551209253417455,-0.7551209253417455,-0.7551209253417455,-0.7551209253417455,-0.7551209253417455,-0.7551209253417455,-0.7551209253417455,-0.7551209253417455,-0.7551209253417455,-0.7551209253417455,-0.7551209253417455,-0.7551209253417455,-0.7551209253417455,-0.7551209253417455,-0.7551209253417455,-0.7551209253417455,-0.7551209253417455,-0.7551209253417455,-0.7551209253417455,-0.7551209253417455,-0.7551209253417455,-0.7551209253417455,-0.7551209253417455,-0.7551209253417455,-0.7551209253417455,-0.7551209253417455,-0.7551209253417455,-0.7551209253417455,-0.7551209253417455,-0.7551209253417455,-0.7551209253417455,-0.7551209253417455,-0.7551209253417455,-0.7551209253417455,-0.7551209253417455,-0.7551209253417455,-0.7551209253417455,-0.7551209253417455,-0.7551209253417455,-0.7551209253417455,-0.7551209253417455,-0.7551209253417455,-0.7551209253417455,-0.7551209253417455,-0.7551209253417455,-0.7551209253417455,-0.7551209253417455,-0.7551209253417455,-0.7551209253417455,-0.7551209253417455,-0.7551209253417455,-0.7551209253417455,-0.7551209253417455,-0.7551209253417455,-0.7551209253417455,-0.7551209253417455,-0.7551209253417455,-0.7551209253417455,-0.7551209253417455,-0.7551209253417455,-0.7551209253417455,-0.7551209253417455,-0.7551209253417455,-0.7551209253417455,-0.7551209253417455,-0.7551209253417455,-0.7551209253417455,-0.7551209253417455,-0.7551209253417455,-0.7551209253417455,-0.7551209253417455,-0.7551209253417455,-0.7551209253417455,-0.7551209253417455,-0.7551209253417455,-0.7551209253417455,-0.7551209253417455,-0.7551209253417455,-0.7551209253417455,-0.7551209253417455,-0.7551209253417455,-0.7551209253417455,-0.7551209253417455,-0.7551209253417455,-0.7551209253417455,-0.7551209253417455,-0.7551209253417455,-0.7551209253417455,-0.7551209253417455,-0.7551209253417455,-0.7551209253417455,-0.7551209253417455,-0.7551209253417455,-0.7551209253417455,-0.7551209253417455,-0.7551209253417455,-0.7551209253417455,-0.7551209253417455,-0.7551209253417455,-0.7551209253417455,-0.7551209253417455,-0.7551209253417455,-0.7551209253417455,-0.7551209253417455,-0.7551209253417455,-0.7551209253417455,-0.7551209253417455,-0.7551209253417455,-0.7551209253417455,-0.7551209253417455,-0.7551209253417455,-0.7551209253417455,-0.7551209253417455,-0.7551209253417455,-0.7551209253417455,-0.7551209253417455,-0.7551209253417455,-0.7551209253417455,-0.7551209253417455,-0.7551209253417455,-0.7551209253417455,-0.7551209253417455,-0.7551209253417455,-0.7551209253417455,-0.7551209253417455,-0.7551209253417455,-0.7551209253417455,-0.7551209253417455,-0.7551209253417455,-0.7551209253417455,-0.7551209253417455,-0.7551209253417455,-0.7551209253417455,-0.7551209253417455,-0.7551209253417455,-0.7551209253417455,-0.7551209253417455,-0.7551209253417455,-0.7551209253417455,-0.7551209253417455,-0.7551209253417455,-0.7551209253417455,-0.7551209253417455,-0.7551209253417455,-0.7551209253417455,-0.7551209253417455,-0.7551209253417455,-0.7551209253417455,-0.7551209253417455,-0.7551209253417455,-0.7551209253417455,-0.7551209253417455,-0.7551209253417455,-0.7551209253417455,-0.7551209253417455,-0.7551209253417455,-0.7551209253417455,-0.7551209253417455,-0.7551209253417455,-0.7551209253417455,-0.7551209253417455,-0.7551209253417455,-0.7551209253417455,-0.7551209253417455,-0.7551209253417455,-0.7551209253417455,-0.7551209253417455,-0.7551209253417455,-0.7551209253417455,-0.7551209253417455,-0.7551209253417455,-0.7551209253417455,-0.7551209253417455,-0.7551209253417455,-0.7551209253417455,-0.7551209253417455,-0.7551209253417455,-0.7551209253417455,-0.7551209253417455,-0.7551209253417455,-0.7551209253417455,-0.7551209253417455,-0.7551209253417455,-0.7551209253417455,-0.7551209253417455,-0.7551209253417455,-0.7551209253417455,-0.7551209253417455,-0.7551209253417455,-0.7551209253417455,-0.7551209253417455,-0.7551209253417455,-0.7551209253417455,-0.7551209253417455,-0.7551209253417455,-0.7551209253417455,-0.7551209253417455,-0.7551209253417455,-0.7551209253417455,-0.7551209253417455,-0.7551209253417455,-0.7551209253417455,-0.7551209253417455,-0.7551209253417455,-0.7551209253417455,-0.7551209253417455,-0.7551209253417455,-0.7551209253417455,-0.7551209253417455,-0.7551209253417455,-0.7551209253417455,-0.7551209253417455,-0.7551209253417455,-0.7551209253417455,-0.7551209253417455,-0.7551209253417455,-0.7551209253417455,-0.7551209253417455,-0.7551209253417455,-0.7551209253417455,-0.7551209253417455,-0.7551209253417455,-0.7551209253417455,-0.7551209253417455,-0.7551209253417455,-0.7551209253417455,-0.7551209253417455,-0.7551209253417455,-0.7551209253417455,-0.7551209253417455,-0.7551209253417455,-0.7551209253417455,-0.7551209253417455,-0.7551209253417455,-0.7551209253417455,-0.7551209253417455,-0.7551209253417455,-0.7551209253417455,-0.7551209253417455,-0.7551209253417455,-0.7551209253417455,-0.7551209253417455,-0.7551209253417455,-0.7551209253417455,-0.7551209253417455,-0.7551209253417455,-0.7551209253417455,-0.7551209253417455,-0.7551209253417455,-0.7551209253417455,-0.7551209253417455,-0.7551209253417455,-0.7551209253417455,-0.7551209253417455,-0.7551209253417455,-0.7551209253417455,-0.7551209253417455,-0.7551209253417455,-0.7551209253417455,-0.7551209253417455,-0.7551209253417455,-0.7551209253417455,-0.7551209253417455,-0.7551209253417455,-0.7551209253417455,-0.7551209253417455,-0.7551209253417455,-0.7551209253417455,-0.7551209253417455,-0.7551209253417455,-0.7551209253417455,-0.7551209253417455,-0.7551209253417455,-0.7551209253417455,-0.7551209253417455,-0.7551209253417455,-0.7551209253417455,-0.7551209253417455,-0.7551209253417455,-0.7551209253417455,-0.7551209253417455,-0.7551209253417455,-0.7551209253417455,-0.7551209253417455,-0.7551209253417455,-0.7551209253417455,-0.7551209253417455,-0.7551209253417455,-0.7551209253417455,-0.7551209253417455,-0.7551209253417455,-0.7551209253417455,-0.7551209253417455,-0.7551209253417455,-0.7551209253417455,-0.7551209253417455,-0.7551209253417455,-0.7551209253417455,-0.7551209253417455,-0.7551209253417455,-0.7551209253417455,-0.7551209253417455,-0.7551209253417455,-0.7551209253417455,-0.7551209253417455,-0.7551209253417455,-0.7551209253417455,-0.7551209253417455,-0.7551209253417455,-0.7551209253417455,-0.7551209253417455,-0.7551209253417455,-0.7551209253417455,-0.7551209253417455,-0.7551209253417455,-0.7551209253417455,-0.7551209253417455,-0.7551209253417455,-0.7551209253417455,-0.7551209253417455,-0.7551209253417455,-0.7551209253417455,-0.7551209253417455,-0.7551209253417455,-0.7551209253417455,-0.7551209253417455
-0.4775130935520587,-0.4775130935520587,-0.4775130935520587,-0.4775130935520587,-0.4775130935520587,-0.4775130935520587,-0.4775130935520587,-0.4775130935520587,-0.4775130935520587,-0.4775130935520587,-0.4775130935520587,-0.4775130935520587,-0.4775130935520587,-0.4775130935520587,-0.4775130935520587,-0.4775130935520587,-0.4775130935520587,-0.4775130935520587,-0.4775130935520587,-0.4775130935520587,-0.4775130935520587,-0.4775130935520587,-0.4775130935520587,-0.4775130935520587,-0.4775130935520587,-0.4775130935520587,-0.4775130935520587,-0.4775130935520587,-0.4775130935520587,-0.4775130935520587,-0.4775130935520587,-0.4775130935520587,-0.4775130935520587,-0.4775130935520587,-0.4775130935520587,-0.4775130935520587,-0.4775130935520587,-0.4775130935520587,-0.4775130935520587,-0.4775130935520587,-0.4775130935520587,-0.4775130935520587,-0.4775130935520587,-0.4775130935520587,-0.4775130935520587,-0.4775130935520587,-0.4775130935520587,-0.4775130935520587,-0.4775130935520587,-0.4775130935520587,-0.4775130935520587,-0.4775130935520587,-0.4775130935520587,-0.4775130935520587,-0.4775130935520587,-0.4775130935520587,-0.4775130935520587,-0.4775130935520587,-0.4775130935520587,-0.4775130935520587,-0.4775130935520587,-0.4775130935520587,-0.4775130935520587,-0.4775130935520587,-0.4775130935520587,-0.4775130935520587,-0.4775130935520587,-0.4775130935520587,-0.4775130935520587,-0.4775130935520587,-0.4775130935520587,-0.4775130935520587,-0.4775130935520587,-0.4775130935520587,-0.4775130935520587,-0.4775130935520587,-0.4775130935520587,-0.4775130935520587,-0.4775130935520587,-0.4775130935520587,-0.4775130935520587,-0.4775130935520587,-0.4775130935520587,-0.4775130935520587,-0.4775130935520587,-0.4775130935520587,-0.4775130935520587,-0.4775130935520587,-0.4775130935520587,-0.4775130935520587,-0.4775130935520587,-0.4775130935520587,-0.4775130935520587,-0.4775130935520587,-0.4775130935520587,-0.4775130935520587,-0.4775130935520587,-0.4775130935520587,-0.4775130935520587,-0.4775130935520587,-0.4775130935520587,-0.4775130935520587,-0.4775130935520587,-0.4775130935520587,-0.4775130935520587,-0.4775130935520587,-0.4775130935520587,-0.4775130935520587,-0.4775130935520587,-0.4775130935520587,-0.4775130935520587,-0.4775130935520587,-0.4775130935520587,-0.4775130935520587,-0.4775130935520587,-0.4775130935520587,-0.4775130935520587,-0.4775130935520587,-0.4775130935520587,-0.4775130935520587,-0.4775130935520587,-0.4775130935520587,-0.4775130935520587,-0.4775130935520587,-0.4775130935520587,-0.4775130935520587,-0.4775130935520587,-0.4775130935520587,-0.4775130935520587,-0.4775130935520587,-0.4775130935520587,-0.4775130935520587,-0.4775130935520587,-0.4775130935520587,-0.4775130935520587,-0.4775130935520587,-0.4775130935520587,-0.4775130935520587,-0.4775130935520587,-0.4775130935520587,-0.4775130935520587,-0.4775130935520587,-0.4775130935520587,-0.4775130935520587,-0.4775130935520587,-0.4775130935520587,-0.4775130935520587,-0.4775130935520587,-0.4775130935520587,-0.4775130935520587,-0.4775130935520587,-0.4775130935520587,-0.4775130935520587,-0.4775130935520587,-0.4775130935520587,-0.4775130935520587,-0.4775130935520587,-0.4775130935520587,-0.4775130935520587,-0.4775130935520587,-0.4775130935520587,-0.4775130935520587,-0.4775130935520587,-0.4775130935520587,-0.4775130935520587,-0.4775130935520587,-0.4775130935520587,-0.4775130935520587,-0.4775130935520587,-0.4775130935520587,-0.4775130935520587,-0.4775130935520587,-0.4775130935520587,-0.4775130935520587,-0.4775130935520587,-0.4775130935520587,-0.4775130935520587,-0.4775130935520587,-0.4775130935520587,-0.4775130935520587,-0.4775130935520587,-0.4775130935520587,-0.4775130935520587,-0.4775130935520587,-0.4775130935520587,-0.4775130935520587,-0.4775130935520587,-0.4775130935520587,-0.4775130935520587,-0.4775130935520587,-0.4775130935520587,-0.4775130935520587,-0.4775130935520587,-0.4775130935520587,-0.4775130935520587,-0.4775130935520587,-0.4775130935520587,-0.4775130935520587,-0.4775130935520587,-0.4775130935520587,-0.4775130935520587,-0.4775130935520587,-0.4775130935520587,-0.4775130935520587,-0.4775130935520587,-0.4775130935520587,-0.4775130935520587,-0.4775130935520587,-0.4775130935520587,-0.4775130935520587,-0.4775130935520587,-0.4775130935520587,-0.4775130935520587,-0.4775130935520587,-0.4775130935520587,-0.4775130935520587,-0.4775130935520587,-0.4775130935520587,-0.4775130935520587,-0.4775130935520587,-0.4775130935520587,-0.4775130935520587,-0.4775130935520587,-0.4775130935520587,-0.4775130935520587,-0.4775130935520587,-0.4775130935520587,-0.4775130935520587,-0.4775130935520587,-0.4775130935520587,-0.4775130935520587,-0.4775130935520587,-0.4775130935520587,-0.4775130935520587,-0.4775130935520587,-0.4775130935520587,-0.4775130935520587,-0.4775130935520587,-0.4775130935520587,-0.4775130935520587,-0.4775130935520587,-0.4775130935520587,-0.4775130935520587,-0.4775130935520587,-0.4775130935520587,-0.4775130935520587,-0.4775130935520587,-0.4775130935520587,-0.4775130935520587,-0.4775130935520587,-0.4775130935520587,-0.4775130935520587,-0.4775130935520587,-0.4775130935520587,-0.4775130935520587,-0.4775130935520587,-0.4775130935520587,-0.4775130935520587,-0.4775130935520587,-0.4775130935520587,-0.4775130935520587,-0.4775130935520587,-0.4775130935520587,-0.4775130935520587,-0.4775130935520587,-0.4775130935520587,-0.4775130935520587,-0.4775130935520587,-0.4775130935520587,-0.4775130935520587,-0.4775130935520587,-0.4775130935520587,-0.4775130935520587,-0.4775130935520587,-0.4775130935520587,-0.4775130935520587,-0.4775130935520587,-0.4775130935520587,-0.4775130935520587,-0.4775130935520587,-0.4775130935520587,-0.4775130935520587,-0.4775130935520587,-0.4775130935520587,-0.4775130935520587,-0.4775130935520587,-0.4775130935520587,-0.4775130935520587,-0.4775130935520587,-0.4775130935520587,-0.4775130935520587,-0.4775130935520587,-0.4775130935520587,-0.4775130935520587,-0.4775130935520587,-0.4775130935520587,-0.4775130935520587,-0.4775130935520587,-0.4775130935520587,-0.4775130935520587,-0.4775130935520587,-0.4775130935520587,-0.4775130935520587,-0.4775130935520587,-0.4775130935520587,-0.4775130935520587,-0.4775130935520587,-0.4775130935520587,-0.4775130935520587,-0.4775130935520587,-0.4775130935520587,-0.4775130935520587,-0.4775130935520587,-0.4775130935520587,-0.4775130935520587,-0.4775130935520587,-0.4775130935520587,-0.4775130935520587,-0.4775130935520587,-0.4775130935520587,-0.4775130935520587,-0.4775130935520587,-0.4775130935520587,-0.4775130935520587,-0.4775130935520587,-0.4775130935520587,-0.4775130935520587,-0.4775130935520587
1.0,1.0,1.0,1.0,1.0,1.0,1.0,1.0,1.0,1.0,1.0,1.0,1.0,1.0,1.0,1.0,1.0,1.0,1.0,1.0,1.0,1.0,1.0,1.0,1.0,1.0,1.0,1.0,1.0,1.0,1.0,1.0,1.0,1.0,1.0,1.0,1.0,1.0,1.0,1.0,1.0,1.0,1.0,1.0,1.0,1.0,1.0,1.0,1.0,1.0,1.0,1.0,1.0,1.0,1.0,1.0,1.0,1.0,1.0,1.0,1.0,1.0,1.0,1.0,1.0,1.0,1.0,1.0,1.0,1.0,1.0,1.0,1.0,1.0,1.0,1.0,1.0,1.0,1.0,1.0,1.0,1.0,1.0,1.0,1.0,1.0,1.0,1.0,1.0,1.0,1.0,1.0,1.0,1.0,1.0,1.0,1.0,1.0,1.0,1.0,1.0,1.0,1.0,1.0,1.0,1.0,1.0,1.0,1.0,1.0,1.0,1.0,1.0,1.0,1.0,1.0,1.0,1.0,1.0,1.0,1.0,1.0,1.0,1.0,1.0,1.0,1.0,1.0,1.0,1.0,1.0,1.0,1.0,1.0,1.0,1.0,1.0,1.0,1.0,1.0,1.0,1.0,1.0,1.0,1.0,1.0,1.0,1.0,1.0,1.0,1.0,1.0,1.0,1.0,1.0,1.0,1.0,1.0,1.0,1.0,1.0,1.0,1.0,1.0,1.0,1.0,1.0,1.0,1.0,1.0,1.0,1.0,1.0,1.0,1.0,1.0,1.0,1.0,1.0,1.0,1.0,1.0,1.0,1.0,1.0,1.0,1.0,1.0,1.0,1.0,1.0,1.0,1.0,1.0,1.0,1.0,1.0,1.0,1.0,1.0,1.0,1.0,1.0,1.0,1.0,1.0,1.0,1.0,1.0,1.0,1.0,1.0,1.0,1.0,1.0,1.0,1.0,1.0,1.0,1.0,1.0,1.0,1.0,1.0,1.0,1.0,1.0,1.0,1.0,1.0,1.0,1.0,1.0,1.0,1.0,1.0,1.0,1.0,1.0,1.0,1.0,1.0,1.0,1.0,1.0,1.0,1.0,1.0,1.0,1.0,1.0,1.0,1.0,1.0,1.0,1.0,1.0,1.0,1.0,1.0,1.0,1.0,1.0,1.0,1.0,1.0,1.0,1.0,1.0,1.0,1.0,1.0,1.0,1.0,1.0,1.0,1.0,1.0,1.0,1.0,1.0,1.0,1.0,1.0,1.0,1.0,1.0,1.0,1.0,1.0,1.0,1.0,1.0,1.0,1.0,1.0,1.0,1.0,1.0,1.0,1.0,1.0,1.0,1.0,1.0,1.0,1.0,1.0,1.0,1.0,1.0,1.0,1.0,1.0,1.0,1.0,1.0,1.0,1.0,1.0,1.0,1.0,1.0,1.0,1.0,1.0,1.0,1.0
-0.0019676354899568213,-0.0019676354899568213,-0.0019676354899568213,-0.0019676354899568213,-0.0019676354899568213,-0.0019676354899568213,-0.0019676354899568213,-0.0019676354899568213,-0.0019676354899568213,-0.0019676354899568213,-0.0019676354899568213,-0.0019676354899568213,-0.0019676354899568213,-0.0019676354899568213,-0.0019676354899568213,-0.0019676354899568213,-0.0019676354899568213,-0.0019676354899568213,-0.0019676354899568213,-0.0019676354899568213,-0.0019676354899568213,-0.0019676354899568213,-0.0019676354899568213,-0.0019676354899568213,-0.0019676354899568213,-0.0019676354899568213,-0.0019676354899568213,-0.0019676354899568213,-0.0019676354899568213,-0.0019676354899568213,-0.0019676354899568213,-0.0019676354899568213,-0.0019676354899568213,-0.0019676354899568213,-0.0019676354899568213,-0.0019676354899568213,-0.0019676354899568213,-0.0019676354899568213,-0.0019676354899568213,-0.0019676354899568213,-0.0019676354899568213,-0.0019676354899568213,-0.0019676354899568213,-0.0019676354899568213,-0.0019676354899568213,-0.0019676354899568213,-0.0019676354899568213,-0.0019676354899568213,-0.0019676354899568213,-0.0019676354899568213,-0.0019676354899568213,-0.0019676354899568213,-0.0019676354899568213,-0.0019676354899568213,-0.0019676354899568213,-0.0019676354899568213,-0.0019676354899568213,-0.0019676354899568213,-0.0019676354899568213,-0.0019676354899568213,-0.0019676354899568213,-0.0019676354899568213,-0.0019676354899568213,-0.0019676354899568213,-0.0019676354899568213,-0.0019676354899568213,-0.0019676354899568213,-0.0019676354899568213,-0.0019676354899568213,-0.0019676354899568213,-0.0019676354899568213,-0.0019676354899568213,-0.0019676354899568213,-0.0019676354899568213,-0.0019676354899568213,-0.0019676354899568213,-0.0019676354899568213,-0.0019676354899568213,-0.0019676354899568213,-0.0019676354899568213,-0.0019676354899568213,-0.0019676354899568213,-0.0019676354899568213,-0.0019676354899568213,-0.0019676354899568213,-0.0019676354899568213,-0.0019676354899568213,-0.0019676354899568213,-0.0019676354899568213,-0.0019676354899568213,-0.0019676354899568213,-0.0019676354899568213,-0.0019676354899568213,-0.0019676354899568213,-0.0019676354899568213,-0.0019676354899568213,-0.0019676354899568213,-0.0019676354899568213,-0.0019676354899568213,-0.0019676354899568213,-0.0019676354899568213,-0.0019676354899568213,-0.0019676354899568213,-0.0019676354899568213,-0.0019676354899568213,-0.0019676354899568213,-0.0019676354899568213,-0.0019676354899568213,-0.0019676354899568213,-0.0019676354899568213,-0.0019676354899568213,-0.0019676354899568213,-0.0019676354899568213,-0.0019676354899568213,-0.0019676354899568213,-0.0019676354899568213,-0.0019676354899568213,-0.0019676354899568213,-0.0019676354899568213,-0.0019676354899568213,-0.0019676354899568213,-0.0019676354899568213,-0.0019676354899568213,-0.0019676354899568213,-0.0019676354899568213,-0.0019676354899568213,-0.0019676354899568213,-0.0019676354899568213,-0.0019676354899568213,-0.0019676354899568213,-0.0019676354899568213,-0.0019676354899568213,-0.0019676354899568213,-0.0019676354899568213,-0.0019676354899568213,-0.0019676354899568213,-0.0019676354899568213,-0.0019676354899568213,-0.0019676354899568213,-0.0019676354899568213,-0.0019676354899568213,-0.0019676354899568213,-0.0019676354899568213,-0.0019676354899568213,-0.0019676354899568213,-0.0019676354899568213,-0.0019676354899568213,-0.0019676354899568213,-0.0019676354899568213,-0.0019676354899568213,-0.0019676354899568213,-0.0019676354899568213,-0.0019676354899568213,-0.0019676354899568213,-0.0019676354899568213,-0.0019676354899568213,-0.0019676354899568213,-0.0019676354899568213,-0.0019676354899568213,-0.0019676354899568213,-0.0019676354899568213,-0.0019676354899568213,-0.0019676354899568213,-0.0019676354899568213,-0.0019676354899568213,-0.0019676354899568213,-0.0019676354899568213,-0.0019676354899568213,-0.0019676354899568213,-0.0019676354899568213,-0.0019676354899568213,-0.0019676354899568213,-0.0019676354899568213,-0.0019676354899568213,-0.0019676354899568213,-0.0019676354899568213,-0.0019676354899568213,-0.0019676354899568213,-0.0019676354899568213,-0.0019676354899568213,-0.0019676354899568213,-0.0019676354899568213,-0.0019676354899568213,-0.0019676354899568213,-0.0019676354899568213,-0.0019676354899568213,-0.0019676354899568213,-0.0019676354899568213,-0.0019676354899568213,-0.0019676354899568213,-0.0019676354899568213,-0.0019676354899568213,-0.0019676354899568213,-0.0019676354899568213,-0.0019676354899568213,-0.0019676354899568213,-0.0019676354899568213,-0.0019676354899568213,-0.0019676354899568213,-0.0019676354899568213,-0.0019676354899568213,-0.0019676354899568213,-0.0019676354899568213,-0.0019676354899568213,-0.0019676354899568213,-0.0019676354899568213,-0.0019676354899568213,-0.0019676354899568213,-0.0019676354899568213,-0.0019676354899568213,-0.0019676354899568213,-0.0019676354899568213,-0.0019676354899568213,-0.0019676354899568213,-0.0019676354899568213,-0.0019676354899568213,-0.0019676354899568213,-0.0019676354899568213,-0.0019676354899568213,-0.0019676354899568213,-0.0019676354899568213,-0.0019676354899568213,-0.0019676354899568213,-0.0019676354899568213,-0.0019676354899568213,-0.0019676354899568213,-0.0019676354899568213,-0.0019676354899568213,-0.0019676354899568213,-0.0019676354899568213,-0.0019676354899568213,-0.0019676354899568213,-0.0019676354899568213,-0.0019676354899568213,-0.0019676354899568213,-0.0019676354899568213,-0.0019676354899568213,-0.0019676354899568213,-0.0019676354899568213,-0.0019676354899568213,-0.0019676354899568213,-0.0019676354899568213,-0.0019676354899568213,-0.0019676354899568213,-0.0019676354899568213,-0.0019676354899568213,-0.0019676354899568213,-0.0019676354899568213,-0.0019676354899568213,-0.0019676354899568213,-0.0019676354899568213,-0.0019676354899568213,-0.0019676354899568213,-0.0019676354899568213,-0.0019676354899568213,-0.0019676354899568213,-0.0019676354899568213,-0.0019676354899568213,-0.0019676354899568213,-0.0019676354899568213,-0.0019676354899568213,-0.0019676354899568213,-0.0019676354899568213,-0.0019676354899568213,-0.0019676354899568213,-0.0019676354899568213,-0.0019676354899568213,-0.0019676354899568213,-0.0019676354899568213,-0.0019676354899568213,-0.0019676354899568213,-0.0019676354899568213,-0.0019676354899568213,-0.0019676354899568213,-0.0019676354899568213,-0.0019676354899568213,-0.0019676354899568213,-0.0019676354899568213,-0.0019676354899568213,-0.0019676354899568213,-0.0019676354899568213,-0.0019676354899568213,-0.0019676354899568213,-0.0019676354899568213,-0.0019676354899568213,-0.0019676354899568213,-0.0019676354899568213,-0.0019676354899568213,-0.0019676354899568213,-0.0019676354899568213,-0.0019676354899568213,-0.0019676354899568213,-0.0019676354899568213,-0.0019676354899568213,-0.0019676354899568213,-0.0019676354899568213,-0.0019676354899568213,-0.0019676354899568213,-0.0019676354899568213,-0.0019676354899568213,-0.0019676354899568213,-0.0019676354899568213,-0.0019676354899568213,-0.0019676354899568213,-0.0019676354899568213,-0.0019676354899568213,-0.0019676354899568213,-0.0019676354899568213,-0.0019676354899568213,-0.0019676354899568213,-0.0019676354899568213,-0.0019676354899568213,-0.0019676354899568213,-0.0019676354899568213,-0.0019676354899568213,-0.0019676354899568213,-0.0019676354899568213,-0.0019676354899568213,-0.0019676354899568213,-0.0019676354899568213,-0.0019676354899568213,-0.0019676354899568213,-0.0019676354899568213,-0.0019676354899568213,-0.0019676354899568213,-0.0019676354899568213,-0.0019676354899568213,-0.0019676354899568213
1.0,1.0,1.0,1.0,1.0,1.0,1.0,1.0,1.0,1.0,1.0,1.0,1.0,1.0,1.0,1.0,1.0,1.0,1.0,1.0,1.0,1.0,1.0,1.0,1.0,1.0,1.0,1.0,1.0,1.0,1.0,1.0,1.0,1.0,1.0,1.0,1.0,1.0,1.0,1.0,1.0,1.0,1.0,1.0,1.0,1.0,1.0,1.0,1.0,1.0,1.0,1.0,1.0,1.0,1.0,1.0,1.0,1.0,1.0,1.0,1.0,1.0,1.0,1.0,1.0,1.0,1.0,1.0,1.0,1.0,1.0,1.0,1.0,1.0,1.0,1.0,1.0,1.0,1.0,1.0,1.0,1.0,1.0,1.0,1.0,1.0,1.0,1.0,1.0,1.0,1.0,1.0,1.0,1.0,1.0,1.0,1.0,1.0,1.0,1.0,1.0,1.0,1.0,1.0,1.0,1.0,1.0,1.0,1.0,1.0,1.0,1.0,1.0,1.0,1.0,1.0,1.0,1.0,1.0,1.0,1.0,1.0,1.0,1.0,1.0,1.0,1.0,1.0,1.0,1.0,1.0,1.0,1.0,1.0,1.0,1.0,1.0,1.0,1.0,1.0,1.0,1.0,1.0,1.0,1.0,1.0,1.0,1.0,1.0,1.0,1.0,1.0,1.0,1.0,1.0,1.0,1.0,1.0,1.0,1.0,1.0,1.0,1.0,1.0,1.0,1.0,1.0,1.0,1.0,1.0,1.0,1.0,1.0,1.0,1.0,1.0,1.0,1.0,1.0,1.0,1.0,1.0,1.0,1.0,1.0,1.0,1.0,1.0,1.0,1.0,1.0,1.0,1.0,1.0,1.0,1.0,1.0,1.0,1.0,1.0,1.0,1.0,1.0,1.0,1.0,1.0,1.0,1.0,1.0,1.0,1.0,1.0,1.0,1.0,1.0,1.0,1.0,1.0,1.0,1.0,1.0,1.0,1.0,1.0,1.0,1.0,1.0,1.0,1.0,1.0,1.0,1.0,1.0,1.0,1.0,1.0,1.0,1.0,1.0,1.0,1.0,1.0,1.0,1.0,1.0,1.0,1.0,1.0,1.0,1.0,1.0,1.0,1.0,1.0,1.0,1.0,1.0,1.0,1.0,1.0,1.0,1.0,1.0,1.0,1.0,1.0,1.0,1.0,1.0,1.0,1.0,1.0,1.0,1.0,1.0,1.0,1.0,1.0,1.0,1.0,1.0,1.0,1.0,1.0,1.0,1.0,1.0,1.0,1.0,1.0,1.0,1.0,1.0,1.0,1.0,1.0,1.0,1.0,1.0,1.0,1.0,1.0,1.0,1.0,1.0,1.0,1.0,1.0,1.0,1.0,1.0,1.0,1.0,1.0,1.0,1.0,1.0,1.0,1.0,1.0,1.0,1.0,1.0,1.0,1.0,1.0,1.0,1.0
1.0,1.0,1.0,1.0,1.0,1.0,1.0,1.0,1.0,1.0,1.0,1.0,1.0,1.0,1.0,1.0,1.0,1.0,1.0,1.0,1.0,1.0,1.0,1.0,1.0,1.0,1.0,1.0,1.0,1.0,1.0,1.0,1.0,1.0,1.0,1.0,1.0,1.0,1.0,1.0,1.0,1.0,1.0,1.0,1.0,1.0,1.0,1.0,1.0,1.0,1.0,1.0,1.0,1.0,1.0,1.0,1.0,1.0,1.0,1.0,1.0,1.0,1.0,1.0,1.0,1.0,1.0,1.0,1.0,1.0,1.0,1.0,1.0,1.0,1.0,1.0,1.0,1.0,1.0,1.0,1.0,1.0,1.0,1.0,1.0,1.0,1.0,1.0,1.0,1.0,1.0,1.0,1.0,1.0,1.0,1.0,1.0,1.0,1.0,1.0,1.0,1.0,1.0,1.0,1.0,1.0,1.0,1.0,1.0,1.0,1.0,1.0,1.0,1.0,1.0,1.0,1.0,1.0,1.0,1.0,1.0,1.0,1.0,1.0,1.0,1.0,1.0,1.0,1.0,1.0,1.0,1.0,1.0,1.0,1.0,1.0,1.0,1.0,1.0,1.0,1.0,1.0,1.0,1.0,1.0,1.0,1.0,1.0,1.0,1.0,1.0,1.0,1.0,1.0,1.0,1.0,1.0,1.0,1.0,1.0,1.0,1.0,1.0,1.0,1.0,1.0,1.0,1.0,1.0,1.0,1.0,1.0,1.0,1.0,1.0,1.0,1.0,1.0,1.0,1.0,1.0,1.0,1.0,1.0,1.0,1.0,1.0,1.0,1.0,1.0,1.0,1.0,1.0,1.0,1.0,1.0,1.0,1.0,1.0,1.0,1.0,1.0,1.0,1.0,1.0,1.0,1.0,1.0,1.0,1.0,1.0,1.0,1.0,1.0,1.0,1.0,1.0,1.0,1.0,1.0,1.0,1.0,1.0,1.0,1.0,1.0,1.0,1.0,1.0,1.0,1.0,1.0,1.0,1.0,1.0,1.0,1.0,1.0,1.0,1.0,1.0,1.0,1.0,1.0,1.0,1.0,1.0,1.0,1.0,1.0,1.0,1.0,1.0,1.0,1.0,1.0,1.0,1.0,1.0,1.0,1.0,1.0,1.0,1.0,1.0,1.0,1.0,1.0,1.0,1.0,1.0,1.0,1.0,1.0,1.0,1.0,1.0,1.0,1.0,1.0,1.0,1.0,1.0,1.0,1.0,1.0,1.0,1.0,1.0,1.0,1.0,1.0,1.0,1.0,1.0,1.0,1.0,1.0,1.0,1.0,1.0,1.0,1.0,1.0,1.0,1.0,1.0,1.0,1.0,1.0,1.0,1.0,1.0,1.0,1.0,1.0,1.0,1.0,1.0,1.0,1.0,1.0,1.0,1.0,1.0,1.0,1.0,1.0
1.8691588785046729,1.8691588785046729,1.8691588785046729,1.8691588785046729,1.8691588785046729,1.8691588785046729,1.8691588785046729,1.8691588785046729,1.8691588785046729,1.8691588785046729,1.8691588785046729,1.8691588785046729,1.8691588785046729,1.8691588785046729,1.8691588785046729,1.8691588785046729,1.8691588785046729,1.8691588785046729,1.8691588785046729,1.8691588785046729,1.8691588785046729,1.8691588785046729,1.8691588785046729,1.8691588785046729,1.8691588785046729,1.8691588785046729,1.8691588785046729,1.8691588785046729,1.8691588785046729,1.8691588785046729,1.8691588785046729,1.8691588785046729,1.8691588785046729,1.8691588785046729,1.8691588785046729,1.8691588785046729,1.8691588785046729,1.8691588785046729,1.8691588785046729,1.8691588785046729,1.8691588785046729,1.8691588785046729,1.8691588785046729,1.8691588785046729,1.8691588785046729,1.8691588785046729,1.8691588785046729,1.8691588785046729,1.8691588785046729,1.8691588785046729,1.8691588785046729,1.8691588785046729,1.8691588785046729,1.8691588785046729,1.8691588785046729,1.8691588785046729,1.8691588785046729,1.8691588785046729,1.8691588785046729,1.8691588785046729,1.8691588785046729,1.8691588785046729,1.8691588785046729,1.8691588785046729,1.8691588785046729,1.8691588785046729,1.8691588785046729,1.8691588785046729,1.8691588785046729,1.8691588785046729,1.8691588785046729,1.8691588785046729,1.8691588785046729,1.8691588785046729,1.8691588785046729,1.8691588785046729,1.8691588785046729,1.8691588785046729,1.8691588785046729,1.8691588785046729,1.8691588785046729,1.8691588785046729,1.8691588785046729,1.8691588785046729,1.8691588785046729,1.8691588785046729,1.8691588785046729,1.8691588785046729,1.8691588785046729,1.8691588785046729,1.8691588785046729,1.8691588785046729,1.8691588785046729,1.8691588785046729,1.8691588785046729,1.8691588785046729,1.8691588785046729,1.8691588785046729,1.8691588785046729,1.8691588785046729,1.8691588785046729,1.8691588785046729,1.8691588785046729,1.8691588785046729,1.8691588785046729,1.8691588785046729,1.8691588785046729,1.8691588785046729,1.8691588785046729,1.8691588785046729,1.8691588785046729,1.8691588785046729,1.8691588785046729,1.8691588785046729,1.8691588785046729,1.8691588785046729,1.8691588785046729,1.8691588785046729,1.8691588785046729,1.8691588785046729,1.8691588785046729,1.8691588785046729,1.8691588785046729,1.8691588785046729,1.8691588785046729,1.8691588785046729,1.8691588785046729,1.8691588785046729,1.8691588785046729,1.8691588785046729,1.8691588785046729,1.8691588785046729,1.8691588785046729,1.8691588785046729,1.8691588785046729,1.8691588785046729,1.8691588785046729,1.8691588785046729,1.8691588785046729,1.8691588785046729,1.8691588785046729,1.8691588785046729,1.8691588785046729,1.8691588785046729,1.8691588785046729,1.8691588785046729,1.8691588785046729,1.8691588785046729,1.8691588785046729,1.8691588785046729,1.8691588785046729,1.8691588785046729,1.8691588785046729,1.8691588785046729,1.8691588785046729,1.8691588785046729,1.8691588785046729,1.8691588785046729,1.8691588785046729,1.8691588785046729,1.8691588785046729,1.8691588785046729,1.8691588785046729,1.8691588785046729,1.8691588785046729,1.8691588785046729,1.8691588785046729,1.8691588785046729,1.8691588785046729,1.8691588785046729,1.8691588785046729,1.8691588785046729,1.8691588785046729,1.8691588785046729,1.8691588785046729,1.8691588785046729,1.8691588785046729,1.8691588785046729,1.8691588785046729,1.8691588785046729,1.8691588785046729,1.8691588785046729,1.8691588785046729,1.8691588785046729,1.8691588785046729,1.8691588785046729,1.8691588785046729,1.8691588785046729,1.8691588785046729,1.8691588785046729,1.8691588785046729,1.8691588785046729,1.8691588785046729,1.8691588785046729,1.8691588785046729,1.8691588785046729,1.8691588785046729,1.8691588785046729,1.8691588785046729,1.8691588785046729,1.8691588785046729,1.8691588785046729,1.8691588785046729,1.8691588785046729,1.8691588785046729,1.8691588785046729,1.8691588785046729,1.8691588785046729,1.8691588785046729,1.8691588785046729,1.8691588785046729,1.8691588785046729,1.8691588785046729,1.8691588785046729,1.8691588785046729,1.8691588785046729,1.8691588785046729,1.8691588785046729,1.8691588785046729,1.8691588785046729,1.8691588785046729,1.8691588785046729,1.8691588785046729,1.8691588785046729,1.8691588785046729,1.8691588785046729,1.8691588785046729,1.8691588785046729,1.8691588785046729,1.8691588785046729,1.8691588785046729,1.8691588785046729,1.8691588785046729,1.8691588785046729,1.8691588785046729,1.8691588785046729,1.8691588785046729,1.8691588785046729,1.8691588785046729,1.8691588785046729,1.8691588785046729,1.8691588785046729,1.8691588785046729,1.8691588785046729,1.8691588785046729,1.8691588785046729,1.8691588785046729,1.8691588785046729,1.8691588785046729,1.8691588785046729,1.8691588785046729,1.8691588785046729,1.8691588785046729,1.8691588785046729,1.8691588785046729,1.8691588785046729,1.8691588785046729,1.8691588785046729,1.8691588785046729,1.8691588785046729,1.8691588785046729,1.8691588785046729,1.8691588785046729,1.8691588785046729,1.8691588785046729,1.8691588785046729,1.8691588785046729,1.8691588785046729,1.8691588785046729,1.8691588785046729,1.8691588785046729,1.8691588785046729,1.8691588785046729,1.8691588785046729,1.8691588785046729,1.8691588785046729,1.8691588785046729,1.8691588785046729,1.8691588785046729,1.8691588785046729,1.8691588785046729,1.8691588785046729,1.8691588785046729,1.8691588785046729,1.8691588785046729,1.8691588785046729,1.8691588785046729,1.8691588785046729,1.8691588785046729,1.8691588785046729,1.8691588785046729,1.8691588785046729,1.8691588785046729,1.8691588785046729,1.8691588785046729,1.8691588785046729,1.8691588785046729,1.8691588785046729,1.8691588785046729,1.8691588785046729,1.8691588785046729,1.8691588785046729,1.8691588785046729,1.8691588785046729,1.8691588785046729,1.8691588785046729,1.8691588785046729,1.8691588785046729,1.8691588785046729,1.8691588785046729,1.8691588785046729,1.8691588785046729,1.8691588785046729,1.8691588785046729,1.8691588785046729,1.8691588785046729,1.8691588785046729,1.8691588785046729,1.8691588785046729,1.8691588785046729,1.8691588785046729,1.8691588785046729,1.8691588785046729,1.8691588785046729,1.8691588785046729,1.8691588785046729,1.8691588785046729,1.8691588785046729
-0.6444635200323963,-0.6444635200323963,-0.6444635200323963,-0.6444635200323963,-0.6444635200323963,-0.6444635200323963,-0.6444635200323963,-0.6444635200323963,-0.6444635200323963,-0.6444635200323963,-0.6444635200323963,-0.6444635200323963,-0.6444635200323963,-0.6444635200323963,-0.6444635200323963,-0.6444635200323963,-0.6444635200323963,-0.6444635200323963,-0.6444635200323963,-0.6444635200323963,-0.6444635200323963,-0.6444635200323963,-0.6444635200323963,-0.6444635200323963,-0.6444635200323963,-0.6444635200323963,-0.6444635200323963,-0.6444635200323963,-0.6444635200323963,-0.6444635200323963,-0.6444635200323963,-0.6444635200323963,-0.6444635200323963,-0.6444635200323963,-0.6444635200323963,-0.6444635200323963,-0.6444635200323963,-0.6444635200323963,-0.6444635200323963,-0.6444635200323963,-0.6444635200323963,-0.6444635200323963,-0.6444635200323963,-0.6444635200323963,-0.6444635200323963,-0.6444635200323963,-0.6444635200323963,-0.6444635200323963,-0.6444635200323963,-0.6444635200323963,-0.6444635200323963,-0.6444635200323963,-0.6444635200323963,-0.6444635200323963,-0.6444635200323963,-0.6444635200323963,-0.6444635200323963,-0.6444635200323963,-0.6444635200323963,-0.6444635200323963,-0.6444635200323963,-0.6444635200323963,-0.6444635200323963,-0.6444635200323963,-0.6444635200323963,-0.6444635200323963,-0.6444635200323963,-0.6444635200323963,-0.6444635200323963,-0.6444635200323963,-0.6444635200323963,-0.6444635200323963,-0.6444635200323963,-0.6444635200323963,-0.6444635200323963,-0.6444635200323963,-0.6444635200323963,-0.6444635200323963,-0.6444635200323963,-0.6444635200323963,-0.6444635200323963,-0.6444635200323963,-0.6444635200323963,-0.6444635200323963,-0.6444635200323963,-0.6444635200323963,-0.6444635200323963,-0.6444635200323963,-0.6444635200323963,-0.6444635200323963,-0.6444635200323963,-0.6444635200323963,-0.6444635200323963,-0.6444635200323963,-0.6444635200323963,-0.6444635200323963,-0.6444635200323963,-0.6444635200323963,-0.6444635200323963,-0.6444635200323963,-0.6444635200323963,-0.6444635200323963,-0.6444635200323963,-0.6444635200323963,-0.6444635200323963,-0.6444635200323963,-0.6444635200323963,-0.6444635200323963,-0.6444635200323963,-0.6444635200323963,-0.6444635200323963,-0.6444635200323963,-0.6444635200323963,-0.6444635200323963,-0.6444635200323963,-0.6444635200323963,-0.6444635200323963,-0.6444635200323963,-0.6444635200323963,-0.6444635200323963,-0.6444635200323963,-0.6444635200323963,-0.6444635200323963,-0.6444635200323963,-0.6444635200323963,-0.6444635200323963,-0.6444635200323963,-0.6444635200323963,-0.6444635200323963,-0.6444635200323963,-0.6444635200323963,-0.6444635200323963,-0.6444635200323963,-0.6444635200323963,-0.6444635200323963,-0.6444635200323963,-0.6444635200323963,-0.6444635200323963,-0.6444635200323963,-0.6444635200323963,-0.6444635200323963,-0.6444635200323963,-0.6444635200323963,-0.6444635200323963,-0.6444635200323963,-0.6444635200323963,-0.6444635200323963,-0.6444635200323963,-0.6444635200323963,-0.6444635200323963,-0.6444635200323963,-0.6444635200323963,-0.6444635200323963,-0.6444635200323963,-0.6444635200323963,-0.6444635200323963,-0.6444635200323963,-0.6444635200323963,-0.6444635200323963,-0.6444635200323963,-0.6444635200323963,-0.6444635200323963,-0.6444635200323963,-0.6444635200323963,-0.6444635200323963,-0.6444635200323963,-0.6444635200323963,-0.6444635200323963,-0.6444635200323963,-0.6444635200323963,-0.6444635200323963,-0.6444635200323963,-0.6444635200323963,-0.6444635200323963,-0.6444635200323963,-0.6444635200323963,-0.6444635200323963,-0.6444635200323963,-0.6444635200323963,-0.6444635200323963,-0.6444635200323963,-0.6444635200323963,-0.6444635200323963,-0.6444635200323963,-0.6444635200323963,-0.6444635200323963,-0.6444635200323963,-0.6444635200323963,-0.6444635200323963,-0.6444635200323963,-0.6444635200323963,-0.6444635200323963,-0.6444635200323963,-0.6444635200323963,-0.6444635200323963,-0.6444635200323963,-0.6444635200323963,-0.6444635200323963,-0.6444635200323963,-0.6444635200323963,-0.6444635200323963,-0.6444635200323963,-0.6444635200323963,-0.6444635200323963,-0.6444635200323963,-0.6444635200323963,-0.6444635200323963,-0.6444635200323963,-0.6444635200323963,-0.6444635200323963,-0.6444635200323963,-0.6444635200323963,-0.6444635200323963,-0.6444635200323963,-0.6444635200323963,-0.6444635200323963,-0.6444635200323963,-0.6444635200323963,-0.6444635200323963,-0.6444635200323963,-0.6444635200323963,-0.6444635200323963,-0.6444635200323963,-0.6444635200323963,-0.6444635200323963,-0.6444635200323963,-0.6444635200323963,-0.6444635200323963,-0.6444635200323963,-0.6444635200323963,-0.6444635200323963,-0.6444635200323963,-0.6444635200323963,-0.6444635200323963,-0.6444635200323963,-0.6444635200323963,-0.6444635200323963,-0.6444635200323963,-0.6444635200323963,-0.6444635200323963,-0.6444635200323963,-0.6444635200323963,-0.6444635200323963,-0.6444635200323963,-0.6444635200323963,-0.6444635200323963,-0.6444635200323963,-0.6444635200323963,-0.6444635200323963,-0.6444635200323963,-0.6444635200323963,-0.6444635200323963,-0.6444635200323963,-0.6444635200323963,-0.6444635200323963,-0.6444635200323963,-0.6444635200323963,-0.6444635200323963,-0.6444635200323963,-0.6444635200323963,-0.6444635200323963,-0.6444635200323963,-0.6444635200323963,-0.6444635200323963,-0.6444635200323963,-0.6444635200323963,-0.6444635200323963,-0.6444635200323963,-0.6444635200323963,-0.6444635200323963,-0.6444635200323963,-0.6444635200323963,-0.6444635200323963,-0.6444635200323963,-0.6444635200323963,-0.6444635200323963,-0.6444635200323963,-0.6444635200323963,-0.6444635200323963,-0.6444635200323963,-0.6444635200323963,-0.6444635200323963,-0.6444635200323963,-0.6444635200323963,-0.6444635200323963,-0.6444635200323963,-0.6444635200323963,-0.6444635200323963,-0.6444635200323963,-0.6444635200323963,-0.6444635200323963,-0.6444635200323963,-0.6444635200323963,-0.6444635200323963,-0.6444635200323963,-0.6444635200323963,-0.6444635200323963,-0.6444635200323963,-0.6444635200323963,-0.6444635200323963,-0.6444635200323963,-0.6444635200323963,-0.6444635200323963,-0.6444635200323963,-0.6444635200323963,-0.6444635200323963,-0.6444635200323963,-0.6444635200323963,-0.6444635200323963,-0.6444635200323963,-0.6444635200323963,-0.6444635200323963,-0.6444635200323963,-0.6444635200323963,-0.6444635200323963,-0.6444635200323963,-0.6444635200323963,-0.6444635200323963,-0.6444635200323963,-0.6444635200323963,-0.6444635200323963,-0.6444635200323963,-0.6444635200323963,-0.6444635200323963,-0.6444635200323963,-0.6444635200323963,-0.6444635200323963,-0.6444635200323963
1.969566382794139,1.969566382794139,1.969566382794139,1.969566382794139,1.969566382794139,1.969566382794139,1.969566382794139,1.969566382794139,1.969566382794139,1.969566382794139,1.969566382794139,1.969566382794139,1.969566382794139,1.969566382794139,1.969566382794139,1.969566382794139,1.969566382794139,1.969566382794139,1.969566382794139,1.969566382794139,1.969566382794139,1.969566382794139,1.969566382794139,1.969566382794139,1.969566382794139,1.969566382794139,1.969566382794139,1.969566382794139,1.969566382794139,1.969566382794139,1.969566382794139,1.969566382794139,1.969566382794139,1.969566382794139,1.969566382794139,1.969566382794139,1.969566382794139,1.969566382794139,1.969566382794139,1.969566382794139,1.969566382794139,1.969566382794139,1.969566382794139,1.969566382794139,1.969566382794139,1.969566382794139,1.969566382794139,1.969566382794139,1.969566382794139,1.969566382794139,1.969566382794139,1.969566382794139,1.969566382794139,1.969566382794139,1.969566382794139,1.969566382794139,1.969566382794139,1.969566382794139,1.969566382794139,1.969566382794139,1.969566382794139,1.969566382794139,1.969566382794139,1.969566382794139,1.969566382794139,1.969566382794139,1.969566382794139,1.969566382794139,1.969566382794139,1.969566382794139,1.969566382794139,1.969566382794139,1.969566382794139,1.969566382794139,1.969566382794139,1.969566382794139,1.969566382794139,1.969566382794139,1.969566382794139,1.969566382794139,1.969566382794139,1.969566382794139,1.969566382794139,1.969566382794139,1.969566382794139,1.969566382794139,1.969566382794139,1.969566382794139,1.969566382794139,1.969566382794139,1.969566382794139,1.969566382794139,1.969566382794139,1.969566382794139,1.969566382794139,1.969566382794139,1.969566382794139,1.969566382794139,1.969566382794139,1.969566382794139,1.969566382794139,1.969566382794139,1.969566382794139,1.969566382794139,1.969566382794139,1.969566382794139,1.969566382794139,1.969566382794139,1.969566382794139,1.969566382794139,1.969566382794139,1.969566382794139,1.969566382794139,1.969566382794139,1.969566382794139,1.969566382794139,1.969566382794139,1.969566382794139,1.969566382794139,1.969566382794139,1.969566382794139,1.969566382794139,1.969566382794139,1.969566382794139,1.969566382794139,1.969566382794139,1.969566382794139,1.969566382794139,1.969566382794139,1.969566382794139,1.969566382794139,1.969566382794139,1.969566382794139,1.969566382794139,1.969566382794139,1.969566382794139,1.969566382794139,1.969566382794139,1.969566382794139,1.969566382794139,1.969566382794139,1.969566382794139,1.969566382794139,1.969566382794139,1.969566382794139,1.969566382794139,1.969566382794139,1.969566382794139,1.969566382794139,1.969566382794139,1.969566382794139,1.969566382794139,1.969566382794139,1.969566382794139,1.969566382794139,1.969566382794139,1.969566382794139,1.969566382794139,1.969566382794139,1.969566382794139,1.969566382794139,1.969566382794139,1.969566382794139,1.969566382794139,1.969566382794139,1.969566382794139,1.969566382794139,1.969566382794139,1.969566382794139,1.969566382794139,1.969566382794139,1.969566382794139,1.969566382794139,1.969566382794139,1.969566382794139,1.969566382794139,1.969566382794139,1.969566382794139,1.969566382794139,1.969566382794139,1.969566382794139,1.969566382794139,1.969566382794139,1.969566382794139,1.969566382794139,1.969566382794139,1.969566382794139,1.969566382794139,1.969566382794139,1.969566382794139,1.969566382794139,1.969566382794139,1.969566382794139,1.969566382794139,1.969566382794139,1.969566382794139,1.969566382794139,1.969566382794139,1.969566382794139,1.969566382794139,1.969566382794139,1.969566382794139,1.969566382794139,1.969566382794139,1.969566382794139,1.969566382794139,1.969566382794139,1.969566382794139,1.969566382794139,1.969566382794139,1.969566382794139,1.969566382794139,1.969566382794139,1.969566382794139,1.969566382794139,1.969566382794139,1.969566382794139,1.969566382794139,1.969566382794139,1.969566382794139,1.969566382794139,1.969566382794139,1.969566382794139,1.969566382794139,1.969566382794139,1.969566382794139,1.969566382794139,1.969566382794139,1.969566382794139,1.969566382794139,1.969566382794139,1.969566382794139,1.969566382794139,1.969566382794139,1.969566382794139,1.969566382794139,1.969566382794139,1.969566382794139,1.969566382794139,1.969566382794139,1.969566382794139,1.969566382794139,1.969566382794139,1.969566382794139,1.969566382794139,1.969566382794139,1.969566382794139,1.969566382794139,1.969566382794139,1.969566382794139,1.969566382794139,1.969566382794139,1.969566382794139,1.969566382794139,1.969566382794139,1.969566382794139,1.969566382794139,1.969566382794139,1.969566382794139,1.969566382794139,1.969566382794139,1.969566382794139,1.969566382794139,1.969566382794139,1.969566382794139,1.969566382794139,1.969566382794139,1.969566382794139,1.969566382794139,1.969566382794139,1.969566382794139,1.969566382794139,1.969566382794139,1.969566382794139,1.969566382794139,1.969566382794139,1.969566382794139,1.969566382794139,1.969566382794139,1.969566382794139,1.969566382794139,1.969566382794139,1.969566382794139,1.969566382794139,1.969566382794139,1.969566382794139,1.969566382794139,1.969566382794139,1.969566382794139,1.969566382794139,1.969566382794139,1.969566382794139,1.969566382794139,1.969566382794139,1.969566382794139,1.969566382794139,1.969566382794139,1.969566382794139,1.969566382794139,1.969566382794139,1.969566382794139,1.969566382794139,1.969566382794139,1.969566382794139,1.969566382794139,1.969566382794139,1.969566382794139,1.969566382794139,1.969566382794139,1.969566382794139,1.969566382794139,1.969566382794139,1.969566382794139,1.969566382794139,1.969566382794139,1.969566382794139,1.969566382794139,1.969566382794139,1.969566382794139,1.969566382794139,1.969566382794139,1.969566382794139,1.969566382794139,1.969566382794139,1.969566382794139,1.969566382794139,1.969566382794139,1.969566382794139
-0.8472721013218188,-0.8472721013218188,-0.8472721013218188,-0.8472721013218188,-0.8472721013218188,-0.8472721013218188,-0.8472721013218188,-0.8472721013218188,-0.8472721013218188,-0.8472721013218188,-0.8472721013218188,-0.8472721013218188,-0.8472721013218188,-0.8472721013218188,-0.8472721013218188,-0.8472721013218188,-0.8472721013218188,-0.8472721013218188,-0.8472721013218188,-0.8472721013218188,-0.8472721013218188,-0.8472721013218188,-0.8472721013218188,-0.8472721013218188,-0.8472721013218188,-0.8472721013218188,-0.8472721013218188,-0.8472721013218188,-0.8472721013218188,-0.8472721013218188,-0.8472721013218188,-0.8472721013218188,-0.8472721013218188,-0.8472721013218188,-0.8472721013218188,-0.8472721013218188,-0.8472721013218188,-0.8472721013218188,-0.8472721013218188,-0.8472721013218188,-0.8472721013218188,-0.8472721013218188,-0.8472721013218188,-0.8472721013218188,-0.8472721013218188,-0.8472721013218188,-0.8472721013218188,-0.8472721013218188,-0.8472721013218188,-0.8472721013218188,-0.8472721013218188,-0.8472721013218188,-0.8472721013218188,-0.8472721013218188,-0.8472721013218188,-0.8472721013218188,-0.8472721013218188,-0.8472721013218188,-0.8472721013218188,-0.8472721013218188,-0.8472721013218188,-0.8472721013218188,-0.8472721013218188,-0.8472721013218188,-0.8472721013218188,-0.8472721013218188,-0.8472721013218188,-0.8472721013218188,-0.8472721013218188,-0.8472721013218188,-0.8472721013218188,-0.8472721013218188,-0.8472721013218188,-0.8472721013218188,-0.8472721013218188,-0.8472721013218188,-0.8472721013218188,-0.8472721013218188,-0.8472721013218188,-0.8472721013218188,-0.8472721013218188,-0.8472721013218188,-0.8472721013218188,-0.8472721013218188,-0.8472721013218188,-0.8472721013218188,-0.8472721013218188,-0.8472721013218188,-0.8472721013218188,-0.8472721013218188,-0.8472721013218188,-0.8472721013218188,-0.8472721013218188,-0.8472721013218188,-0.8472721013218188,-0.8472721013218188,-0.8472721013218188,-0.8472721013218188,-0.8472721013218188,-0.8472721013218188,-0.8472721013218188,-0.8472721013218188,-0.8472721013218188,-0.8472721013218188,-0.8472721013218188,-0.8472721013218188,-0.8472721013218188,-0.8472721013218188,-0.8472721013218188,-0.8472721013218188,-0.8472721013218188,-0.8472721013218188,-0.8472721013218188,-0.8472721013218188,-0.8472721013218188,-0.8472721013218188,-0.8472721013218188,-0.8472721013218188,-0.8472721013218188,-0.8472721013218188,-0.8472721013218188,-0.8472721013218188,-0.8472721013218188,-0.8472721013218188,-0.8472721013218188,-0.8472721013218188,-0.8472721013218188,-0.8472721013218188,-0.8472721013218188,-0.8472721013218188,-0.8472721013218188,-0.8472721013218188,-0.8472721013218188,-0.8472721013218188,-0.8472721013218188,-0.8472721013218188,-0.8472721013218188,-0.8472721013218188,-0.8472721013218188,-0.8472721013218188,-0.8472721013218188,-0.8472721013218188,-0.8472721013218188,-0.8472721013218188,-0.8472721013218188,-0.8472721013218188,-0.8472721013218188,-0.8472721013218188,-0.8472721013218188,-0.8472721013218188,-0.8472721013218188,-0.8472721013218188,-0.8472721013218188,-0.8472721013218188,-0.8472721013218188,-0.8472721013218188,-0.8472721013218188,-0.8472721013218188,-0.8472721013218188,-0.8472721013218188,-0.8472721013218188,-0.8472721013218188,-0.8472721013218188,-0.8472721013218188,-0.8472721013218188,-0.8472721013218188,-0.8472721013218188,-0.8472721013218188,-0.8472721013218188,-0.8472721013218188,-0.8472721013218188,-0.8472721013218188,-0.8472721013218188,-0.8472721013218188,-0.8472721013218188,-0.8472721013218188,-0.8472721013218188,-0.8472721013218188,-0.8472721013218188,-0.8472721013218188,-0.8472721013218188,-0.8472721013218188,-0.8472721013218188,-0.8472721013218188,-0.8472721013218188,-0.8472721013218188,-0.8472721013218188,-0.8472721013218188,-0.8472721013218188,-0.8472721013218188,-0.8472721013218188,-0.8472721013218188,-0.8472721013218188,-0.8472721013218188,-0.8472721013218188,-0.8472721013218188,-0.8472721013218188,-0.8472721013218188,-0.8472721013218188,-0.8472721013218188,-0.8472721013218188,-0.8472721013218188,-0.8472721013218188,-0.8472721013218188,-0.8472721013218188,-0.8472721013218188,-0.8472721013218188,-0.8472721013218188,-0.8472721013218188,-0.8472721013218188,-0.8472721013218188,-0.8472721013218188,-0.8472721013218188,-0.8472721013218188,-0.8472721013218188,-0.8472721013218188,-0.8472721013218188,-0.8472721013218188,-0.8472721013218188,-0.8472721013218188,-0.8472721013218188,-0.8472721013218188,-0.8472721013218188,-0.8472721013218188,-0.8472721013218188,-0.8472721013218188,-0.8472721013218188,-0.8472721013218188,-0.8472721013218188,-0.8472721013218188,-0.8472721013218188,-0.8472721013218188,-0.8472721013218188,-0.8472721013218188,-0.8472721013218188,-0.8472721013218188,-0.8472721013218188,-0.8472721013218188,-0.8472721013218188,-0.8472721013218188,-0.8472721013218188,-0.8472721013218188,-0.8472721013218188,-0.8472721013218188,-0.8472721013218188,-0.8472721013218188,-0.8472721013218188,-0.8472721013218188,-0.8472721013218188,-0.8472721013218188,-0.8472721013218188,-0.8472721013218188,-0.8472721013218188,-0.8472721013218188,-0.8472721013218188,-0.8472721013218188,-0.8472721013218188,-0.8472721013218188,-0.8472721013218188,-0.8472721013218188,-0.8472721013218188,-0.8472721013218188,-0.8472721013218188,-0.8472721013218188,-0.8472721013218188,-0.8472721013218188,-0.8472721013218188,-0.8472721013218188,-0.8472721013218188,-0.8472721013218188,-0.8472721013218188,-0.8472721013218188,-0.8472721013218188,-0.8472721013218188,-0.8472721013218188,-0.8472721013218188,-0.8472721013218188,-0.8472721013218188,-0.8472721013218188,-0.8472721013218188,-0.8472721013218188,-0.8472721013218188,-0.8472721013218188,-0.8472721013218188,-0.8472721013218188,-0.8472721013218188,-0.8472721013218188,-0.8472721013218188,-0.8472721013218188,-0.8472721013218188,-0.8472721013218188,-0.8472721013218188,-0.8472721013218188,-0.8472721013218188,-0.8472721013218188,-0.8472721013218188,-0.8472721013218188,-0.8472721013218188,-0.8472721013218188,-0.8472721013218188,-0.8472721013218188,-0.8472721013218188,-0.8472721013218188,-0.8472721013218188,-0.8472721013218188,-0.8472721013218188,-0.8472721013218188,-0.8472721013218188,-0.8472721013218188,-0.8472721013218188,-0.8472721013218188,-0.8472721013218188,-0.8472721013218188,-0.8472721013218188,-0.8472721013218188,-0.8472721013218188,-0.8472721013218188,-0.8472721013218188,-0.8472721013218188,-0.8472721013218188,-0.8472721013218188,-0.8472721013218188,-0.8472721013218188,-0.8472721013218188,-0.8472721013218188,-0.8472721013218188,-0.8472721013218188,-0.8472721013218188
0.8519207849180238,0.8519207849180238,0.8519207849180238,0.8519207849180238,0.8519207849180238,0.8519207849180238,0.8519207849180238,0.8519207849180238,0.8519207849180238,0.8519207849180238,0.8519207849180238,0.8519207849180238,0.8519207849180238,0.8519207849180238,0.8519207849180238,0.8519207849180238,0.8519207849180238,0.8519207849180238,0.8519207849180238,0.8519207849180238,0.8519207849180238,0.8519207849180238,0.8519207849180238,0.8519207849180238,0.8519207849180238,0.8519207849180238,0.8519207849180238,0.8519207849180238,0.8519207849180238,0.8519207849180238,0.8519207849180238,0.8519207849180238,0.8519207849180238,0.8519207849180238,0.8519207849180238,0.8519207849180238,0.8519207849180238,0.8519207849180238,0.8519207849180238,0.8519207849180238,0.8519207849180238,0.8519207849180238,0.8519207849180238,0.8519207849180238,0.8519207849180238,0.8519207849180238,0.8519207849180238,0.8519207849180238,0.8519207849180238,0.8519207849180238,0.8519207849180238,0.8519207849180238,0.8519207849180238,0.8519207849180238,0.8519207849180238,0.8519207849180238,0.8519207849180238,0.8519207849180238,0.8519207849180238,0.8519207849180238,0.8519207849180238,0.8519207849180238,0.8519207849180238,0.8519207849180238,0.8519207849180238,0.8519207849180238,0.8519207849180238,0.8519207849180238,0.8519207849180238,0.8519207849180238,0.8519207849180238,0.8519207849180238,0.8519207849180238,0.8519207849180238,0.8519207849180238,0.8519207849180238,0.8519207849180238,0.8519207849180238,0.8519207849180238,0.8519207849180238,0.8519207849180238,0.8519207849180238,0.8519207849180238,0.8519207849180238,0.8519207849180238,0.8519207849180238,0.8519207849180238,0.8519207849180238,0.8519207849180238,0.8519207849180238,0.8519207849180238,0.8519207849180238,0.8519207849180238,0.8519207849180238,0.8519207849180238,0.8519207849180238,0.8519207849180238,0.8519207849180238,0.8519207849180238,0.8519207849180238,0.8519207849180238,0.8519207849180238,0.8519207849180238,0.8519207849180238,0.8519207849180238,0.8519207849180238,0.8519207849180238,0.8519207849180238,0.8519207849180238,0.8519207849180238,0.8519207849180238,0.8519207849180238,0.8519207849180238,0.8519207849180238,0.8519207849180238,0.8519207849180238,0.8519207849180238,0.8519207849180238,0.8519207849180238,0.8519207849180238,0.8519207849180238,0.8519207849180238,0.8519207849180238,0.8519207849180238,0.8519207849180238,0.8519207849180238,0.8519207849180238,0.8519207849180238,0.8519207849180238,0.8519207849180238,0.8519207849180238,0.8519207849180238,0.8519207849180238,0.8519207849180238,0.8519207849180238,0.8519207849180238,0.8519207849180238,0.8519207849180238,0.8519207849180238,0.8519207849180238,0.8519207849180238,0.8519207849180238,0.8519207849180238,0.8519207849180238,0.8519207849180238,0.8519207849180238,0.8519207849180238,0.8519207849180238,0.8519207849180238,0.8519207849180238,0.8519207849180238,0.8519207849180238,0.8519207849180238,0.8519207849180238,0.8519207849180238,0.8519207849180238,0.8519207849180238,0.8519207849180238,0.8519207849180238,0.8519207849180238,0.8519207849180238,0.8519207849180238,0.8519207849180238,0.8519207849180238,0.8519207849180238,0.8519207849180238,0.8519207849180238,0.8519207849180238,0.8519207849180238,0.8519207849180238,0.8519207849180238,0.8519207849180238,0.8519207849180238,0.8519207849180238,0.8519207849180238,0.8519207849180238,0.8519207849180238,0.8519207849180238,0.8519207849180238,0.8519207849180238,0.8519207849180238,0.8519207849180238,0.8519207849180238,0.8519207849180238,0.8519207849180238,0.8519207849180238,0.8519207849180238,0.8519207849180238,0.8519207849180238,0.8519207849180238,0.8519207849180238,0.8519207849180238,0.8519207849180238,0.8519207849180238,0.8519207849180238,0.8519207849180238,0.8519207849180238,0.8519207849180238,0.8519207849180238,0.8519207849180238,0.8519207849180238,0.8519207849180238,0.8519207849180238,0.8519207849180238,0.8519207849180238,0.8519207849180238,0.8519207849180238,0.8519207849180238,0.8519207849180238,0.8519207849180238,0.8519207849180238,0.8519207849180238,0.8519207849180238,0.8519207849180238,0.8519207849180238,0.8519207849180238,0.8519207849180238,0.8519207849180238,0.8519207849180238,0.8519207849180238,0.8519207849180238,0.8519207849180238,0.8519207849180238,0.8519207849180238,0.8519207849180238,0.8519207849180238,0.8519207849180238,0.8519207849180238,0.8519207849180238,0.8519207849180238,0.8519207849180238,0.8519207849180238,0.8519207849180238,0.8519207849180238,0.8519207849180238,0.8519207849180238,0.8519207849180238,0.8519207849180238,0.8519207849180238,0.8519207849180238,0.8519207849180238,0.8519207849180238,0.8519207849180238,0.8519207849180238,0.8519207849180238,0.8519207849180238,0.8519207849180238,0.8519207849180238,0.8519207849180238,0.8519207849180238,0.8519207849180238,0.8519207849180238,0.8519207849180238,0.8519207849180238,0.8519207849180238,0.8519207849180238,0.8519207849180238,0.8519207849180238,0.8519207849180238,0.8519207849180238,0.8519207849180238,0.8519207849180238,0.8519207849180238,0.8519207849180238,0.8519207849180238,0.8519207849180238,0.8519207849180238,0.8519207849180238,0.8519207849180238,0.8519207849180238,0.8519207849180238,0.8519207849180238,0.8519207849180238,0.8519207849180238,0.8519207849180238,0.8519207849180238,0.8519207849180238,0.8519207849180238,0.8519207849180238,0.8519207849180238,0.8519207849180238,0.8519207849180238,0.8519207849180238,0.8519207849180238,0.8519207849180238,0.8519207849180238,0.8519207849180238,0.8519207849180238,0.8519207849180238,0.8519207849180238,0.8519207849180238,0.8519207849180238,0.8519207849180238,0.8519207849180238,0.8519207849180238,0.8519207849180238,0.8519207849180238,0.8519207849180238,0.8519207849180238,0.8519207849180238,0.8519207849180238,0.8519207849180238,0.8519207849180238,0.8519207849180238,0.8519207849180238,0.8519207849180238,0.8519207849180238,0.8519207849180238,0.8519207849180238,0.8519207849180238,0.8519207849180238,0.8519207849180238,0.8519207849180238,0.8519207849180238,0.8519207849180238,0.8519207849180238,0.8519207849180238,0.8519207849180238,0.8519207849180238,0.8519207849180238,0.8519207849180238,0.8519207849180238,0.8519207849180238,0.8519207849180238,0.8519207849180238,0.8519207849180238,0.8519207849180238,0.8519207849180238
-1.0,-1.0,-1.0,-1.0,-1.0,-1.0,-1.0,-1.0,-1.0,-1.0,-1.0,-1.0,-1.0,-1.0,-1.0,-1.0,-1.0,-1.0,-1.0,-1.0,-1.0,-1.0,-1.0,-1.0,-1.0,-1.0,-1.0,-1.0,-1.0,-1.0,-1.0,-1.0,-1.0,-1.0,-1.0,-1.0,-1.0,-1.0,-1.0,-1.0,-1.0,-1.0,-1.0,-1.0,-1.0,-1.0,-1.0,-1.0,-1.0,-1.0,-1.0,-1.0,-1.0,-1.0,-1.0,-1.0,-1.0,-1.0,-1.0,-1.0,-1.0,-1.0,-1.0,-1.0,-1.0,-1.0,-1.0,-1.0,-1.0,-1.0,-1.0,-1.0,-1.0,-1.0,-1.0,-1.0,-1.0,-1.0,-1.0,-1.0,-1.0,-1.0,-1.0,-1.0,-1.0,-1.0,-1.0,-1.0,-1.0,-1.0,-1.0,-1.0,-1.0,-1.0,-1.0,-1.0,-1.0,-1.0,-1.0,-1.0,-1.0,-1.0,-1.0,-1.0,-1.0,-1.0,-1.0,-1.0,-1.0,-1.0,-1.0,-1.0,-1.0,-1.0,-1.0,-1.0,-1.0,-1.0,-1.0,-1.0,-1.0,-1.0,-1.0,-1.0,-1.0,-1.0,-1.0,-1.0,-1.0,-1.0,-1.0,-1.0,-1.0,-1.0,-1.0,-1.0,-1.0,-1.0,-1.0,-1.0,-1.0,-1.0,-1.0,-1.0,-1.0,-1.0,-1.0,-1.0,-1.0,-1.0,-1.0,-1.0,-1.0,-1.0,-1.0,-1.0,-1.0,-1.0,-1.0,-1.0,-1.0,-1.0,-1.0,-1.0,-1.0,-1.0,-1.0,-1.0,-1.0,-1.0,-1.0,-1.0,-1.0,-1.0,-1.0,-1.0,-1.0,-1.0,-1.0,-1.0,-1.0,-1.0,-1.0,-1.0,-1.0,-1.0,-1.0,-1.0,-1.0,-1.0,-1.0,-1.0,-1.0,-1.0,-1.0,-1.0,-1.0,-1.0,-1.0,-1.0,-1.0,-1.0,-1.0,-1.0,-1.0,-1.0,-1.0,-1.0,-1.0,-1.0,-1.0,-1.0,-1.0,-1.0,-1.0,-1.0,-1.0,-1.0,-1.0,-1.0,-1.0,-1.0,-1.0,-1.0,-1.0,-1.0,-1.0,-1.0,-1.0,-1.0,-1.0,-1.0,-1.0,-1.0,-1.0,-1.0,-1.0,-1.0,-1.0,-1.0,-1.0,-1.0,-1.0,-1.0,-1.0,-1.0,-1.0,-1.0,-1.0,-1.0,-1.0,-1.0,-1.0,-1.0,-1.0,-1.0,-1.0,-1.0,-1.0,-1.0,-1.0,-1.0,-1.0,-1.0,-1.0,-1.0,-1.0,-1.0,-1.0,-1.0,-1.0,-1.0,-1.0,-1.0,-1.0,-1.0,-1.0,-1.0,-1.0,-1.0,-1.0,-1.0,-1.0,-1.0,-1.0,-1.0,-1.0,-1.0,-1.0,-1.0,-1.0,-1.0,-1.0,-1.0,-1.0,-1.0,-1.0,-1.0,-1.0,-1.0,-1.0,-1.0,-1.0,-1.0,-1.0,-1.0,-1.0,-1.0,-1.0,-1.0,-1.0,-1.0,-1.0,-1.0,-1.0,-1.0,-1.0,-1.0,-1.0,-1.0,-1.0,-1.0,-1.0,-1.0,-1.0,-1.0,-1.0,-1.0
-1.0,-1.0,-1.0,-1.0,-1.0,-1.0,-1.0,-1.0,-1.0,-1.0,-1.0,-1.0,-1.0,-1.0,-1.0,-1.0,-1.0,-1.0,-1.0,-1.0,-1.0,-1.0,-1.0,-1.0,-1.0,-1.0,-1.0,-1.0,-1.0,-1.0,-1.0,-1.0,-1.0,-1.0,-1.0,-1.0,-1.0,-1.0,-1.0,-1.0,-1.0,-1.0,-1.0,-1.0,-1.0,-1.0,-1.0,-1.0,-1.0,-1.0,-1.0,-1.0,-1.0,-1.0,-1.0,-1.0,-1.0,-1.0,-1.0,-1.0,-1.0,-1.0,-1.0,-1.0,-1.0,-1.0,-1.0,-1.0,-1.0,-1.0,-1.0,-1.0,-1.0,-1.0,-1.0,-1.0,-1.0,-1.0,-1.0,-1.0,-1.0,-1.0,-1.0,-1.0,-1.0,-1.0,-1.0,-1.0,-1.0,-1.0,-1.0,-1.0,-1.0,-1.0,-1.0,-1.0,-1.0,-1.0,-1.0,-1.0,-1.0,-1.0,-1.0,-1.0,-1.0,-1.0,-1.0,-1.0,-1.0,-1.0,-1.0,-1.0,-1.0,-1.0,-1.0,-1.0,-1.0,-1.0,-1.0,-1.0,-1.0,-1.0,-1.0,-1.0,-1.0,-1.0,-1.0,-1.0,-1.0,-1.0,-1.0,-1.0,-1.0,-1.0,-1.0,-1.0,-1.0,-1.0,-1.0,-1.0,-1.0,-1.0,-1.0,-1.0,-1.0,-1.0,-1.0,-1.0,-1.0,-1.0,-1.0,-1.0,-1.0,-1.0,-1.0,-1.0,-1.0,-1.0,-1.0,-1.0,-1.0,-1.0,-1.0,-1.0,-1.0,-1.0,-1.0,-1.0,-1.0,-1.0,-1.0,-1.0,-1.0,-1.0,-1.0,-1.0,-1.0,-1.0,-1.0,-1.0,-1.0,-1.0,-1.0,-1.0,-1.0,-1.0,-1.0,-1.0,-1.0,-1.0,-1.0,-1.0,-1.0,-1.0,-1.0,-1.0,-1.0,-1.0,-1.0,-1.0,-1.0,-1.0,-1.0,-1.0,-1.0,-1.0,-1.0,-1.0,-1.0,-1.0,-1.0,-1.0,-1.0,-1.0,-1.0,-1.0,-1.0,-1.0,-1.0,-1.0,-1.0,-1.0,-1.0,-1.0,-1.0,-1.0,-1.0,-1.0,-1.0,-1.0,-1.0,-1.0,-1.0,-1.0,-1.0,-1.0,-1.0,-1.0,-1.0,-1.0,-1.0,-1.0,-1.0,-1.0,-1.0,-1.0,-1.0,-1.0,-1.0,-1.0,-1.0,-1.0,-1.0,-1.0,-1.0,-1.0,-1.0,-1.0,-1.0,-1.0,-1.0,-1.0,-1.0,-1.0,-1.0,-1.0,-1.0,-1.0,-1.0,-1.0,-1.0,-1.0,-1.0,-1.0,-1.0,-1.0,-1.0,-1.0,-1.0,-1.0,-1.0,-1.0,-1.0,-1.0,-1.0,-1.0,-1.0,-1.0,-1.0,-1.0,-1.0,-1.0,-1.0,-1.0,-1.0,-1.0,-1.0,-1.0,-1.0,-1.0,-1.0,-1.0,-1.0,-1.0,-1.0,-1.0,-1.0,-1.0,-1.0,-1.0,-1.0,-1.0,-1.0,-1.0,-1.0,-1.0,-1.0,-1.0,-1.0,-1.0,-1.0,-1.0,-1.0,-1.0,-1.0,-1.0,-1.0,-1.0
1.0,1.0,1.0,1.0,1.0,1.0,1.0,1.0,1.0,1.0,1.0,1.0,1.0,1.0,1.0,1.0,1.0,1.0,1.0,1.0,1.0,1.0,1.0,1.0,1.0,1.0,1.0,1.0,1.0,1.0,1.0,1.0,1.0,1.0,1.0,1.0,1.0,1.0,1.0,1.0,1.0,1.0,1.0,1.0,1.0,1.0,1.0,1.0,1.0,1.0,1.0,1.0,1.0,1.0,1.0,1.0,1.0,1.0,1.0,1.0,1.0,1.0,1.0,1.0,1.0,1.0,1.0,1.0,1.0,1.0,1.0,1.0,1.0,1.0,1.0,1.0,1.0,1.0,1.0,1.0,1.0,1.0,1.0,1.0,1.0,1.0,1.0,1.0,1.0,1.0,1.0,1.0,1.0,1.0,1.0,1.0,1.0,1.0,1.0,1.0,1.0,1.0,1.0,1.0,1.0,1.0,1.0,1.0,1.0,1.0,1.0,1.0,1.0,1.0,1.0,1.0,1.0,1.0,1.0,1.0,1.0,1.0,1.0,1.0,1.0,1.0,1.0,1.0,1.0,1.0,1.0,1.0,1.0,1.0,1.0,1.0,1.0,1.0,1.0,1.0,1.0,1.0,1.0,1.0,1.0,1.0,1.0,1.0,1.0,1.0,1.0,1.0,1.0,1.0,1.0,1.0,1.0,1.0,1.0,1.0,1.0,1.0,1.0,1.0,1.0,1.0,1.0,1.0,1.0,1.0,1.0,1.0,1.0,1.0,1.0,1.0,1.0,1.0,1.0,1.0,1.0,1.0,1.0,1.0,1.0,1.0,1.0,1.0,1.0,1.0,1.0,1.0,1.0,1.0,1.0,1.0,1.0,1.0,1.0,1.0,1.0,1.0,1.0,1.0,1.0,1.0,1.0,1.0,1.0,1.0,1.0,1.0,1.0,1.0,1.0,1.0,1.0,1.0,1.0,1.0,1.0,1.0,1.0,1.0,1.0,1.0,1.0,1.0,1.0,1.0,1.0,1.0,1.0,1.0,1.0,1.0,1.0,1.0,1.0,1.0,1.0,1.0,1.0,1.0,1.0,1.0,1.0,1.0,1.0,1.0,1.0,1.0,1.0,1.0,1.0,1.0,1.0,1.0,1.0,1.0,1.0,1.0,1.0,1.0,1.0,1.0,1.0,1.0,1.0,1.0,1.0,1.0,1.0,1.0,1.0,1.0,1.0,1.0,1.0,1.0,1.0,1.0,1.0,1.0,1.0,1.0,1.0,1.0,1.0,1.0,1.0,1.0,1.0,1.0,1.0,1.0,1.0,1.0,1.0,1.0,1.0,1.0,1.0,1.0,1.0,1.0,1.0,1.0,1.0,1.0,1.0,1.0,1.0,1.0,1.0,1.0,1.0,1.0,1.0,1.0,1.0,1.0,1.0,1.0,1.0,1.0,1.0,1.0
-1.0,-1.0,-1.0,-1.0,-1.0,-1.0,-1.0,-1.0,-1.0,-1.0,-1.0,-1.0,-1.0,-1.0,-1.0,-1.0,-1.0,-1.0,-1.0,-1.0,-1.0,-1.0,-1.0,-1.0,-1.0,-1.0,-1.0,-1.0,-1.0,-1.0,-1.0,-1.0,-1.0,-1.0,-1.0,-1.0,-1.0,-1.0,-1.0,-1.0,-1.0,-1.0,-1.0,-1.0,-1.0,-1.0,-1.0,-1.0,-1.0,-1.0,-1.0,-1.0,-1.0,-1.0,-1.0,-1.0,-1.0,-1.0,-1.0,-1.0,-1.0,-1.0,-1.0,-1.0,-1.0,-1.0,-1.0,-1.0,-1.0,-1.0,-1.0,-1.0,-1.0,-1.0,-1.0,-1.0,-1.0,-1.0,-1.0,-1.0,-1.0,-1.0,-1.0,-1.0,-1.0,-1.0,-1.0,-1.0,-1.0,-1.0,-1.0,-1.0,-1.0,-1.0,-1.0,-1.0,-1.0,-1.0,-1.0,-1.0,-1.0,-1.0,-1.0,-1.0,-1.0,-1.0,-1.0,-1.0,-1.0,-1.0,-1.0,-1.0,-1.0,-1.0,-1.0,-1.0,-1.0,-1.0,-1.0,-1.0,-1.0,-1.0,-1.0,-1.0,-1.0,-1.0,-1.0,-1.0,-1.0,-1.0,-1.0,-1.0,-1.0,-1.0,-1.0,-1.0,-1.0,-1.0,-1.0,-1.0,-1.0,-1.0,-1.0,-1.0,-1.0,-1.0,-1.0,-1.0,-1.0,-1.0,-1.0,-1.0,-1.0,-1.0,-1.0,-1.0,-1.0,-1.0,-1.0,-1.0,-1.0,-1.0,-1.0,-1.0,-1.0,-1.0,-1.0,-1.0,-1.0,-1.0,-1.0,-1.0,-1.0,-1.0,-1.0,-1.0,-1.0,-1.0,-1.0,-1.0,-1.0,-1.0,-1.0,-1.0,-1.0,-1.0,-1.0,-1.0,-1.0,-1.0,-1.0,-1.0,-1.0,-1.0,-1.0,-1.0,-1.0,-1.0,-1.0,-1.0,-1.0,-1.0,-1.0,-1.0,-1.0,-1.0,-1.0,-1.0,-1.0,-1.0,-1.0,-1.0,-1.0,-1.0,-1.0,-1.0,-1.0,-1.0,-1.0,-1.0,-1.0,-1.0,-1.0,-1.0,-1.0,-1.0,-1.0,-1.0,-1.0,-1.0,-1.0,-1.0,-1.0,-1.0,-1.0,-1.0,-1.0,-1.0,-1.0,-1.0,-1.0,-1.0,-1.0,-1.0,-1.0,-1.0,-1.0,-1.0,-1.0,-1.0,-1.0,-1.0,-1.0,-1.0,-1.0,-1.0,-1.0,-1.0,-1.0,-1.0,-1.0,-1.0,-1.0,-1.0,-1.0,-1.0,-1.0,-1.0,-1.0,-1.0,-1.0,-1.0,-1.0,-1.0,-1.0,-1.0,-1.0,-1.0,-1.0,-1.0,-1.0,-1.0,-1.0,-1.0,-1.0,-1.0,-1.0,-1.0,-1.0,-1.0,-1.0,-1.0,-1.0,-1.0,-1.0,-1.0,-1.0,-1.0,-1.0,-1.0,-1.0,-1.0,-1.0,-1.0,-1.0,-1.0,-1.0,-1.0,-1.0,-1.0,-1.0,-1.0,-1.0,-1.0,-1.0,-1.0,-1.0,-1.0,-1.0,-1.0,-1.0,-1.0,-1.0,-1.0,-1.0,-1.0,-1.0,-1.0
-1.0,-1.0,-1.0,-1.0,-1.0,-1.0,-1.0,-1.0,-1.0,-1.0,-1.0,-1.0,-1.0,-1.0,-1.0,-1.0,-1.0,-1.0,-1.0,-1.0,-1.0,-1.0,-1.0,-1.0,-1.0,-1.0,-1.0,-1.0,-1.0,-1.0,-1.0,-1.0,-1.0,-1.0,-1.0,-1.0,-1.0,-1.0,-1.0,-1.0,-1.0,-1.0,-1.0,-1.0,-1.0,-1.0,-1.0,-1.0,-1.0,-1.0,-1.0,-1.0,-1.0,-1.0,-1.0,-1.0,-1.0,-1.0,-1.0,-1.0,-1.0,-1.0,-1.0,-1.0,-1.0,-1.0,-1.0,-1.0,-1.0,-1.0,-1.0,-1.0,-1.0,-1.0,-1.0,-1.0,-1.0,-1.0,-1.0,-1.0,-1.0,-1.0,-1.0,-1.0,-1.0,-1.0,-1.0,-1.0,-1.0,-1.0,-1.0,-1.0,-1.0,-1.0,-1.0,-1.0,-1.0,-1.0,-1.0,-1.0,-1.0,-1.0,-1.0,-1.0,-1.0,-1.0,-1.0,-1.0,-1.0,-1.0,-1.0,-1.0,-1.0,-1.0,-1.0,-1.0,-1.0,-1.0,-1.0,-1.0,-1.0,-1.0,-1.0,-1.0,-1.0,-1.0,-1.0,-1.0,-1.0,-1.0,-1.0,-1.0,-1.0,-1.0,-1.0,-1.0,-1.0,-1.0,-1.0,-1.0,-1.0,-1.0,-1.0,-1.0,-1.0,-1.0,-1.0,-1.0,-1.0,-1.0,-1.0,-1.0,-1.0,-1.0,-1.0,-1.0,-1.0,-1.0,-1.0,-1.0,-1.0,-1.0,-1.0,-1.0,-1.0,-1.0,-1.0,-1.0,-1.0,-1.0,-1.0,-1.0,-1.0,-1.0,-1.0,-1.0,-1.0,-1.0,-1.0,-1.0,-1.0,-1.0,-1.0,-1.0,-1.0,-1.0,-1.0,-1.0,-1.0,-1.0,-1.0,-1.0,-1.0,-1.0,-1.0,-1.0,-1.0,-1.0,-1.0,-1.0,-1.0,-1.0,-1.0,-1.0,-1.0,-1.0,-1.0,-1.0,-1.0,-1.0,-1.0,-1.0,-1.0,-1.0,-1.0,-1.0,-1.0,-1.0,-1.0,-1.0,-1.0,-1.0,-1.0,-1.0,-1.0,-1.0,-1.0,-1.0,-1.0,-1.0,-1.0,-1.0,-1.0,-1.0,-1.0,-1.0,-1.0,-1.0,-1.0,-1.0,-1.0,-1.0,-1.0,-1.0,-1.0,-1.0,-1.0,-1.0,-1.0,-1.0,-1.0,-1.0,-1.0,-1.0,-1.0,-1.0,-1.0,-1.0,-1.0,-1.0,-1.0,-1.0,-1.0,-1.0,-1.0,-1.0,-1.0,-1.0,-1.0,-1.0,-1.0,-1.0,-1.0,-1.0,-1.0,-1.0,-1.0,-1.0,-1.0,-1.0,-1.0,-1.0,-1.0,-1.0,-1.0,-1.0,-1.0,-1.0,-1.0,-1.0,-1.0,-1.0,-1.0,-1.0,-1.0,-1.0,-1.0,-1.0,-1.0,-1.0,-1.0,-1.0,-1.0,-1.0,-1.0,-1.0,-1.0,-1.0,-1.0,-1.0,-1.0,-1.0,-1.0,-1.0,-1.0,-1.0,-1.0,-1.0,-1.0,-1.0,-1.0,-1.0,-1.0,-1.0,-1.0,-1.0,-1.0,-1.0
-1.0,-1.0,-1.0,-1.0,-1.0,-1.0,-1.0,-1.0,-1.0,-1.0,-1.0,-1.0,-1.0,-1.0,-1.0,-1.0,-1.0,-1.0,-1.0,-1.0,-1.0,-1.0,-1.0,-1.0,-1.0,-1.0,-1.0,-1.0,-1.0,-1.0,-1.0,-1.0,-1.0,-1.0,-1.0,-1.0,-1.0,-1.0,-1.0,-1.0,-1.0,-1.0,-1.0,-1.0,-1.0,-1.0,-1.0,-1.0,-1.0,-1.0,-1.0,-1.0,-1.0,-1.0,-1.0,-1.0,-1.0,-1.0,-1.0,-1.0,-1.0,-1.0,-1.0,-1.0,-1.0,-1.0,-1.0,-1.0,-1.0,-1.0,-1.0,-1.0,-1.0,-1.0,-1.0,-1.0,-1.0,-1.0,-1.0,-1.0,-1.0,-1.0,-1.0,-1.0,-1.0,-1.0,-1.0,-1.0,-1.0,-1.0,-1.0,-1.0,-1.0,-1.0,-1.0,-1.0,-1.0,-1.0,-1.0,-1.0,-1.0,-1.0,-1.0,-1.0,-1.0,-1.0,-1.0,-1.0,-1.0,-1.0,-1.0,-1.0,-1.0,-1.0,-1.0,-1.0,-1.0,-1.0,-1.0,-1.0,-1.0,-1.0,-1.0,-1.0,-1.0,-1.0,-1.0,-1.0,-1.0,-1.0,-1.0,-1.0,-1.0,-1.0,-1.0,-1.0,-1.0,-1.0,-1.0,-1.0,-1.0,-1.0,-1.0,-1.0,-1.0,-1.0,-1.0,-1.0,-1.0,-1.0,-1.0,-1.0,-1.0,-1.0,-1.0,-1.0,-1.0,-1.0,-1.0,-1.0,-1.0,-1.0,-1.0,-1.0,-1.0,-1.0,-1.0,-1.0,-1.0,-1.0,-1.0,-1.0,-1.0,-1.0,-1.0,-1.0,-1.0,-1.0,-1.0,-1.0,-1.0,-1.0,-1.0,-1.0,-1.0,-1.0,-1.0,-1.0,-1.0,-1.0,-1.0,-1.0,-1.0,-1.0,-1.0,-1.0,-1.0,-1.0,-1.0,-1.0,-1.0,-1.0,-1.0,-1.0,-1.0,-1.0,-1.0,-1.0,-1.0,-1.0,-1.0,-1.0,-1.0,-1.0,-1.0,-1.0,-1.0,-1.0,-1.0,-1.0,-1.0,-1.0,-1.0,-1.0,-1.0,-1.0,-1.0,-1.0,-1.0,-1.0,-1.0,-1.0,-1.0,-1.0,-1.0,-1.0,-1.0,-1.0,-1.0,-1.0,-1.0,-1.0,-1.0,-1.0,-1.0,-1.0,-1.0,-1.0,-1.0,-1.0,-1.0,-1.0,-1.0,-1.0,-1.0,-1.0,-1.0,-1.0,-1.0,-1.0,-1.0,-1.0,-1.0,-1.0,-1.0,-1.0,-1.0,-1.0,-1.0,-1.0,-1.0,-1.0,-1.0,-1.0,-1.0,-1.0,-1.0,-1.0,-1.0,-1.0,-1.0,-1.0,-1.0,-1.0,-1.0,-1.0,-1.0,-1.0,-1.0,-1.0,-1.0,-1.0,-1.0,-1.0,-1.0,-1.0,-1.0,-1.0,-1.0,-1.0,-1.0,-1.0,-1.0,-1.0,-1.0,-1.0,-1.0,-1.0,-1.0,-1.0,-1.0,-1.0,-1.0,-1.0,-1.0,-1.0,-1.0,-1.0,-1.0,-1.0,-1.0,-1.0,-1.0,-1.0,-1.0,-1.0,-1.0,-1.0
1.0,1.0,1.0,1.0,1.0,1.0,1.0,1.0,1.0,1.0,1.0,1.0,1.0,1.0,1.0,1.0,1.0,1.0,1.0,1.0,1.0,1.0,1.0,1.0,1.0,1.0,1.0,1.0,1.0,1.0,1.0,1.0,1.0,1.0,1.0,1.0,1.0,1.0,1.0,1.0,1.0,1.0,1.0,1.0,1.0,1.0,1.0,1.0,1.0,1.0,1.0,1.0,1.0,1.0,1.0,1.0,1.0,1.0,1.0,1.0,1.0,1.0,1.0,1.0,1.0,1.0,1.0,1.0,1.0,1.0,1.0,1.0,1.0,1.0,1.0,1.0,1.0,1.0,1.0,1.0,1.0,1.0,1.0,1.0,1.0,1.0,1.0,1.0,1.0,1.0,1.0,1.0,1.0,1.0,1.0,1.0,1.0,1.0,1.0,1.0,1.0,1.0,1.0,1.0,1.0,1.0,1.0,1.0,1.0,1.0,1.0,1.0,1.0,1.0,1.0,1.0,1.0,1.0,1.0,1.0,1.0,1.0,1.0,1.0,1.0,1.0,1.0,1.0,1.0,1.0,1.0,1.0,1.0,1.0,1.0,1.0,1.0,1.0,1.0,1.0,1.0,1.0,1.0,1.0,1.0,1.0,1.0,1.0,1.0,1.0,1.0,1.0,1.0,1.0,1.0,1.0,1.0,1.0,1.0,1.0,1.0,1.0,1.0,1.0,1.0,1.0,1.0,1.0,1.0,1.0,1.0,1.0,1.0,1.0,1.0,1.0,1.0,1.0,1.0,1.0,1.0,1.0,1.0,1.0,1.0,1.0,1.0,1.0,1.0,1.0,1.0,1.0,1.0,1.0,1.0,1.0,1.0,1.0,1.0,1.0,1.0,1.0,1.0,1.0,1.0,1.0,1.0,1.0,1.0,1.0,1.0,1.0,1.0,1.0,1.0,1.0,1.0,1.0,1.0,1.0,1.0,1.0,1.0,1.0,1.0,1.0,1.0,1.0,1.0,1.0,1.0,1.0,1.0,1.0,1.0,1.0,1.0,1.0,1.0,1.0,1.0,1.0,1.0,1.0,1.0,1.0,1.0,1.0,1.0,1.0,1.0,1.0,1.0,1.0,1.0,1.0,1.0,1.0,1.0,1.0,1.0,1.0,1.0,1.0,1.0,1.0,1.0,1.0,1.0,1.0,1.0,1.0,1.0,1.0,1.0,1.0,1.0,1.0,1.0,1.0,1.0,1.0,1.0,1.0,1.0,1.0,1.0,1.0,1.0,1.0,1.0,1.0,1.0,1.0,1.0,1.0,1.0,1.0,1.0,1.0,1.0,1.0,1.0,1.0,1.0,1.0,1.0,1.0,1.0,1.0,1.0,1.0,1.0,1.0,1.0,1.0,1.0,1.0,1.0,1.0,1.0,1.0,1.0,1.0,1.0,1.0,1.0,1.0
-0.7104464071477847,-0.7104464071477847,-0.7104464071477847,-0.7104464071477847,-0.7104464071477847,-0.7104464071477847,-0.7104464071477847,-0.7104464071477847,-0.7104464071477847,-0.7104464071477847,-0.7104464071477847,-0.7104464071477847,-0.7104464071477847,-0.7104464071477847,-0.7104464071477847,-0.7104464071477847,-0.7104464071477847,-0.7104464071477847,-0.7104464071477847,-0.7104464071477847,-0.7104464071477847,-0.7104464071477847,-0.7104464071477847,-0.7104464071477847,-0.7104464071477847,-0.7104464071477847,-0.7104464071477847,-0.7104464071477847,-0.7104464071477847,-0.7104464071477847,-0.7104464071477847,-0.7104464071477847,-0.7104464071477847,-0.7104464071477847,-0.7104464071477847,-0.7104464071477847,-0.7104464071477847,-0.7104464071477847,-0.7104464071477847,-0.7104464071477847,-0.7104464071477847,-0.7104464071477847,-0.7104464071477847,-0.7104464071477847,-0.7104464071477847,-0.7104464071477847,-0.7104464071477847,-0.7104464071477847,-0.7104464071477847,-0.7104464071477847,-0.7104464071477847,-0.7104464071477847,-0.7104464071477847,-0.7104464071477847,-0.7104464071477847,-0.7104464071477847,-0.7104464071477847,-0.7104464071477847,-0.7104464071477847,-0.7104464071477847,-0.7104464071477847,-0.7104464071477847,-0.7104464071477847,-0.7104464071477847,-0.7104464071477847,-0.7104464071477847,-0.7104464071477847,-0.7104464071477847,-0.7104464071477847,-0.7104464071477847,-0.7104464071477847,-0.7104464071477847,-0.7104464071477847,-0.7104464071477847,-0.7104464071477847,-0.7104464071477847,-0.7104464071477847,-0.7104464071477847,-0.7104464071477847,-0.7104464071477847,-0.7104464071477847,-0.7104464071477847,-0.7104464071477847,-0.7104464071477847,-0.7104464071477847,-0.7104464071477847,-0.7104464071477847,-0.7104464071477847,-0.7104464071477847,-0.7104464071477847,-0.7104464071477847,-0.7104464071477847,-0.7104464071477847,-0.7104464071477847,-0.7104464071477847,-0.7104464071477847,-0.7104464071477847,-0.7104464071477847,-0.7104464071477847,-0.7104464071477847,-0.7104464071477847,-0.7104464071477847,-0.7104464071477847,-0.7104464071477847,-0.7104464071477847,-0.7104464071477847,-0.7104464071477847,-0.7104464071477847,-0.7104464071477847,-0.7104464071477847,-0.7104464071477847,-0.7104464071477847,-0.7104464071477847,-0.7104464071477847,-0.7104464071477847,-0.7104464071477847,-0.7104464071477847,-0.7104464071477847,-0.7104464071477847,-0.7104464071477847,-0.7104464071477847,-0.7104464071477847,-0.7104464071477847,-0.7104464071477847,-0.7104464071477847,-0.7104464071477847,-0.7104464071477847,-0.7104464071477847,-0.7104464071477847,-0.7104464071477847,-0.7104464071477847,-0.7104464071477847,-0.7104464071477847,-0.7104464071477847,-0.7104464071477847,-0.7104464071477847,-0.7104464071477847,-0.7104464071477847,-0.7104464071477847,-0.7104464071477847,-0.7104464071477847,-0.7104464071477847,-0.7104464071477847,-0.7104464071477847,-0.7104464071477847,-0.7104464071477847,-0.7104464071477847,-0.7104464071477847,-0.7104464071477847,-0.7104464071477847,-0.7104464071477847,-0.7104464071477847,-0.7104464071477847,-0.7104464071477847,-0.7104464071477847,-0.7104464071477847,-0.7104464071477847,-0.7104464071477847,-0.7104464071477847,-0.7104464071477847,-0.7104464071477847,-0.7104464071477847,-0.7104464071477847,-0.7104464071477847,-0.7104464071477847,-0.7104464071477847,-0.7104464071477847,-0.7104464071477847,-0.7104464071477847,-0.7104464071477847,-0.7104464071477847,-0.7104464071477847,-0.7104464071477847,-0.7104464071477847,-0.7104464071477847,-0.7104464071477847,-0.7104464071477847,-0.7104464071477847,-0.7104464071477847,-0.7104464071477847,-0.7104464071477847,-0.7104464071477847,-0.7104464071477847,-0.7104464071477847,-0.7104464071477847,-0.7104464071477847,-0.7104464071477847,-0.7104464071477847,-0.7104464071477847,-0.7104464071477847,-0.7104464071477847,-0.7104464071477847,-0.7104464071477847,-0.7104464071477847,-0.7104464071477847,-0.7104464071477847,-0.7104464071477847,-0.7104464071477847,-0.7104464071477847,-0.7104464071477847,-0.7104464071477847,-0.7104464071477847,-0.7104464071477847,-0.7104464071477847,-0.7104464071477847,-0.7104464071477847,-0.7104464071477847,-0.7104464071477847,-0.7104464071477847,-0.7104464071477847,-0.7104464071477847,-0.7104464071477847,-0.7104464071477847,-0.7104464071477847,-0.7104464071477847,-0.7104464071477847,-0.7104464071477847,-0.7104464071477847,-0.7104464071477847,-0.7104464071477847,-0.7104464071477847,-0.7104464071477847,-0.7104464071477847,-0.7104464071477847,-0.7104464071477847,-0.7104464071477847,-0.7104464071477847,-0.7104464071477847,-0.7104464071477847,-0.7104464071477847,-0.7104464071477847,-0.7104464071477847,-0.7104464071477847,-0.7104464071477847,-0.7104464071477847,-0.7104464071477847,-0.7104464071477847,-0.7104464071477847,-0.7104464071477847,-0.7104464071477847,-0.7104464071477847,-0.7104464071477847,-0.7104464071477847,-0.7104464071477847,-0.7104464071477847,-0.7104464071477847,-0.7104464071477847,-0.7104464071477847,-0.7104464071477847,-0.7104464071477847,-0.7104464071477847,-0.7104464071477847,-0.7104464071477847,-0.7104464071477847,-0.7104464071477847,-0.7104464071477847,-0.7104464071477847,-0.7104464071477847,-0.7104464071477847,-0.7104464071477847,-0.7104464071477847,-0.7104464071477847,-0.7104464071477847,-0.7104464071477847,-0.7104464071477847,-0.7104464071477847,-0.7104464071477847,-0.7104464071477847,-0.7104464071477847,-0.7104464071477847,-0.7104464071477847,-0.7104464071477847,-0.7104464071477847,-0.7104464071477847,-0.7104464071477847,-0.7104464071477847,-0.7104464071477847,-0.7104464071477847,-0.7104464071477847,-0.7104464071477847,-0.7104464071477847,-0.7104464071477847,-0.7104464071477847,-0.7104464071477847,-0.7104464071477847,-0.7104464071477847,-0.7104464071477847,-0.7104464071477847,-0.7104464071477847,-0.7104464071477847,-0.7104464071477847,-0.7104464071477847,-0.7104464071477847,-0.7104464071477847,-0.7104464071477847,-0.7104464071477847,-0.7104464071477847,-0.7104464071477847,-0.7104464071477847,-0.7104464071477847,-0.7104464071477847,-0.7104464071477847,-0.7104464071477847,-0.7104464071477847,-0.7104464071477847,-0.7104464071477847,-0.7104464071477847,-0.7104464071477847,-0.7104464071477847,-0.7104464071477847,-0.7104464071477847,-0.7104464071477847,-0.7104464071477847,-0.7104464071477847,-0.7104464071477847,-0.7104464071477847,-0.7104464071477847,-0.7104464071477847,-0.7104464071477847,-0.7104464071477847,-0.7104464071477847,-0.7104464071477847,-0.7104464071477847,-0.7104464071477847,-0.7104464071477847,-0.7104464071477847,-0.7104464071477847,-0.7104464071477847
-0.8007653537483801,-0.8007653537483801,-0.8007653537483801,-0.8007653537483801,-0.8007653537483801,-0.8007653537483801,-0.8007653537483801,-0.8007653537483801,-0.8007653537483801,-0.8007653537483801,-0.8007653537483801,-0.8007653537483801,-0.8007653537483801,-0.8007653537483801,-0.8007653537483801,-0.8007653537483801,-0.8007653537483801,-0.8007653537483801,-0.8007653537483801,-0.8007653537483801,-0.8007653537483801,-0.8007653537483801,-0.8007653537483801,-0.8007653537483801,-0.8007653537483801,-0.8007653537483801,-0.8007653537483801,-0.8007653537483801,-0.8007653537483801,-0.8007653537483801,-0.8007653537483801,-0.8007653537483801,-0.8007653537483801,-0.8007653537483801,-0.8007653537483801,-0.8007653537483801,-0.8007653537483801,-0.8007653537483801,-0.8007653537483801,-0.8007653537483801,-0.8007653537483801,-0.8007653537483801,-0.8007653537483801,-0.8007653537483801,-0.8007653537483801,-0.8007653537483801,-0.8007653537483801,-0.8007653537483801,-0.8007653537483801,-0.8007653537483801,-0.8007653537483801,-0.8007653537483801,-0.8007653537483801,-0.8007653537483801,-0.8007653537483801,-0.8007653537483801,-0.8007653537483801,-0.8007653537483801,-0.8007653537483801,-0.8007653537483801,-0.8007653537483801,-0.8007653537483801,-0.8007653537483801,-0.8007653537483801,-0.8007653537483801,-0.8007653537483801,-0.8007653537483801,-0.8007653537483801,-0.8007653537483801,-0.8007653537483801,-0.8007653537483801,-0.8007653537483801,-0.8007653537483801,-0.8007653537483801,-0.8007653537483801,-0.8007653537483801,-0.8007653537483801,-0.8007653537483801,-0.8007653537483801,-0.8007653537483801,-0.8007653537483801,-0.8007653537483801,-0.8007653537483801,-0.8007653537483801,-0.8007653537483801,-0.8007653537483801,-0.8007653537483801,-0.8007653537483801,-0.8007653537483801,-0.8007653537483801,-0.8007653537483801,-0.8007653537483801,-0.8007653537483801,-0.8007653537483801,-0.8007653537483801,-0.8007653537483801,-0.8007653537483801,-0.8007653537483801,-0.8007653537483801,-0.8007653537483801,-0.8007653537483801,-0.8007653537483801,-0.8007653537483801,-0.8007653537483801,-0.8007653537483801,-0.8007653537483801,-0.8007653537483801,-0.8007653537483801,-0.8007653537483801,-0.8007653537483801,-0.8007653537483801,-0.8007653537483801,-0.8007653537483801,-0.8007653537483801,-0.8007653537483801,-0.8007653537483801,-0.8007653537483801,-0.8007653537483801,-0.8007653537483801,-0.8007653537483801,-0.8007653537483801,-0.8007653537483801,-0.8007653537483801,-0.8007653537483801,-0.8007653537483801,-0.8007653537483801,-0.8007653537483801,-0.8007653537483801,-0.8007653537483801,-0.8007653537483801,-0.8007653537483801,-0.8007653537483801,-0.8007653537483801,-0.8007653537483801,-0.8007653537483801,-0.8007653537483801,-0.8007653537483801,-0.8007653537483801,-0.8007653537483801,-0.8007653537483801,-0.8007653537483801,-0.8007653537483801,-0.8007653537483801,-0.8007653537483801,-0.8007653537483801,-0.8007653537483801,-0.8007653537483801,-0.8007653537483801,-0.8007653537483801,-0.8007653537483801,-0.8007653537483801,-0.8007653537483801,-0.8007653537483801,-0.8007653537483801,-0.8007653537483801,-0.8007653537483801,-0.8007653537483801,-0.8007653537483801,-0.8007653537483801,-0.8007653537483801,-0.8007653537483801,-0.8007653537483801,-0.8007653537483801,-0.8007653537483801,-0.8007653537483801,-0.8007653537483801,-0.8007653537483801,-0.8007653537483801,-0.8007653537483801,-0.8007653537483801,-0.8007653537483801,-0.8007653537483801,-0.8007653537483801,-0.8007653537483801,-0.8007653537483801,-0.8007653537483801,-0.8007653537483801,-0.8007653537483801,-0.8007653537483801,-0.8007653537483801,-0.8007653537483801,-0.8007653537483801,-0.8007653537483801,-0.8007653537483801,-0.8007653537483801,-0.8007653537483801,-0.8007653537483801,-0.8007653537483801,-0.8007653537483801,-0.8007653537483801,-0.8007653537483801,-0.8007653537483801,-0.8007653537483801,-0.8007653537483801,-0.8007653537483801,-0.8007653537483801,-0.8007653537483801,-0.8007653537483801,-0.8007653537483801,-0.8007653537483801,-0.8007653537483801,-0.8007653537483801,-0.8007653537483801,-0.8007653537483801,-0.8007653537483801,-0.8007653537483801,-0.8007653537483801,-0.8007653537483801,-0.8007653537483801,-0.8007653537483801,-0.8007653537483801,-0.8007653537483801,-0.8007653537483801,-0.8007653537483801,-0.8007653537483801,-0.8007653537483801,-0.8007653537483801,-0.8007653537483801,-0.8007653537483801,-0.8007653537483801,-0.8007653537483801,-0.8007653537483801,-0.8007653537483801,-0.8007653537483801,-0.8007653537483801,-0.8007653537483801,-0.8007653537483801,-0.8007653537483801,-0.8007653537483801,-0.8007653537483801,-0.8007653537483801,-0.8007653537483801,-0.8007653537483801,-0.8007653537483801,-0.8007653537483801,-0.8007653537483801,-0.8007653537483801,-0.8007653537483801,-0.8007653537483801,-0.8007653537483801,-0.8007653537483801,-0.8007653537483801,-0.8007653537483801,-0.8007653537483801,-0.8007653537483801,-0.8007653537483801,-0.8007653537483801,-0.8007653537483801,-0.8007653537483801,-0.8007653537483801,-0.8007653537483801,-0.8007653537483801,-0.8007653537483801,-0.8007653537483801,-0.8007653537483801,-0.8007653537483801,-0.8007653537483801,-0.8007653537483801,-0.8007653537483801,-0.8007653537483801,-0.8007653537483801,-0.8007653537483801,-0.8007653537483801,-0.8007653537483801,-0.8007653537483801,-0.8007653537483801,-0.8007653537483801,-0.8007653537483801,-0.8007653537483801,-0.8007653537483801,-0.8007653537483801,-0.8007653537483801,-0.8007653537483801,-0.8007653537483801,-0.8007653537483801,-0.8007653537483801,-0.8007653537483801,-0.8007653537483801,-0.8007653537483801,-0.8007653537483801,-0.8007653537483801,-0.8007653537483801,-0.8007653537483801,-0.8007653537483801,-0.8007653537483801,-0.8007653537483801,-0.8007653537483801,-0.8007653537483801,-0.8007653537483801,-0.8007653537483801,-0.8007653537483801,-0.8007653537483801,-0.8007653537483801,-0.8007653537483801,-0.8007653537483801,-0.8007653537483801,-0.8007653537483801,-0.8007653537483801,-0.8007653537483801,-0.8007653537483801,-0.8007653537483801,-0.8007653537483801,-0.8007653537483801,-0.8007653537483801,-0.8007653537483801,-0.8007653537483801,-0.8007653537483801,-0.8007653537483801,-0.8007653537483801,-0.8007653537483801,-0.8007653537483801,-0.8007653537483801,-0.8007653537483801,-0.8007653537483801,-0.8007653537483801,-0.8007653537483801,-0.8007653537483801,-0.8007653537483801,-0.8007653537483801,-0.8007653537483801,-0.8007653537483801,-0.8007653537483801,-0.8007653537483801,-0.8007653537483801,-0.8007653537483801,-0.8007653537483801,-0.8007653537483801,-0.8007653537483801
-0.7655449428097514,-0.7655449428097514,-0.7655449428097514,-0.7655449428097514,-0.7655449428097514,-0.7655449428097514,-0.7655449428097514,-0.7655449428097514,-0.7655449428097514,-0.7655449428097514,-0.7655449428097514,-0.7655449428097514,-0.7655449428097514,-0.7655449428097514,-0.7655449428097514,-0.7655449428097514,-0.7655449428097514,-0.7655449428097514,-0.7655449428097514,-0.7655449428097514,-0.7655449428097514,-0.7655449428097514,-0.7655449428097514,-0.7655449428097514,-0.7655449428097514,-0.7655449428097514,-0.7655449428097514,-0.7655449428097514,-0.7655449428097514,-0.7655449428097514,-0.7655449428097514,-0.7655449428097514,-0.7655449428097514,-0.7655449428097514,-0.7655449428097514,-0.7655449428097514,-0.7655449428097514,-0.7655449428097514,-0.7655449428097514,-0.7655449428097514,-0.7655449428097514,-0.7655449428097514,-0.7655449428097514,-0.7655449428097514,-0.7655449428097514,-0.7655449428097514,-0.7655449428097514,-0.7655449428097514,-0.7655449428097514,-0.7655449428097514,-0.7655449428097514,-0.7655449428097514,-0.7655449428097514,-0.7655449428097514,-0.7655449428097514,-0.7655449428097514,-0.7655449428097514,-0.7655449428097514,-0.7655449428097514,-0.7655449428097514,-0.7655449428097514,-0.7655449428097514,-0.7655449428097514,-0.7655449428097514,-0.7655449428097514,-0.7655449428097514,-0.7655449428097514,-0.7655449428097514,-0.7655449428097514,-0.7655449428097514,-0.7655449428097514,-0.7655449428097514,-0.7655449428097514,-0.7655449428097514,-0.7655449428097514,-0.7655449428097514,-0.7655449428097514,-0.7655449428097514,-0.7655449428097514,-0.7655449428097514,-0.7655449428097514,-0.7655449428097514,-0.7655449428097514,-0.7655449428097514,-0.7655449428097514,-0.7655449428097514,-0.7655449428097514,-0.7655449428097514,-0.7655449428097514,-0.7655449428097514,-0.7655449428097514,-0.7655449428097514,-0.7655449428097514,-0.7655449428097514,-0.7655449428097514,-0.7655449428097514,-0.7655449428097514,-0.7655449428097514,-0.7655449428097514,-0.7655449428097514,-0.7655449428097514,-0.7655449428097514,-0.7655449428097514,-0.7655449428097514,-0.7655449428097514,-0.7655449428097514,-0.7655449428097514,-0.7655449428097514,-0.7655449428097514,-0.7655449428097514,-0.7655449428097514,-0.7655449428097514,-0.7655449428097514,-0.7655449428097514,-0.7655449428097514,-0.7655449428097514,-0.7655449428097514,-0.7655449428097514,-0.7655449428097514,-0.7655449428097514,-0.7655449428097514,-0.7655449428097514,-0.7655449428097514,-0.7655449428097514,-0.7655449428097514,-0.7655449428097514,-0.7655449428097514,-0.7655449428097514,-0.7655449428097514,-0.7655449428097514,-0.7655449428097514,-0.7655449428097514,-0.7655449428097514,-0.7655449428097514,-0.7655449428097514,-0.7655449428097514,-0.7655449428097514,-0.7655449428097514,-0.7655449428097514,-0.7655449428097514,-0.7655449428097514,-0.7655449428097514,-0.7655449428097514,-0.7655449428097514,-0.7655449428097514,-0.7655449428097514,-0.7655449428097514,-0.7655449428097514,-0.7655449428097514,-0.7655449428097514,-0.7655449428097514,-0.7655449428097514,-0.7655449428097514,-0.7655449428097514,-0.7655449428097514,-0.7655449428097514,-0.7655449428097514,-0.7655449428097514,-0.7655449428097514,-0.7655449428097514,-0.7655449428097514,-0.7655449428097514,-0.7655449428097514,-0.7655449428097514,-0.7655449428097514,-0.7655449428097514,-0.7655449428097514,-0.7655449428097514,-0.7655449428097514,-0.7655449428097514,-0.7655449428097514,-0.7655449428097514,-0.7655449428097514,-0.7655449428097514,-0.7655449428097514,-0.7655449428097514,-0.7655449428097514,-0.7655449428097514,-0.7655449428097514,-0.7655449428097514,-0.7655449428097514,-0.7655449428097514,-0.7655449428097514,-0.7655449428097514,-0.7655449428097514,-0.7655449428097514,-0.7655449428097514,-0.7655449428097514,-0.7655449428097514,-0.7655449428097514,-0.7655449428097514,-0.7655449428097514,-0.7655449428097514,-0.7655449428097514,-0.7655449428097514,-0.7655449428097514,-0.7655449428097514,-0.7655449428097514,-0.7655449428097514,-0.7655449428097514,-0.7655449428097514,-0.7655449428097514,-0.7655449428097514,-0.7655449428097514,-0.7655449428097514,-0.7655449428097514,-0.7655449428097514,-0.7655449428097514,-0.7655449428097514,-0.7655449428097514,-0.7655449428097514,-0.7655449428097514,-0.7655449428097514,-0.7655449428097514,-0.7655449428097514,-0.7655449428097514,-0.7655449428097514,-0.7655449428097514,-0.7655449428097514,-0.7655449428097514,-0.7655449428097514,-0.7655449428097514,-0.7655449428097514,-0.7655449428097514,-0.7655449428097514,-0.7655449428097514,-0.7655449428097514,-0.7655449428097514,-0.7655449428097514,-0.7655449428097514,-0.7655449428097514,-0.7655449428097514,-0.7655449428097514,-0.7655449428097514,-0.7655449428097514,-0.7655449428097514,-0.7655449428097514,-0.7655449428097514,-0.7655449428097514,-0.7655449428097514,-0.7655449428097514,-0.7655449428097514,-0.7655449428097514,-0.7655449428097514,-0.7655449428097514,-0.7655449428097514,-0.7655449428097514,-0.7655449428097514,-0.7655449428097514,-0.7655449428097514,-0.7655449428097514,-0.7655449428097514,-0.7655449428097514,-0.7655449428097514,-0.7655449428097514,-0.7655449428097514,-0.7655449428097514,-0.7655449428097514,-0.7655449428097514,-0.7655449428097514,-0.7655449428097514,-0.7655449428097514,-0.7655449428097514,-0.7655449428097514,-0.7655449428097514,-0.7655449428097514,-0.7655449428097514,-0.7655449428097514,-0.7655449428097514,-0.7655449428097514,-0.7655449428097514,-0.7655449428097514,-0.7655449428097514,-0.7655449428097514,-0.7655449428097514,-0.7655449428097514,-0.7655449428097514,-0.7655449428097514,-0.7655449428097514,-0.7655449428097514,-0.7655449428097514,-0.7655449428097514,-0.7655449428097514,-0.7655449428097514,-0.7655449428097514,-0.7655449428097514,-0.7655449428097514,-0.7655449428097514,-0.7655449428097514,-0.7655449428097514,-0.7655449428097514,-0.7655449428097514,-0.7655449428097514,-0.7655449428097514,-0.7655449428097514,-0.7655449428097514,-0.7655449428097514,-0.7655449428097514,-0.7655449428097514,-0.7655449428097514,-0.7655449428097514,-0.7655449428097514,-0.7655449428097514,-0.7655449428097514,-0.7655449428097514,-0.7655449428097514,-0.7655449428097514,-0.7655449428097514,-0.7655449428097514,-0.7655449428097514,-0.7655449428097514,-0.7655449428097514,-0.7655449428097514,-0.7655449428097514,-0.7655449428097514,-0.7655449428097514,-0.7655449428097514,-0.7655449428097514,-0.7655449428097514,-0.7655449428097514,-0.7655449428097514,-0.7655449428097514,-0.7655449428097514,-0.7655449428097514,-0.7655449428097514,-0.7655449428097514,-0.7655449428097514,-0.7655449428097514
1.0,1.0,1.0,1.0,1.0,1.0,1.0,1.0,1.0,1.0,1.0,1.0,1.0,1.0,1.0,1.0,1.0,1.0,1.0,1.0,1.0,1.0,1.0,1.0,1.0,1.0,1.0,1.0,1.0,1.0,1.0,1.0,1.0,1.0,1.0,1.0,1.0,1.0,1.0,1.0,1.0,1.0,1.0,1.0,1.0,1.0,1.0,1.0,1.0,1.0,1.0,1.0,1.0,1.0,1.0,1.0,1.0,1.0,1.0,1.0,1.0,1.0,1.0,1.0,1.0,1.0,1.0,1.0,1.0,1.0,1.0,1.0,1.0,1.0,1.0,1.0,1.0,1.0,1.0,1.0,1.0,1.0,1.0,1.0,1.0,1.0,1.0,1.0,1.0,1.0,1.0,1.0,1.0,1.0,1.0,1.0,1.0,1.0,1.0,1.0,1.0,1.0,1.0,1.0,1.0,1.0,1.0,1.0,1.0,1.0,1.0,1.0,1.0,1.0,1.0,1.0,1.0,1.0,1.0,1.0,1.0,1.0,1.0,1.0,1.0,1.0,1.0,1.0,1.0,1.0,1.0,1.0,1.0,1.0,1.0,1.0,1.0,1.0,1.0,1.0,1.0,1.0,1.0,1.0,1.0,1.0,1.0,1.0,1.0,1.0,1.0,1.0,1.0,1.0,1.0,1.0,1.0,1.0,1.0,1.0,1.0,1.0,1.0,1.0,1.0,1.0,1.0,1.0,1.0,1.0,1.0,1.0,1.0,1.0,1.0,1.0,1.0,1.0,1.0,1.0,1.0,1.0,1.0,1.0,1.0,1.0,1.0,1.0,1.0,1.0,1.0,1.0,1.0,1.0,1.0,1.0,1.0,1.0,1.0,1.0,1.0,1.0,1.0,1.0,1.0,1.0,1.0,1.0,1.0,1.0,1.0,1.0,1.0,1.0,1.0,1.0,1.0,1.0,1.0,1.0,1.0,1.0,1.0,1.0,1.0,1.0,1.0,1.0,1.0,1.0,1.0,1.0,1.0,1.0,1.0,1.0,1.0,1.0,1.0,1.0,1.0,1.0,1.0,1.0,1.0,1.0,1.0,1.0,1.0,1.0,1.0,1.0,1.0,1.0,1.0,1.0,1.0,1.0,1.0,1.0,1.0,1.0,1.0,1.0,1.0,1.0,1.0,1.0,1.0,1.0,1.0,1.0,1.0,1.0,1.0,1.0,1.0,1.0,1.0,1.0,1.0,1.0,1.0,1.0,1.0,1.0,1.0,1.0,1.0,1.0,1.0,1.0,1.0,1.0,1.0,1.0,1.0,1.0,1.0,1.0,1.0,1.0,1.0,1.0,1.0,1.0,1.0,1.0,1.0,1.0,1.0,1.0,1.0,1.0,1.0,1.0,1.0,1.0,1.0,1.0,1.0,1.0,1.0,1.0,1.0,1.0,1.0,1.0
1.0,1.0,-1.0,-1.0,1.0,1.0,1.0,1.0,1.0,-1.0,1.0,1.0,1.0,1.0,1.0,1.0,1.0,1.0,1.0,-1.0,-1.0,-1.0,-1.0,-1.0,-1.0,-1.0,-1.0,-1.0,-1.0,1.0,1.0,1.0,1.0,1.0,-1.0,-1.0,-1.0,1.0,1.0,1.0,1.0,1.0,1.0,1.0,1.0,1.0,1.0,-1.0,1.0,1.0,1.0,1.0,1.0,-1.0,1.0,1.0,1.0,1.0,1.0,1.0,1.0,1.0,-1.0,1.0,1.0,1.0,1.0,1.0,1.0,1.0,1.0,-1.0,1.0,1.0,1.0,1.0,1.0,1.0,1.0,1.0,1.0,1.0,1.0,-1.0,-1.0,1.0,1.0,-1.0,-1.0,-1.0,-1.0,-1.0,-1.0,-1.0,1.0,1.0,1.0,1.0,1.0,1.0,1.0,1.0,1.0,1.0,1.0,1.0,1.0,1.0,1.0,1.0,1.0,1.0,1.0,1.0,1.0,1.0,1.0,1.0,1.0,1.0,1.0,1.0,1.0,1.0,-1.0,1.0,-1.0,-1.0,1.0,-1.0,-1.0,-1.0,-1.0,1.0,1.0,1.0,-1.0,-1.0,-1.0,-1.0,-1.0,-1.0,-1.0,-1.0,-1.0,-1.0,-1.0,-1.0,-1.0,-1.0,1.0,-1.0,1.0,-1.0,-1.0,-1.0,-1.0,-1.0,-1.0,-1.0,-1.0,-1.0,-1.0,-1.0,-1.0,-1.0,-1.0,1.0,1.0,1.0,-1.0,-1.0,-1.0,-1.0,-1.0,-1.0,-1.0,-1.0,-1.0,-1.0,-1.0,-1.0,-1.0,-1.0,-1.0,-1.0,-1.0,-1.0,-1.0,-1.0,-1.0,-1.0,-1.0,1.0,1.0,1.0,-1.0,-1.0,-1.0,1.0,-1.0,-1.0,-1.0,-1.0,-1.0,-1.0,-1.0,-1.0,-1.0,-1.0,-1.0,-1.0,1.0,-1.0,-1.0,1.0,1.0,1.0,1.0,1.0,1.0,1.0,1.0,1.0,1.0,1.0,-1.0,-1.0,-1.0,-1.0,-1.0,-1.0,-1.0,-1.0,-1.0,-1.0,-1.0,-1.0,-1.0,-1.0,-1.0,1.0,-1.0,-1.0,1.0,-1.0,-1.0,-1.0,1.0,1.0,-1.0,-1.0,-1.0,1.0,1.0,-1.0,-1.0,-1.0,1.0,1.0,-1.0,-1.0,-1.0,-1.0,-1.0,-1.0,1.0,1.0,-1.0,-1.0,1.0,1.0,-1.0,-1.0,-1.0,-1.0,-1.0,1.0,1.0,-1.0,-1.0,-1.0,-1.0,-1.0,1.0,1.0,-1.0,-1.0,1.0,-1.0,1.0,1.0,1.0,1.0,1.0,1.0,1.0,1.0,1.0,1.0,1.0,1.0,1.0,1.0,1.0,1.0,1.0,1.0,1.0,1.0,1.0,1.0,1.0,1.0,1.0,1.0,1.0,1.0,1.0,1.0,1.0,-1.0,-1.0,1.0,1.0,1.0,-1.0,-1.0
-1.0,-1.0,-1.0,-1.0,-1.0,-1.0,-1.0,-1.0,-1.0,-1.0,-1.0,-1.0,-1.0,-1.0,-1.0,-1.0,-1.0,-1.0,-1.0,-1.0,-1.0,-1.0,-1.0,-1.0,-1.0,-1.0,-1.0,-1.0,-1.0,-1.0,-1.0,-1.0,-1.0,-1.0,-1.0,-1.0,-1.0,-1.0,-1.0,-1.0,-1.0,-1.0,-1.0,-1.0,-1.0,-1.0,-1.0,-1.0,-1.0,-1.0,-1.0,-1.0,-1.0,-1.0,-1.0,-1.0,-1.0,-1.0,-1.0,-1.0,-1.0,-1.0,-1.0,-1.0,-1.0,-1.0,-1.0,-1.0,-1.0,-1.0,-1.0,-1.0,-1.0,-1.0,-1.0,-1.0,-1.0,-1.0,-1.0,-1.0,-1.0,-1.0,-1.0,-1.0,-1.0,-1.0,-1.0,-1.0,-1.0,-1.0,-1.0,-1.0,-1.0,-1.0,-1.0,-1.0,-1.0,-1.0,-1.0,-1.0,-1.0,-1.0,-1.0,-1.0,-1.0,-1.0,-1.0,-1.0,-1.0,-1.0,-1.0,-1.0,-1.0,-1.0,-1.0,-1.0,-1.0,-1.0,-1.0,-1.0,-1.0,-1.0,-1.0,-1.0,-1.0,-1.0,-1.0,1.0,1.0,-1.0,-1.0,-1.0,-1.0,-1.0,-1.0,-1.0,-1.0,-1.0,-1.0,-1.0,-1.0,1.0,1.0,-1.0,1.0,1.0,-1.0,1.0,1.0,-1.0,-1.0,-1.0,-1.0,-1.0,1.0,1.0,1.0,1.0,1.0,-1.0,1.0,1.0,1.0,1.0,1.0,1.0,1.0,-1.0,-1.0,-1.0,-1.0,-1.0,1.0,1.0,1.0,1.0,1.0,1.0,1.0,1.0,1.0,-1.0,1.0,1.0,-1.0,1.0,-1.0,-1.0,1.0,1.0,1.0,1.0,1.0,-1.0,-1.0,-1.0,-1.0,-1.0,-1.0,-1.0,-1.0,-1.0,-1.0,1.0,1.0,-1.0,-1.0,-1.0,1.0,1.0,-1.0,-1.0,-1.0,-1.0,-1.0,-1.0,-1.0,-1.0,-1.0,-1.0,-1.0,-1.0,-1.0,-1.0,-1.0,-1.0,-1.0,-1.0,-1.0,-1.0,-1.0,-1.0,-1.0,-1.0,-1.0,-1.0,-1.0,-1.0,-1.0,-1.0,-1.0,-1.0,-1.0,-1.0,-1.0,-1.0,-1.0,-1.0,-1.0,-1.0,-1.0,-1.0,-1.0,-1.0,-1.0,-1.0,-1.0,-1.0,-1.0,-1.0,-1.0,-1.0,-1.0,-1.0,-1.0,-1.0,-1.0,-1.0,-1.0,-1.0,-1.0,-1.0,-1.0,-1.0,-1.0,-1.0,-1.0,-1.0,-1.0,-1.0,-1.0,-1.0,-1.0,-1.0,-1.0,-1.0,-1.0,-1.0,-1.0,-1.0,-1.0,-1.0,-1.0,-1.0,-1.0,-1.0,-1.0,-1.0,-1.0,-1.0,-1.0,-1.0,-1.0,-1.0,-1.0,-1.0,-1.0,-1.0,-1.0,-1.0,-1.0,-1.0,-1.0,-1.0,-1.0,-1.0,-1.0,-1.0,-1.0,-1.0,-1.0,-1.0,-1.0,-1.0,-1.0,-1.0,-1.0,-1.0
-1.0,-1.0,-1.0,-1.0,-1.0,-1.0,-1.0,-1.0,-1.0,-1.0,-1.0,-1.0,-1.0,-1.0,-1.0,-1.0,-1.0,-1.0,-1.0,-1.0,-1.0,-1.0,-1.0,-1.0,-1.0,-1.0,-1.0,-1.0,-1.0,-1.0,-1.0,-1.0,-1.0,-1.0,-1.0,-1.0,-1.0,-1.0,-1.0,-1.0,-1.0,-1.0,-1.0,-1.0,-1.0,-1.0,-1.0,-1.0,-1.0,-1.0,-1.0,-1.0,-1.0,-1.0,-1.0,-1.0,-1.0,-1.0,-1.0,-1.0,-1.0,-1.0,-1.0,-1.0,-1.0,-1.0,-1.0,-1.0,-1.0,-1.0,-1.0,-1.0,-1.0,-1.0,-1.0,-1.0,-1.0,-1.0,-1.0,-1.0,-1.0,-1.0,-1.0,-1.0,-1.0,-1.0,-1.0,-1.0,-1.0,-1.0,-1.0,-1.0,-1.0,-1.0,-1.0,-1.0,-1.0,-1.0,-1.0,-1.0,-1.0,-1.0,-1.0,-1.0,-1.0,-1.0,-1.0,-1.0,-1.0,-1.0,-1.0,-1.0,-1.0,-1.0,-1.0,-1.0,-1.0,-1.0,-1.0,-1.0,-1.0,-1.0,-1.0,-1.0,-1.0,-1.0,-1.0,-1.0,-1.0,-1.0,-1.0,-1.0,-1.0,-1.0,-1.0,-1.0,-1.0,-1.0,-1.0,-1.0,-1.0,-1.0,-1.0,-1.0,-1.0,-1.0,-1.0,-1.0,-1.0,-1.0,-1.0,-1.0,-1.0,-1.0,-1.0,-1.0,-1.0,-1.0,-1.0,-1.0,-1.0,-1.0,-1.0,-1.0,-1.0,-1.0,-1.0,-1.0,-1.0,-1.0,-1.0,-1.0,-1.0,-1.0,-1.0,-1.0,-1.0,-1.0,-1.0,-1.0,-1.0,-1.0,-1.0,-1.0,-1.0,-1.0,-1.0,-1.0,-1.0,-1.0,-1.0,-1.0,-1.0,-1.0,-1.0,-1.0,-1.0,-1.0,-1.0,-1.0,-1.0,-1.0,-1.0,-1.0,-1.0,-1.0,-1.0,-1.0,-1.0,-1.0,-1.0,-1.0,-1.0,-1.0,-1.0,-1.0,-1.0,-1.0,-1.0,-1.0,-1.0,-1.0,-1.0,-1.0,-1.0,-1.0,-1.0,-1.0,-1.0,-1.0,-1.0,-1.0,-1.0,-1.0,-1.0,-1.0,-1.0,-1.0,-1.0,-1.0,-1.0,-1.0,-1.0,-1.0,-1.0,-1.0,-1.0,-1.0,-1.0,-1.0,-1.0,-1.0,-1.0,-1.0,-1.0,-1.0,-1.0,-1.0,-1.0,-1.0,-1.0,-1.0,-1.0,-1.0,-1.0,-1.0,-1.0,-1.0,-1.0,-1.0,-1.0,-1.0,-1.0,-1.0,-1.0,-1.0,-1.0,-1.0,-1.0,-1.0,-1.0,-1.0,-1.0,-1.0,-1.0,-1.0,-1.0,-1.0,-1.0,-1.0,-1.0,-1.0,-1.0,-1.0,-1.0,-1.0,-1.0,-1.0,-1.0,-1.0,-1.0,-1.0,-1.0,-1.0,-1.0,-1.0,-1.0,-1.0,-1.0,-1.0,-1.0,-1.0,-1.0,-1.0,-1.0,-1.0,-1.0,-1.0,-1.0,-1.0,-1.0,-1.0,-1.0,-1.0,-1.0,-1.0,-1.0,-1.0
-1.0,-1.0,-1.0,-1.0,-1.0,-1.0,-1.0,-1.0,-1.0,-1.0,-1.0,-1.0,-1.0,-1.0,-1.0,-1.0,-1.0,-1.0,-1.0,-1.0,-1.0,-1.0,-1.0,-1.0,-1.0,-1.0,-1.0,-1.0,-1.0,-1.0,-1.0,-1.0,-1.0,-1.0,-1.0,-1.0,-1.0,-1.0,-1.0,-1.0,-1.0,-1.0,-1.0,-1.0,-1.0,-1.0,-1.0,-1.0,-1.0,-1.0,-1.0,-1.0,-1.0,-1.0,-1.0,-1.0,-1.0,-1.0,-1.0,-1.0,-1.0,-1.0,-1.0,-1.0,-1.0,-1.0,-1.0,-1.0,-1.0,-1.0,-1.0,-1.0,-1.0,-1.0,-1.0,-1.0,-1.0,-1.0,-1.0,-1.0,-1.0,-1.0,-1.0,-1.0,-1.0,-1.0,-1.0,-1.0,-1.0,-1.0,-1.0,-1.0,-1.0,-1.0,-1.0,-1.0,-1.0,-1.0,-1.0,-1.0,-1.0,-1.0,-1.0,-1.0,-1.0,-1.0,-1.0,-1.0,-1.0,-1.0,-1.0,-1.0,-1.0,-1.0,-1.0,-1.0,-1.0,-1.0,-1.0,-1.0,-1.0,-1.0,-1.0,-1.0,-1.0,-1.0,-1.0,-1.0,-1.0,-1.0,-1.0,-1.0,-1.0,-1.0,-1.0,-1.0,-1.0,-1.0,-1.0,-1.0,-1.0,-1.0,-1.0,-1.0,-1.0,-1.0,-1.0,-1.0,-1.0,-1.0,-1.0,-1.0,-1.0,-1.0,-1.0,-1.0,-1.0,-1.0,-1.0,-1.0,-1.0,-1.0,-1.0,-1.0,-1.0,-1.0,-1.0,-1.0,-1.0,-1.0,-1.0,-1.0,-1.0,-1.0,-1.0,-1.0,-1.0,-1.0,-1.0,-1.0,-1.0,-1.0,-1.0,-1.0,-1.0,-1.0,-1.0,-1.0,-1.0,-1.0,-1.0,-1.0,-1.0,-1.0,-1.0,-1.0,-1.0,-1.0,-1.0,-1.0,-1.0,-1.0,-1.0,-1.0,-1.0,-1.0,-1.0,-1.0,-1.0,-1.0,-1.0,-1.0,-1.0,-1.0,-1.0,-1.0,-1.0,-1.0,-1.0,-1.0,-1.0,-1.0,-1.0,-1.0,-1.0,-1.0,-1.0,-1.0,-1.0,-1.0,-1.0,-1.0,-1.0,-1.0,-1.0,-1.0,-1.0,-1.0,-1.0,-1.0,-1.0,-1.0,-1.0,-1.0,-1.0,-1.0,-1.0,-1.0,-1.0,-1.0,-1.0,-1.0,-1.0,-1.0,-1.0,-1.0,-1.0,-1.0,-1.0,-1.0,-1.0,-1.0,-1.0,-1.0,-1.0,-1.0,-1.0,-1.0,-1.0,-1.0,-1.0,-1.0,-1.0,-1.0,-1.0,-1.0,-1.0,-1.0,-1.0,-1.0,-1.0,-1.0,-1.0,-1.0,-1.0,-1.0,-1.0,-1.0,-1.0,-1.0,-1.0,-1.0,-1.0,-1.0,-1.0,-1.0,-1.0,-1.0,-1.0,-1.0,-1.0,-1.0,-1.0,-1.0,-1.0,-1.0,-1.0,-1.0,-1.0,-1.0,-1.0,-1.0,-1.0,-1.0,-1.0,-1.0,-1.0,-1.0,-1.0,-1.0,-1.0,-1.0,-1.0,-1.0,-1.0,-1.0,-1.0,-1.0
-1.0,-1.0,-1.0,-1.0,-1.0,-1.0,-1.0,-1.0,-1.0,-1.0,1.0,1.0,1.0,1.0,1.0,1.0,1.0,1.0,-1.0,-1.0,-1.0,-1.0,-1.0,-1.0,-1.0,-1.0,-1.0,-1.0,-1.0,1.0,1.0,1.0,1.0,1.0,-1.0,-1.0,-1.0,1.0,1.0,1.0,1.0,1.0,1.0,1.0,1.0,1.0,1.0,-1.0,1.0,1.0,1.0,1.0,1.0,-1.0,1.0,1.0,1.0,1.0,1.0,1.0,1.0,1.0,-1.0,1.0,1.0,1.0,1.0,1.0,1.0,1.0,1.0,-1.0,1.0,1.0,1.0,1.0,1.0,1.0,1.0,1.0,1.0,1.0,1.0,-1.0,-1.0,1.0,1.0,-1.0,-1.0,-1.0,-1.0,-1.0,-1.0,-1.0,1.0,1.0,1.0,1.0,1.0,1.0,1.0,1.0,1.0,1.0,1.0,1.0,1.0,1.0,1.0,1.0,1.0,1.0,1.0,1.0,1.0,1.0,1.0,1.0,1.0,1.0,1.0,1.0,1.0,1.0,-1.0,-1.0,-1.0,-1.0,-1.0,-1.0,-1.0,-1.0,-1.0,1.0,1.0,1.0,-1.0,-1.0,-1.0,-1.0,-1.0,-1.0,-1.0,-1.0,-1.0,-1.0,-1.0,-1.0,-1.0,-1.0,-1.0,-1.0,-1.0,-1.0,-1.0,-1.0,-1.0,-1.0,-1.0,-1.0,-1.0,-1.0,-1.0,-1.0,-1.0,-1.0,-1.0,-1.0,-1.0,-1.0,-1.0,-1.0,-1.0,-1.0,-1.0,-1.0,-1.0,-1.0,-1.0,-1.0,-1.0,-1.0,-1.0,-1.0,-1.0,-1.0,-1.0,-1.0,-1.0,-1.0,-1.0,-1.0,-1.0,-1.0,-1.0,-1.0,-1.0,-1.0,-1.0,-1.0,-1.0,-1.0,-1.0,-1.0,-1.0,-1.0,-1.0,-1.0,-1.0,-1.0,-1.0,-1.0,-1.0,-1.0,-1.0,1.0,1.0,1.0,1.0,1.0,1.0,1.0,1.0,1.0,1.0,-1.0,-1.0,1.0,1.0,1.0,-1.0,-1.0,1.0,1.0,1.0,1.0,-1.0,1.0,1.0,1.0,-1.0,-1.0,-1.0,-1.0,-1.0,-1.0,-1.0,-1.0,-1.0,-1.0,-1.0,-1.0,-1.0,-1.0,-1.0,-1.0,-1.0,-1.0,-1.0,-1.0,-1.0,-1.0,-1.0,-1.0,-1.0,-1.0,-1.0,-1.0,-1.0,-1.0,-1.0,-1.0,-1.0,-1.0,-1.0,-1.0,-1.0,-1.0,-1.0,-1.0,-1.0,-1.0,-1.0,-1.0,-1.0,-1.0,-1.0,-1.0,-1.0,-1.0,-1.0,1.0,1.0,1.0,1.0,1.0,1.0,1.0,1.0,1.0,1.0,1.0,1.0,1.0,1.0,1.0,1.0,1.0,1.0,1.0,1.0,1.0,1.0,1.0,1.0,1.0,1.0,1.0,1.0,1.0,1.0,-1.0,-1.0,-1.0,-1.0,-1.0,-1.0,-1.0
-1.0,1.0,-1.0,-1.0,-1.0,-1.0,-1.0,-1.0,-1.0,-1.0,-1.0,-1.0,-1.0,-1.0,-1.0,-1.0,-1.0,-1.0,-1.0,1.0,-1.0,1.0,-1.0,1.0,-1.0,1.0,-1.0,1.0,-1.0,-1.0,-1.0,-1.0,-1.0,-1.0,1.0,-1.0,-1.0,-1.0,-1.0,-1.0,-1.0,-1.0,-1.0,-1.0,-1.0,-1.0,-1.0,-1.0,-1.0,-1.0,-1.0,-1.0,-1.0,-1.0,-1.0,-1.0,-1.0,-1.0,-1.0,-1.0,-1.0,-1.0,-1.0,-1.0,-1.0,-1.0,-1.0,-1.0,-1.0,-1.0,-1.0,-1.0,-1.0,-1.0,-1.0,-1.0,-1.0,-1.0,-1.0,-1.0,-1.0,-1.0,-1.0,1.0,1.0,-1.0,-1.0,-1.0,1.0,-1.0,1.0,-1.0,1.0,-1.0,-1.0,-1.0,-1.0,-1.0,-1.0,-1.0,-1.0,-1.0,-1.0,-1.0,-1.0,-1.0,-1.0,-1.0,-1.0,-1.0,-1.0,-1.0,-1.0,-1.0,-1.0,-1.0,-1.0,-1.0,-1.0,-1.0,-1.0,-1.0,-1.0,-1.0,-1.0,1.0,-1.0,-1.0,1.0,-1.0,1.0,-1.0,1.0,1.0,1.0,1.0,-1.0,-1.0,-1.0,-1.0,-1.0,-1.0,-1.0,-1.0,-1.0,-1.0,-1.0,-1.0,-1.0,-1.0,-1.0,-1.0,-1.0,-1.0,-1.0,-1.0,-1.0,-1.0,-1.0,-1.0,-1.0,-1.0,-1.0,-1.0,-1.0,-1.0,-1.0,1.0,1.0,1.0,-1.0,-1.0,-1.0,-1.0,-1.0,-1.0,-1.0,-1.0,-1.0,-1.0,-1.0,-1.0,-1.0,-1.0,-1.0,-1.0,-1.0,-1.0,-1.0,-1.0,-1.0,-1.0,-1.0,1.0,1.0,1.0,-1.0,-1.0,-1.0,-1.0,-1.0,-1.0,-1.0,-1.0,-1.0,-1.0,-1.0,-1.0,-1.0,-1.0,-1.0,-1.0,-1.0,-1.0,1.0,-1.0,-1.0,1.0,1.0,1.0,1.0,1.0,1.0,1.0,1.0,-1.0,-1.0,-1.0,-1.0,-1.0,-1.0,1.0,-1.0,-1.0,-1.0,-1.0,-1.0,-1.0,-1.0,-1.0,-1.0,-1.0,-1.0,-1.0,1.0,-1.0,1.0,-1.0,-1.0,1.0,-1.0,1.0,-1.0,-1.0,1.0,-1.0,1.0,-1.0,-1.0,1.0,-1.0,-1.0,1.0,-1.0,1.0,-1.0,-1.0,1.0,1.0,-1.0,-1.0,1.0,-1.0,1.0,-1.0,1.0,-1.0,-1.0,1.0,-1.0,1.0,-1.0,1.0,-1.0,-1.0,1.0,1.0,-1.0,-1.0,1.0,-1.0,-1.0,-1.0,-1.0,-1.0,-1.0,-1.0,-1.0,-1.0,-1.0,-1.0,-1.0,-1.0,-1.0,-1.0,-1.0,-1.0,-1.0,-1.0,-1.0,-1.0,-1.0,-1.0,-1.0,-1.0,-1.0,-1.0,-1.0,-1.0,-1.0,-1.0,-1.0,-1.0,-1.0,-1.0,1.0,-1.0,1.0
-1.0,-1.0,-1.0,-1.0,-1.0,-1.0,-1.0,-1.0,-1.0,-1.0,-1.0,-1.0,-1.0,-1.0,-1.0,-1.0,-1.0,-1.0,-1.0,-1.0,-1.0,-1.0,-1.0,-1.0,-1.0,-1.0,-1.0,-1.0,-1.0,-1.0,-1.0,-1.0,-1.0,-1.0,-1.0,-1.0,-1.0,-1.0,-1.0,-1.0,-1.0,-1.0,-1.0,-1.0,-1.0,-1.0,-1.0,-1.0,-1.0,-1.0,-1.0,-1.0,-1.0,-1.0,-1.0,-1.0,-1.0,-1.0,-1.0,-1.0,-1.0,-1.0,-1.0,-1.0,-1.0,-1.0,-1.0,-1.0,-1.0,-1.0,-1.0,-1.0,-1.0,-1.0,-1.0,-1.0,-1.0,-1.0,-1.0,-1.0,-1.0,-1.0,-1.0,-1.0,-1.0,-1.0,-1.0,-1.0,-1.0,-1.0,-1.0,-1.0,-1.0,-1.0,-1.0,-1.0,-1.0,-1.0,-1.0,-1.0,-1.0,-1.0,-1.0,-1.0,-1.0,-1.0,-1.0,-1.0,-1.0,-1.0,-1.0,-1.0,-1.0,-1.0,-1.0,-1.0,-1.0,-1.0,-1.0,-1.0,-1.0,-1.0,-1.0,-1.0,-1.0,-1.0,-1.0,-1.0,-1.0,-1.0,-1.0,-1.0,-1.0,-1.0,-1.0,-1.0,-1.0,-1.0,-1.0,-1.0,-1.0,-1.0,-1.0,-1.0,-1.0,-1.0,-1.0,-1.0,-1.0,-1.0,-1.0,-1.0,-1.0,-1.0,-1.0,-1.0,-1.0,-1.0,-1.0,-1.0,-1.0,-1.0,-1.0,-1.0,-1.0,-1.0,-1.0,-1.0,-1.0,-1.0,-1.0,-1.0,-1.0,-1.0,-1.0,-1.0,-1.0,-1.0,-1.0,-1.0,-1.0,-1.0,-1.0,-1.0,-1.0,-1.0,-1.0,-1.0,-1.0,-1.0,-1.0,-1.0,-1.0,-1.0,-1.0,-1.0,-1.0,-1.0,-1.0,-1.0,-1.0,-1.0,-1.0,-1.0,-1.0,-1.0,-1.0,-1.0,-1.0,-1.0,-1.0,-1.0,-1.0,-1.0,-1.0,-1.0,-1.0,-1.0,-1.0,-1.0,-1.0,-1.0,-1.0,-1.0,-1.0,-1.0,-1.0,-1.0,-1.0,-1.0,-1.0,-1.0,-1.0,-1.0,-1.0,-1.0,-1.0,-1.0,-1.0,-1.0,-1.0,-1.0,-1.0,-1.0,-1.0,-1.0,-1.0,-1.0,-1.0,-1.0,-1.0,-1.0,-1.0,-1.0,-1.0,-1.0,-1.0,-1.0,-1.0,-1.0,-1.0,-1.0,-1.0,-1.0,-1.0,-1.0,-1.0,-1.0,-1.0,-1.0,-1.0,-1.0,-1.0,-1.0,-1.0,-1.0,-1.0,-1.0,-1.0,-1.0,-1.0,-1.0,-1.0,-1.0,-1.0,-1.0,-1.0,-1.0,-1.0,-1.0,-1.0,-1.0,-1.0,-1.0,-1.0,-1.0,-1.0,-1.0,-1.0,-1.0,-1.0,-1.0,-1.0,-1.0,-1.0,-1.0,-1.0,-1.0,-1.0,-1.0,-1.0,-1.0,-1.0,-1.0,-1.0,-1.0,-1.0,-1.0,-1.0,-1.0,-1.0,-1.0,-1.0,-1.0,-1.0,-1.0,-1.0,-1.0
-1.0,-1.0,-1.0,-1.0,-1.0,-1.0,-1.0,-1.0,-1.0,-1.0,-1.0,-1.0,-1.0,-1.0,-1.0,-1.0,-1.0,-1.0,-1.0,-1.0,-1.0,-1.0,-1.0,-1.0,-1.0,-1.0,-1.0,-1.0,-1.0,-1.0,-1.0,-1.0,-1.0,-1.0,-1.0,-1.0,-1.0,-1.0,-1.0,-1.0,-1.0,-1.0,-1.0,-1.0,-1.0,-1.0,-1.0,-1.0,-1.0,-1.0,-1.0,-1.0,-1.0,-1.0,-1.0,-1.0,-1.0,-1.0,-1.0,-1.0,-1.0,-1.0,-1.0,-1.0,-1.0,-1.0,-1.0,-1.0,-1.0,-1.0,-1.0,-1.0,-1.0,-1.0,-1.0,-1.0,-1.0,-1.0,-1.0,-1.0,-1.0,-1.0,-1.0,-1.0,-1.0,-1.0,-1.0,-1.0,-1.0,-1.0,-1.0,-1.0,-1.0,-1.0,-1.0,-1.0,-1.0,-1.0,-1.0,-1.0,-1.0,-1.0,-1.0,-1.0,-1.0,-1.0,-1.0,-1.0,-1.0,-1.0,-1.0,-1.0,-1.0,-1.0,-1.0,-1.0,-1.0,-1.0,-1.0,-1.0,-1.0,-1.0,-1.0,-1.0,-1.0,-1.0,-1.0,-1.0,-1.0,-1.0,-1.0,-1.0,-1.0,-1.0,-1.0,-1.0,-1.0,-1.0,-1.0,-1.0,-1.0,-1.0,-1.0,-1.0,-1.0,-1.0,-1.0,-1.0,-1.0,-1.0,-1.0,-1.0,-1.0,-1.0,-1.0,-1.0,-1.0,-1.0,-1.0,-1.0,-1.0,-1.0,-1.0,-1.0,-1.0,-1.0,-1.0,-1.0,-1.0,-1.0,-1.0,-1.0,-1.0,-1.0,-1.0,-1.0,-1.0,-1.0,-1.0,-1.0,-1.0,-1.0,-1.0,-1.0,-1.0,-1.0,-1.0,-1.0,-1.0,-1.0,-1.0,-1.0,-1.0,-1.0,-1.0,-1.0,-1.0,-1.0,-1.0,-1.0,-1.0,-1.0,-1.0,-1.0,-1.0,-1.0,-1.0,-1.0,-1.0,-1.0,-1.0,-1.0,-1.0,-1.0,-1.0,-1.0,-1.0,-1.0,-1.0,-1.0,-1.0,-1.0,-1.0,-1.0,-1.0,-1.0,-1.0,-1.0,-1.0,-1.0,-1.0,-1.0,-1.0,-1.0,-1.0,-1.0,-1.0,-1.0,-1.0,-1.0,-1.0,-1.0,-1.0,-1.0,-1.0,-1.0,-1.0,-1.0,-1.0,-1.0,-1.0,-1.0,-1.0,-1.0,-1.0,-1.0,-1.0,-1.0,-1.0,-1.0,-1.0,-1.0,-1.0,-1.0,-1.0,-1.0,-1.0,-1.0,-1.0,-1.0,-1.0,-1.0,-1.0,-1.0,-1.0,-1.0,-1.0,-1.0,-1.0,-1.0,-1.0,-1.0,-1.0,-1.0,-1.0,-1.0,-1.0,-1.0,-1.0,-1.0,-1.0,-1.0,-1.0,-1.0,-1.0,-1.0,-1.0,-1.0,-1.0,-1.0,-1.0,-1.0,-1.0,-1.0,-1.0,-1.0,-1.0,-1.0,-1.0,-1.0,-1.0,-1.0,-1.0,-1.0,-1.0,-1.0,-1.0,-1.0,-1.0,-1.0,-1.0,-1.0,-1.0,-1.0,-1.0,-1.0,-1.0,-1.0
-1.0,-1.0,1.0,1.0,-1.0,-1.0,-1.0,1.0,-1.0,-1.0,-1.0,-1.0,-1.0,-1.0,-1.0,-1.0,-1.0,-1.0,-1.0,-1.0,-1.0,-1.0,-1.0,-1.0,-1.0,-1.0,-1.0,-1.0,-1.0,-1.0,-1.0,-1.0,-1.0,-1.0,-1.0,-1.0,-1.0,-1.0,-1.0,-1.0,-1.0,-1.0,-1.0,-1.0,-1.0,-1.0,-1.0,-1.0,-1.0,-1.0,-1.0,-1.0,-1.0,-1.0,-1.0,-1.0,-1.0,-1.0,-1.0,-1.0,-1.0,-1.0,-1.0,-1.0,-1.0,-1.0,-1.0,-1.0,-1.0,-1.0,-1.0,-1.0,-1.0,-1.0,-1.0,-1.0,-1.0,-1.0,-1.0,-1.0,-1.0,-1.0,-1.0,-1.0,-1.0,-1.0,-1.0,-1.0,-1.0,-1.0,-1.0,-1.0,-1.0,-1.0,-1.0,-1.0,-1.0,-1.0,-1.0,-1.0,-1.0,-1.0,-1.0,-1.0,-1.0,-1.0,-1.0,-1.0,-1.0,-1.0,-1.0,-1.0,-1.0,-1.0,-1.0,-1.0,-1.0,-1.0,-1.0,-1.0,-1.0,-1.0,-1.0,-1.0,1.0,1.0,1.0,1.0,-1.0,-1.0,-1.0,-1.0,-1.0,-1.0,-1.0,-1.0,-1.0,-1.0,-1.0,-1.0,-1.0,-1.0,-1.0,-1.0,-1.0,-1.0,-1.0,-1.0,-1.0,-1.0,-1.0,-1.0,-1.0,-1.0,-1.0,-1.0,-1.0,-1.0,-1.0,-1.0,-1.0,-1.0,-1.0,-1.0,-1.0,-1.0,-1.0,-1.0,-1.0,-1.0,-1.0,-1.0,-1.0,-1.0,-1.0,-1.0,-1.0,-1.0,-1.0,-1.0,-1.0,-1.0,-1.0,-1.0,-1.0,-1.0,1.0,1.0,-1.0,-1.0,-1.0,-1.0,-1.0,-1.0,-1.0,-1.0,-1.0,-1.0,-1.0,-1.0,-1.0,1.0,1.0,-1.0,-1.0,-1.0,-1.0,-1.0,-1.0,-1.0,-1.0,-1.0,-1.0,-1.0,-1.0,1.0,1.0,-1.0,-1.0,-1.0,-1.0,-1.0,-1.0,-1.0,1.0,1.0,-1.0,-1.0,-1.0,-1.0,-1.0,-1.0,-1.0,-1.0,-1.0,-1.0,-1.0,-1.0,-1.0,-1.0,-1.0,-1.0,-1.0,1.0,1.0,1.0,-1.0,-1.0,-1.0,1.0,1.0,-1.0,-1.0,-1.0,1.0,1.0,-1.0,-1.0,-1.0,-1.0,1.0,1.0,-1.0,-1.0,-1.0,-1.0,-1.0,1.0,-1.0,-1.0,-1.0,-1.0,1.0,-1.0,-1.0,-1.0,-1.0,-1.0,-1.0,1.0,-1.0,-1.0,-1.0,-1.0,-1.0,1.0,-1.0,-1.0,-1.0,-1.0,1.0,-1.0,-1.0,-1.0,-1.0,-1.0,-1.0,-1.0,-1.0,-1.0,-1.0,-1.0,-1.0,-1.0,-1.0,-1.0,-1.0,-1.0,-1.0,-1.0,-1.0,-1.0,-1.0,-1.0,-1.0,-1.0,-1.0,-1.0,-1.0,-1.0,-1.0,1.0,1.0,-1.0,-1.0,-1.0,1.0,1.0
-1.0,-1.0,-1.0,-1.0,-1.0,-1.0,-1.0,-1.0,-1.0,-1.0,-1.0,-1.0,-1.0,-1.0,-1.0,-1.0,-1.0,-1.0,-1.0,-1.0,-1.0,-1.0,-1.0,-1.0,-1.0,-1.0,-1.0,-1.0,-1.0,-1.0,-1.0,-1.0,-1.0,-1.0,-1.0,-1.0,-1.0,-1.0,-1.0,-1.0,-1.0,-1.0,-1.0,-1.0,-1.0,-1.0,-1.0,-1.0,-1.0,-1.0,-1.0,-1.0,-1.0,-1.0,-1.0,-1.0,-1.0,-1.0,-1.0,-1.0,-1.0,-1.0,-1.0,-1.0,-1.0,-1.0,-1.0,-1.0,-1.0,-1.0,-1.0,-1.0,-1.0,-1.0,-1.0,-1.0,-1.0,-1.0,-1.0,-1.0,-1.0,-1.0,-1.0,-1.0,-1.0,-1.0,-1.0,-1.0,-1.0,-1.0,-1.0,-1.0,-1.0,-1.0,-1.0,-1.0,-1.0,-1.0,-1.0,-1.0,-1.0,-1.0,-1.0,-1.0,-1.0,-1.0,-1.0,-1.0,-1.0,-1.0,-1.0,-1.0,-1.0,-1.0,-1.0,-1.0,-1.0,-1.0,-1.0,-1.0,-1.0,-1.0,-1.0,-1.0,-1.0,-1.0,-1.0,-1.0,-1.0,-1.0,-1.0,-1.0,-1.0,-1.0,-1.0,-1.0,-1.0,-1.0,-1.0,-1.0,-1.0,-1.0,-1.0,-1.0,-1.0,-1.0,-1.0,-1.0,-1.0,-1.0,-1.0,-1.0,-1.0,-1.0,-1.0,-1.0,-1.0,-1.0,-1.0,-1.0,-1.0,-1.0,-1.0,-1.0,-1.0,-1.0,-1.0,-1.0,-1.0,-1.0,-1.0,-1.0,-1.0,-1.0,-1.0,-1.0,-1.0,-1.0,-1.0,-1.0,-1.0,-1.0,-1.0,-1.0,-1.0,-1.0,-1.0,-1.0,-1.0,-1.0,-1.0,-1.0,-1.0,-1.0,-1.0,-1.0,-1.0,-1.0,-1.0,-1.0,-1.0,-1.0,-1.0,-1.0,-1.0,-1.0,-1.0,-1.0,-1.0,-1.0,-1.0,-1.0,-1.0,-1.0,-1.0,-1.0,-1.0,-1.0,-1.0,-1.0,-1.0,-1.0,-1.0,-1.0,-1.0,-1.0,-1.0,-1.0,-1.0,-1.0,-1.0,-1.0,-1.0,-1.0,-1.0,-1.0,-1.0,-1.0,-1.0,-1.0,-1.0,-1.0,-1.0,-1.0,-1.0,-1.0,-1.0,-1.0,-1.0,-1.0,-1.0,-1.0,-1.0,-1.0,-1.0,-1.0,-1.0,-1.0,-1.0,-1.0,-1.0,-1.0,-1.0,-1.0,-1.0,-1.0,-1.0,-1.0,-1.0,-1.0,-1.0,-1.0,-1.0,-1.0,-1.0,-1.0,-1.0,-1.0,-1.0,-1.0,-1.0,-1.0,-1.0,-1.0,-1.0,-1.0,-1.0,-1.0,-1.0,-1.0,-1.0,-1.0,-1.0,-1.0,-1.0,-1.0,-1.0,-1.0,-1.0,-1.0,-1.0,-1.0,-1.0,-1.0,-1.0,-1.0,-1.0,-1.0,-1.0,-1.0,-1.0,-1.0,-1.0,-1.0,-1.0,-1.0,-1.0,-1.0,-1.0,-1.0,-1.0,-1.0,-1.0,-1.0,-1.0,-1.0,-1.0,-1.0
-1.0,-1.0,-1.0,-1.0,-1.0,-1.0,-1.0,-1.0,-1.0,-1.0,-1.0,-1.0,-1.0,-1.0,-1.0,-1.0,-1.0,-1.0,-1.0,-1.0,-1.0,-1.0,-1.0,-1.0,-1.0,-1.0,-1.0,-1.0,-1.0,-1.0,-1.0,-1.0,-1.0,-1.0,-1.0,-1.0,-1.0,-1.0,-1.0,-1.0,-1.0,-1.0,-1.0,-1.0,-1.0,-1.0,-1.0,-1.0,-1.0,-1.0,-1.0,-1.0,-1.0,-1.0,-1.0,-1.0,-1.0,-1.0,-1.0,-1.0,-1.0,-1.0,-1.0,-1.0,-1.0,-1.0,-1.0,-1.0,-1.0,-1.0,-1.0,-1.0,-1.0,-1.0,-1.0,-1.0,-1.0,-1.0,-1.0,-1.0,-1.0,-1.0,-1.0,-1.0,-1.0,-1.0,-1.0,-1.0,-1.0,-1.0,-1.0,-1.0,-1.0,-1.0,-1.0,-1.0,-1.0,-1.0,-1.0,-1.0,-1.0,-1.0,-1.0,-1.0,-1.0,-1.0,-1.0,-1.0,-1.0,-1.0,-1.0,-1.0,-1.0,-1.0,-1.0,-1.0,-1.0,-1.0,-1.0,-1.0,-1.0,-1.0,-1.0,-1.0,-1.0,-1.0,-1.0,-1.0,-1.0,-1.0,-1.0,-1.0,-1.0,-1.0,-1.0,-1.0,-1.0,-1.0,-1.0,1.0,-1.0,-1.0,-1.0,-1.0,-1.0,-1.0,-1.0,-1.0,-1.0,-1.0,-1.0,-1.0,-1.0,-1.0,-1.0,-1.0,-1.0,-1.0,-1.0,-1.0,-1.0,-1.0,-1.0,-1.0,-1.0,-1.0,-1.0,-1.0,-1.0,-1.0,-1.0,-1.0,-1.0,-1.0,-1.0,-1.0,-1.0,-1.0,-1.0,-1.0,-1.0,-1.0,-1.0,-1.0,-1.0,-1.0,-1.0,-1.0,-1.0,-1.0,-1.0,-1.0,-1.0,-1.0,-1.0,-1.0,-1.0,-1.0,-1.0,-1.0,-1.0,-1.0,-1.0,-1.0,-1.0,-1.0,1.0,-1.0,-1.0,-1.0,1.0,-1.0,-1.0,-1.0,-1.0,-1.0,-1.0,-1.0,-1.0,-1.0,-1.0,-1.0,-1.0,-1.0,-1.0,-1.0,-1.0,-1.0,-1.0,-1.0,-1.0,-1.0,-1.0,-1.0,-1.0,-1.0,-1.0,-1.0,-1.0,-1.0,-1.0,-1.0,-1.0,-1.0,-1.0,-1.0,-1.0,-1.0,-1.0,-1.0,-1.0,-1.0,-1.0,-1.0,-1.0,-1.0,-1.0,-1.0,-1.0,-1.0,-1.0,-1.0,-1.0,-1.0,-1.0,-1.0,-1.0,-1.0,-1.0,-1.0,-1.0,-1.0,-1.0,-1.0,-1.0,-1.0,-1.0,-1.0,-1.0,-1.0,-1.0,-1.0,-1.0,-1.0,-1.0,-1.0,-1.0,-1.0,-1.0,-1.0,-1.0,-1.0,-1.0,-1.0,-1.0,-1.0,-1.0,-1.0,-1.0,-1.0,-1.0,-1.0,-1.0,-1.0,-1.0,-1.0,-1.0,-1.0,-1.0,-1.0,-1.0,-1.0,-1.0,-1.0,-1.0,-1.0,-1.0,-1.0,-1.0,-1.0,-1.0,-1.0,-1.0,-1.0,-1.0,-1.0,-1.0,-1.0
-1.0,-1.0,-1.0,-1.0,-1.0,-1.0,-1.0,-1.0,-1.0,-1.0,-1.0,-1.0,-1.0,-1.0,-1.0,-1.0,-1.0,-1.0,-1.0,-1.0,-1.0,-1.0,-1.0,-1.0,-1.0,-1.0,-1.0,-1.0,-1.0,-1.0,-1.0,-1.0,-1.0,-1.0,-1.0,-1.0,-1.0,-1.0,-1.0,-1.0,-1.0,-1.0,-1.0,-1.0,-1.0,-1.0,-1.0,-1.0,-1.0,-1.0,-1.0,-1.0,-1.0,-1.0,-1.0,-1.0,-1.0,-1.0,-1.0,-1.0,-1.0,-1.0,-1.0,-1.0,-1.0,-1.0,-1.0,-1.0,-1.0,-1.0,-1.0,-1.0,-1.0,-1.0,-1.0,-1.0,-1.0,-1.0,-1.0,-1.0,-1.0,-1.0,-1.0,-1.0,-1.0,-1.0,-1.0,-1.0,-1.0,-1.0,-1.0,-1.0,-1.0,-1.0,-1.0,-1.0,-1.0,-1.0,-1.0,-1.0,-1.0,-1.0,-1.0,-1.0,-1.0,-1.0,-1.0,-1.0,-1.0,-1.0,-1.0,-1.0,-1.0,-1.0,-1.0,-1.0,-1.0,-1.0,-1.0,-1.0,-1.0,-1.0,-1.0,-1.0,-1.0,-1.0,-1.0,-1.0,-1.0,-1.0,-1.0,-1.0,-1.0,-1.0,-1.0,-1.0,-1.0,-1.0,-1.0,-1.0,-1.0,-1.0,-1.0,-1.0,-1.0,-1.0,-1.0,-1.0,-1.0,-1.0,-1.0,-1.0,-1.0,-1.0,-1.0,-1.0,-1.0,-1.0,-1.0,-1.0,-1.0,-1.0,-1.0,-1.0,-1.0,-1.0,-1.0,-1.0,-1.0,-1.0,-1.0,-1.0,-1.0,-1.0,-1.0,-1.0,-1.0,-1.0,-1.0,-1.0,-1.0,-1.0,-1.0,-1.0,-1.0,-1.0,-1.0,-1.0,-1.0,-1.0,-1.0,-1.0,-1.0,-1.0,-1.0,-1.0,-1.0,-1.0,-1.0,-1.0,-1.0,-1.0,-1.0,-1.0,-1.0,-1.0,-1.0,-1.0,-1.0,-1.0,-1.0,-1.0,-1.0,-1.0,-1.0,-1.0,-1.0,-1.0,-1.0,-1.0,-1.0,-1.0,-1.0,-1.0,-1.0,-1.0,-1.0,-1.0,-1.0,-1.0,-1.0,-1.0,-1.0,-1.0,-1.0,-1.0,-1.0,-1.0,-1.0,-1.0,-1.0,-1.0,-1.0,-1.0,1.0,-1.0,-1.0,-1.0,-1.0,1.0,-1.0,-1.0,-1.0,-1.0,1.0,-1.0,-1.0,-1.0,-1.0,1.0,-1.0,-1.0,-1.0,-1.0,-1.0,-1.0,-1.0,1.0,-1.0,-1.0,-1.0,1.0,-1.0,-1.0,-1.0,-1.0,-1.0,-1.0,1.0,-1.0,-1.0,-1.0,-1.0,-1.0,-1.0,1.0,-1.0,-1.0,-1.0,-1.0,-1.0,-1.0,-1.0,-1.0,-1.0,-1.0,-1.0,-1.0,-1.0,-1.0,-1.0,-1.0,-1.0,-1.0,-1.0,-1.0,-1.0,-1.0,-1.0,-1.0,-1.0,-1.0,-1.0,-1.0,-1.0,-1.0,-1.0,-1.0,-1.0,-1.0,-1.0,-1.0,-1.0,-1.0,-1.0,-1.0,-1.0,-1.0
-1.0,-1.0,-1.0,-1.0,-1.0,-1.0,-1.0,-1.0,-1.0,-1.0,-1.0,-1.0,-1.0,-1.0,-1.0,-1.0,-1.0,-1.0,-1.0,-1.0,-1.0,-1.0,-1.0,-1.0,-1.0,-1.0,-1.0,-1.0,-1.0,-1.0,-1.0,-1.0,-1.0,-1.0,-1.0,-1.0,-1.0,-1.0,-1.0,-1.0,-1.0,-1.0,-1.0,-1.0,-1.0,-1.0,-1.0,-1.0,-1.0,-1.0,-1.0,-1.0,-1.0,-1.0,-1.0,-1.0,-1.0,-1.0,-1.0,-1.0,-1.0,-1.0,-1.0,-1.0,-1.0,-1.0,-1.0,-1.0,-1.0,-1.0,-1.0,-1.0,-1.0,-1.0,-1.0,-1.0,-1.0,-1.0,-1.0,-1.0,-1.0,-1.0,-1.0,-1.0,-1.0,-1.0,-1.0,-1.0,-1.0,-1.0,-1.0,-1.0,-1.0,-1.0,-1.0,-1.0,-1.0,-1.0,-1.0,-1.0,-1.0,-1.0,-1.0,-1.0,-1.0,-1.0,-1.0,-1.0,-1.0,-1.0,-1.0,-1.0,-1.0,-1.0,-1.0,-1.0,-1.0,-1.0,-1.0,-1.0,-1.0,-1.0,-1.0,-1.0,-1.0,-1.0,-1.0,-1.0,-1.0,-1.0,-1.0,-1.0,-1.0,-1.0,-1.0,-1.0,-1.0,1.0,-1.0,-1.0,-1.0,-1.0,-1.0,1.0,-1.0,-1.0,-1.0,-1.0,-1.0,-1.0,-1.0,-1.0,-1.0,-1.0,-1.0,-1.0,-1.0,-1.0,-1.0,1.0,-1.0,-1.0,-1.0,-1.0,-1.0,-1.0,-1.0,-1.0,-1.0,-1.0,-1.0,1.0,-1.0,-1.0,-1.0,-1.0,-1.0,-1.0,-1.0,-1.0,-1.0,1.0,-1.0,-1.0,1.0,-1.0,1.0,-1.0,-1.0,-1.0,-1.0,-1.0,-1.0,-1.0,-1.0,-1.0,-1.0,1.0,-1.0,-1.0,-1.0,1.0,-1.0,-1.0,-1.0,-1.0,-1.0,-1.0,-1.0,-1.0,-1.0,-1.0,-1.0,-1.0,-1.0,-1.0,-1.0,-1.0,-1.0,-1.0,-1.0,-1.0,-1.0,-1.0,-1.0,1.0,-1.0,-1.0,-1.0,-1.0,-1.0,-1.0,-1.0,-1.0,-1.0,-1.0,-1.0,-1.0,-1.0,-1.0,-1.0,-1.0,-1.0,1.0,-1.0,-1.0,-1.0,-1.0,-1.0,-1.0,-1.0,-1.0,-1.0,-1.0,-1.0,-1.0,-1.0,-1.0,-1.0,-1.0,-1.0,-1.0,-1.0,-1.0,-1.0,-1.0,-1.0,-1.0,-1.0,-1.0,-1.0,-1.0,-1.0,-1.0,-1.0,-1.0,-1.0,-1.0,-1.0,-1.0,-1.0,-1.0,-1.0,-1.0,-1.0,-1.0,-1.0,-1.0,-1.0,-1.0,1.0,-1.0,-1.0,-1.0,-1.0,-1.0,-1.0,-1.0,-1.0,-1.0,-1.0,-1.0,-1.0,-1.0,-1.0,-1.0,-1.0,-1.0,-1.0,-1.0,-1.0,-1.0,-1.0,-1.0,-1.0,-1.0,-1.0,-1.0,-1.0,-1.0,-1.0,-1.0,-1.0,-1.0,-1.0,-1.0,-1.0,-1.0
-1.0,-1.0,-1.0,-1.0,-1.0,-1.0,-1.0,-1.0,-1.0,-1.0,-1.0,-1.0,-1.0,-1.0,-1.0,-1.0,-1.0,-1.0,-1.0,-1.0,-1.0,-1.0,-1.0,-1.0,-1.0,-1.0,-1.0,-1.0,-1.0,-1.0,-1.0,-1.0,-1.0,-1.0,-1.0,-1.0,-1.0,-1.0,-1.0,-1.0,-1.0,-1.0,-1.0,-1.0,-1.0,-1.0,-1.0,-1.0,-1.0,-1.0,-1.0,-1.0,-1.0,-1.0,-1.0,-1.0,-1.0,-1.0,-1.0,-1.0,-1.0,-1.0,-1.0,-1.0,-1.0,-1.0,-1.0,-1.0,-1.0,-1.0,-1.0,-1.0,-1.0,-1.0,-1.0,-1.0,-1.0,-1.0,-1.0,-1.0,-1.0,-1.0,-1.0,-1.0,-1.0,-1.0,-1.0,-1.0,-1.0,-1.0,-1.0,-1.0,-1.0,-1.0,-1.0,-1.0,-1.0,-1.0,-1.0,-1.0,-1.0,-1.0,-1.0,-1.0,-1.0,-1.0,-1.0,-1.0,-1.0,-1.0,-1.0,-1.0,-1.0,-1.0,-1.0,-1.0,-1.0,-1.0,-1.0,-1.0,-1.0,-1.0,-1.0,-1.0,-1.0,-1.0,-1.0,-1.0,-1.0,-1.0,-1.0,-1.0,-1.0,-1.0,-1.0,-1.0,-1.0,-1.0,-1.0,-1.0,-1.0,-1.0,-1.0,-1.0,-1.0,-1.0,-1.0,-1.0,-1.0,-1.0,-1.0,-1.0,-1.0,-1.0,-1.0,-1.0,-1.0,-1.0,-1.0,-1.0,-1.0,-1.0,-1.0,-1.0,-1.0,-1.0,-1.0,-1.0,-1.0,-1.0,-1.0,-1.0,-1.0,-1.0,-1.0,-1.0,-1.0,-1.0,-1.0,-1.0,-1.0,-1.0,-1.0,-1.0,-1.0,-1.0,-1.0,-1.0,-1.0,-1.0,-1.0,-1.0,-1.0,-1.0,-1.0,-1.0,-1.0,-1.0,-1.0,-1.0,-1.0,-1.0,-1.0,-1.0,-1.0,-1.0,-1.0,-1.0,-1.0,-1.0,-1.0,-1.0,-1.0,-1.0,-1.0,-1.0,-1.0,-1.0,-1.0,-1.0,-1.0,-1.0,-1.0,-1.0,-1.0,-1.0,-1.0,-1.0,-1.0,-1.0,-1.0,-1.0,-1.0,-1.0,-1.0,-1.0,-1.0,-1.0,-1.0,-1.0,-1.0,-1.0,-1.0,-1.0,-1.0,-1.0,-1.0,-1.0,-1.0,-1.0,-1.0,-1.0,-1.0,-1.0,-1.0,-1.0,-1.0,-1.0,-1.0,-1.0,-1.0,-1.0,-1.0,-1.0,-1.0,-1.0,-1.0,-1.0,-1.0,-1.0,-1.0,-1.0,-1.0,-1.0,-1.0,-1.0,-1.0,-1.0,-1.0,-1.0,-1.0,-1.0,-1.0,-1.0,-1.0,-1.0,-1.0,-1.0,-1.0,-1.0,-1.0,-1.0,-1.0,-1.0,-1.0,-1.0,-1.0,-1.0,-1.0,-1.0,-1.0,-1.0,-1.0,-1.0,-1.0,-1.0,-1.0,-1.0,-1.0,-1.0,-1.0,-1.0,-1.0,-1.0,-1.0,-1.0,-1.0,-1.0,-1.0,-1.0,-1.0,-1.0,-1.0,-1.0,-1.0,-1.0,-1.0,-1.0
-1.0,-1.0,-1.0,-1.0,-1.0,-1.0,-1.0,-1.0,-1.0,-1.0,-1.0,-1.0,-1.0,-1.0,-1.0,-1.0,-1.0,-1.0,-1.0,-1.0,-1.0,-1.0,-1.0,-1.0,-1.0,-1.0,-1.0,-1.0,-1.0,-1.0,-1.0,-1.0,-1.0,-1.0,-1.0,-1.0,-1.0,-1.0,-1.0,-1.0,-1.0,-1.0,-1.0,-1.0,-1.0,-1.0,-1.0,-1.0,-1.0,-1.0,-1.0,-1.0,-1.0,-1.0,-1.0,-1.0,-1.0,-1.0,-1.0,-1.0,-1.0,-1.0,-1.0,-1.0,-1.0,-1.0,-1.0,-1.0,-1.0,-1.0,-1.0,-1.0,-1.0,-1.0,-1.0,-1.0,-1.0,-1.0,-1.0,-1.0,-1.0,-1.0,-1.0,-1.0,-1.0,-1.0,-1.0,-1.0,-1.0,-1.0,-1.0,-1.0,-1.0,-1.0,-1.0,-1.0,-1.0,-1.0,-1.0,-1.0,-1.0,-1.0,-1.0,-1.0,-1.0,-1.0,-1.0,-1.0,-1.0,-1.0,-1.0,-1.0,-1.0,-1.0,-1.0,-1.0,-1.0,-1.0,-1.0,-1.0,-1.0,-1.0,-1.0,-1.0,-1.0,-1.0,-1.0,-1.0,-1.0,-1.0,-1.0,-1.0,-1.0,-1.0,-1.0,-1.0,-1.0,-1.0,-1.0,-1.0,-1.0,-1.0,-1.0,-1.0,-1.0,-1.0,-1.0,-1.0,-1.0,-1.0,-1.0,-1.0,-1.0,-1.0,-1.0,-1.0,-1.0,-1.0,-1.0,-1.0,-1.0,-1.0,-1.0,-1.0,-1.0,-1.0,-1.0,-1.0,-1.0,-1.0,-1.0,-1.0,-1.0,-1.0,-1.0,-1.0,-1.0,-1.0,-1.0,-1.0,-1.0,-1.0,-1.0,-1.0,-1.0,-1.0,-1.0,-1.0,-1.0,-1.0,-1.0,-1.0,-1.0,-1.0,-1.0,-1.0,-1.0,-1.0,-1.0,-1.0,-1.0,-1.0,-1.0,-1.0,-1.0,-1.0,-1.0,-1.0,-1.0,-1.0,-1.0,-1.0,-1.0,-1.0,-1.0,-1.0,-1.0,-1.0,-1.0,-1.0,-1.0,-1.0,-1.0,-1.0,-1.0,-1.0,-1.0,-1.0,-1.0,-1.0,-1.0,-1.0,-1.0,-1.0,-1.0,-1.0,-1.0,-1.0,-1.0,-1.0,-1.0,-1.0,-1.0,-1.0,-1.0,-1.0,-1.0,-1.0,-1.0,-1.0,-1.0,-1.0,-1.0,-1.0,-1.0,-1.0,-1.0,-1.0,-1.0,-1.0,-1.0,-1.0,-1.0,-1.0,-1.0,-1.0,-1.0,-1.0,-1.0,-1.0,-1.0,-1.0,-1.0,-1.0,-1.0,-1.0,-1.0,-1.0,-1.0,-1.0,-1.0,-1.0,-1.0,-1.0,-1.0,-1.0,-1.0,-1.0,-1.0,-1.0,-1.0,-1.0,-1.0,-1.0,-1.0,-1.0,-1.0,-1.0,-1.0,-1.0,-1.0,-1.0,-1.0,-1.0,-1.0,-1.0,-1.0,-1.0,-1.0,-1.0,-1.0,-1.0,-1.0,-1.0,-1.0,-1.0,-1.0,-1.0,-1.0,-1.0,-1.0,-1.0,-1.0,-1.0,-1.0,-1.0,-1.0,-1.0
-1.0,-1.0,-1.0,-1.0,-1.0,-1.0,-1.0,-1.0,-1.0,-1.0,-1.0,-1.0,-1.0,-1.0,-1.0,-1.0,-1.0,-1.0,-1.0,-1.0,-1.0,-1.0,-1.0,-1.0,-1.0,-1.0,-1.0,-1.0,-1.0,-1.0,-1.0,-1.0,-1.0,-1.0,-1.0,-1.0,-1.0,-1.0,-1.0,-1.0,-1.0,-1.0,-1.0,-1.0,-1.0,-1.0,-1.0,-1.0,-1.0,-1.0,-1.0,-1.0,-1.0,-1.0,-1.0,-1.0,-1.0,-1.0,-1.0,-1.0,-1.0,-1.0,-1.0,-1.0,-1.0,-1.0,-1.0,-1.0,-1.0,-1.0,-1.0,-1.0,-1.0,-1.0,-1.0,-1.0,-1.0,-1.0,-1.0,-1.0,-1.0,-1.0,-1.0,-1.0,-1.0,-1.0,-1.0,-1.0,-1.0,-1.0,-1.0,-1.0,-1.0,-1.0,-1.0,-1.0,-1.0,-1.0,-1.0,-1.0,-1.0,-1.0,-1.0,-1.0,-1.0,-1.0,-1.0,-1.0,-1.0,-1.0,-1.0,-1.0,-1.0,-1.0,-1.0,-1.0,-1.0,-1.0,-1.0,-1.0,-1.0,-1.0,-1.0,-1.0,-1.0,-1.0,-1.0,-1.0,-1.0,-1.0,-1.0,-1.0,-1.0,-1.0,-1.0,-1.0,-1.0,-1.0,-1.0,-1.0,-1.0,-1.0,-1.0,-1.0,-1.0,-1.0,-1.0,-1.0,-1.0,-1.0,-1.0,-1.0,-1.0,-1.0,-1.0,-1.0,-1.0,-1.0,-1.0,-1.0,-1.0,-1.0,-1.0,-1.0,-1.0,-1.0,-1.0,-1.0,-1.0,-1.0,-1.0,-1.0,-1.0,-1.0,-1.0,-1.0,-1.0,-1.0,-1.0,-1.0,-1.0,-1.0,-1.0,-1.0,-1.0,-1.0,-1.0,-1.0,-1.0,-1.0,-1.0,-1.0,-1.0,-1.0,-1.0,-1.0,-1.0,-1.0,-1.0,-1.0,-1.0,-1.0,-1.0,-1.0,-1.0,-1.0,-1.0,-1.0,-1.0,-1.0,-1.0,-1.0,-1.0,-1.0,-1.0,-1.0,-1.0,-1.0,-1.0,-1.0,-1.0,-1.0,-1.0,-1.0,-1.0,-1.0,-1.0,-1.0,-1.0,-1.0,-1.0,-1.0,-1.0,-1.0,-1.0,-1.0,-1.0,-1.0,-1.0,-1.0,-1.0,-1.0,-1.0,-1.0,-1.0,-1.0,-1.0,-1.0,-1.0,-1.0,-1.0,-1.0,-1.0,-1.0,-1.0,-1.0,-1.0,-1.0,-1.0,-1.0,-1.0,-1.0,-1.0,-1.0,-1.0,-1.0,-1.0,-1.0,-1.0,-1.0,-1.0,-1.0,-1.0,-1.0,-1.0,-1.0,-1.0,-1.0,-1.0,-1.0,-1.0,-1.0,-1.0,-1.0,-1.0,-1.0,-1.0,-1.0,-1.0,-1.0,-1.0,-1.0,-1.0,-1.0,-1.0,-1.0,-1.0,-1.0,-1.0,-1.0,-1.0,-1.0,-1.0,-1.0,-1.0,-1.0,-1.0,-1.0,-1.0,-1.0,-1.0,-1.0,-1.0,-1.0,-1.0,-1.0,-1.0,-1.0,-1.0,-1.0,-1.0,-1.0,-1.0,-1.0,-1.0,-1.0,-1.0,-1.0
-1.0,-1.0,-1.0,-1.0,-1.0,-1.0,-1.0,-1.0,-1.0,-1.0,-1.0,-1.0,-1.0,-1.0,-1.0,-1.0,-1.0,-1.0,-1.0,-1.0,-1.0,-1.0,-1.0,-1.0,-1.0,-1.0,-1.0,-1.0,-1.0,-1.0,-1.0,-1.0,-1.0,-1.0,-1.0,-1.0,-1.0,-1.0,-1.0,-1.0,-1.0,-1.0,-1.0,-1.0,-1.0,-1.0,-1.0,-1.0,-1.0,-1.0,-1.0,-1.0,-1.0,-1.0,-1.0,-1.0,-1.0,-1.0,-1.0,-1.0,-1.0,-1.0,-1.0,-1.0,-1.0,-1.0,-1.0,-1.0,-1.0,-1.0,-1.0,-1.0,-1.0,-1.0,-1.0,-1.0,-1.0,-1.0,-1.0,-1.0,-1.0,-1.0,-1.0,-1.0,-1.0,-1.0,-1.0,-1.0,-1.0,-1.0,-1.0,-1.0,-1.0,-1.0,-1.0,-1.0,-1.0,-1.0,-1.0,-1.0,-1.0,-1.0,-1.0,-1.0,-1.0,-1.0,-1.0,-1.0,-1.0,-1.0,-1.0,-1.0,-1.0,-1.0,-1.0,-1.0,-1.0,-1.0,-1.0,-1.0,-1.0,-1.0,-1.0,-1.0,-1.0,-1.0,-1.0,-1.0,-1.0,-1.0,-1.0,-1.0,-1.0,-1.0,-1.0,-1.0,-1.0,-1.0,-1.0,-1.0,-1.0,-1.0,-1.0,-1.0,-1.0,-1.0,-1.0,-1.0,-1.0,-1.0,-1.0,-1.0,-1.0,-1.0,-1.0,-1.0,-1.0,-1.0,-1.0,-1.0,-1.0,-1.0,-1.0,-1.0,-1.0,-1.0,-1.0,-1.0,-1.0,-1.0,-1.0,-1.0,-1.0,-1.0,-1.0,-1.0,-1.0,-1.0,-1.0,-1.0,-1.0,-1.0,-1.0,-1.0,-1.0,-1.0,-1.0,-1.0,-1.0,-1.0,-1.0,-1.0,-1.0,-1.0,-1.0,-1.0,-1.0,-1.0,-1.0,-1.0,-1.0,-1.0,-1.0,-1.0,-1.0,-1.0,-1.0,-1.0,-1.0,-1.0,-1.0,-1.0,-1.0,-1.0,-1.0,-1.0,-1.0,-1.0,-1.0,-1.0,-1.0,-1.0,-1.0,-1.0,-1.0,-1.0,-1.0,-1.0,-1.0,-1.0,-1.0,-1.0,-1.0,-1.0,-1.0,-1.0,-1.0,-1.0,-1.0,-1.0,-1.0,-1.0,-1.0,-1.0,-1.0,-1.0,-1.0,-1.0,-1.0,-1.0,-1.0,-1.0,-1.0,-1.0,-1.0,-1.0,-1.0,-1.0,-1.0,-1.0,-1.0,-1.0,-1.0,-1.0,-1.0,-1.0,-1.0,-1.0,-1.0,-1.0,-1.0,-1.0,-1.0,-1.0,-1.0,-1.0,-1.0,-1.0,-1.0,-1.0,-1.0,-1.0,-1.0,-1.0,-1.0,-1.0,-1.0,-1.0,-1.0,-1.0,-1.0,-1.0,-1.0,-1.0,-1.0,-1.0,-1.0,-1.0,-1.0,-1.0,-1.0,-1.0,-1.0,-1.0,-1.0,-1.0,-1.0,-1.0,-1.0,-1.0,-1.0,-1.0,-1.0,-1.0,-1.0,-1.0,-1.0,-1.0,-1.0,-1.0,-1.0,-1.0,-1.0,-1.0,-1.0,-1.0,-1.0,-1.0
-1.0,-1.0,-1.0,-1.0,-1.0,-1.0,-1.0,-1.0,-1.0,-1.0,-1.0,-1.0,-1.0,-1.0,-1.0,-1.0,-1.0,-1.0,-1.0,-1.0,-1.0,-1.0,-1.0,-1.0,-1.0,-1.0,-1.0,-1.0,-1.0,-1.0,-1.0,-1.0,-1.0,-1.0,-1.0,-1.0,-1.0,-1.0,-1.0,-1.0,-1.0,-1.0,-1.0,-1.0,-1.0,-1.0,-1.0,-1.0,-1.0,-1.0,-1.0,-1.0,-1.0,-1.0,-1.0,-1.0,-1.0,-1.0,-1.0,-1.0,-1.0,-1.0,-1.0,-1.0,-1.0,-1.0,-1.0,-1.0,-1.0,-1.0,-1.0,-1.0,-1.0,-1.0,-1.0,-1.0,-1.0,-1.0,-1.0,-1.0,-1.0,-1.0,-1.0,-1.0,-1.0,-1.0,-1.0,-1.0,-1.0,-1.0,-1.0,-1.0,-1.0,-1.0,-1.0,-1.0,-1.0,-1.0,-1.0,-1.0,-1.0,-1.0,-1.0,-1.0,-1.0,-1.0,-1.0,-1.0,-1.0,-1.0,-1.0,-1.0,-1.0,-1.0,-1.0,-1.0,-1.0,-1.0,-1.0,-1.0,-1.0,-1.0,-1.0,-1.0,-1.0,-1.0,1.0,-1.0,-1.0,-1.0,-1.0,-1.0,-1.0,-1.0,-1.0,-1.0,-1.0,-1.0,-1.0,-1.0,-1.0,-1.0,-1.0,-1.0,-1.0,-1.0,-1.0,-1.0,-1.0,-1.0,-1.0,-1.0,-1.0,-1.0,-1.0,-1.0,-1.0,-1.0,-1.0,-1.0,-1.0,-1.0,-1.0,-1.0,-1.0,-1.0,-1.0,-1.0,-1.0,-1.0,-1.0,-1.0,-1.0,-1.0,-1.0,-1.0,-1.0,-1.0,-1.0,-1.0,-1.0,-1.0,-1.0,-1.0,-1.0,-1.0,-1.0,-1.0,-1.0,-1.0,-1.0,-1.0,-1.0,-1.0,-1.0,-1.0,-1.0,-1.0,-1.0,-1.0,-1.0,-1.0,-1.0,-1.0,-1.0,-1.0,-1.0,-1.0,-1.0,-1.0,-1.0,-1.0,-1.0,-1.0,-1.0,-1.0,-1.0,-1.0,-1.0,-1.0,-1.0,-1.0,-1.0,-1.0,-1.0,-1.0,-1.0,-1.0,-1.0,-1.0,-1.0,-1.0,-1.0,-1.0,-1.0,-1.0,-1.0,-1.0,-1.0,-1.0,-1.0,-1.0,-1.0,-1.0,-1.0,-1.0,-1.0,-1.0,-1.0,-1.0,-1.0,-1.0,-1.0,-1.0,-1.0,-1.0,-1.0,-1.0,-1.0,-1.0,-1.0,-1.0,-1.0,-1.0,-1.0,-1.0,-1.0,-1.0,-1.0,-1.0,-1.0,-1.0,-1.0,-1.0,-1.0,-1.0,-1.0,-1.0,-1.0,-1.0,-1.0,-1.0,-1.0,-1.0,-1.0,-1.0,-1.0,-1.0,-1.0,-1.0,-1.0,-1.0,-1.0,-1.0,-1.0,-1.0,-1.0,-1.0,-1.0,-1.0,-1.0,-1.0,-1.0,-1.0,-1.0,-1.0,-1.0,-1.0,-1.0,-1.0,-1.0,-1.0,-1.0,-1.0,-1.0,-1.0,-1.0,-1.0,-1.0,-1.0,-1.0,-1.0,-1.0,-1.0,-1.0,-1.0,-1.0,-1.0
-1.0,-1.0,-1.0,-1.0,-1.0,-1.0,-1.0,-1.0,-1.0,-1.0,-1.0,-1.0,-1.0,-1.0,-1.0,-1.0,-1.0,-1.0,-1.0,-1.0,-1.0,-1.0,-1.0,-1.0,-1.0,-1.0,-1.0,-1.0,-1.0,-1.0,-1.0,-1.0,-1.0,-1.0,-1.0,-1.0,-1.0,-1.0,-1.0,-1.0,-1.0,-1.0,-1.0,-1.0,-1.0,-1.0,-1.0,-1.0,-1.0,-1.0,-1.0,-1.0,-1.0,-1.0,-1.0,-1.0,-1.0,-1.0,-1.0,-1.0,-1.0,-1.0,-1.0,-1.0,-1.0,-1.0,-1.0,-1.0,-1.0,-1.0,-1.0,-1.0,-1.0,-1.0,-1.0,-1.0,-1.0,-1.0,-1.0,-1.0,-1.0,-1.0,-1.0,-1.0,-1.0,-1.0,-1.0,-1.0,-1.0,-1.0,-1.0,-1.0,-1.0,-1.0,-1.0,-1.0,-1.0,-1.0,-1.0,-1.0,-1.0,-1.0,-1.0,-1.0,-1.0,-1.0,-1.0,-1.0,-1.0,-1.0,-1.0,-1.0,-1.0,-1.0,-1.0,-1.0,-1.0,-1.0,-1.0,-1.0,-1.0,-1.0,-1.0,-1.0,-1.0,-1.0,-1.0,-1.0,-1.0,-1.0,-1.0,-1.0,-1.0,-1.0,-1.0,-1.0,-1.0,-1.0,-1.0,-1.0,-1.0,-1.0,-1.0,-1.0,-1.0,-1.0,-1.0,-1.0,-1.0,-1.0,-1.0,-1.0,-1.0,-1.0,-1.0,-1.0,1.0,-1.0,-1.0,-1.0,-1.0,-1.0,-1.0,-1.0,-1.0,-1.0,-1.0,-1.0,-1.0,-1.0,-1.0,-1.0,-1.0,-1.0,-1.0,-1.0,-1.0,-1.0,1.0,-1.0,-1.0,-1.0,-1.0,-1.0,-1.0,-1.0,-1.0,-1.0,-1.0,-1.0,-1.0,-1.0,-1.0,-1.0,-1.0,-1.0,-1.0,-1.0,-1.0,-1.0,-1.0,-1.0,-1.0,-1.0,-1.0,-1.0,-1.0,-1.0,-1.0,-1.0,-1.0,-1.0,-1.0,-1.0,-1.0,-1.0,-1.0,-1.0,-1.0,-1.0,-1.0,-1.0,-1.0,-1.0,-1.0,-1.0,-1.0,-1.0,-1.0,-1.0,-1.0,-1.0,-1.0,-1.0,-1.0,-1.0,-1.0,-1.0,-1.0,-1.0,-1.0,-1.0,-1.0,-1.0,-1.0,-1.0,-1.0,-1.0,-1.0,-1.0,-1.0,-1.0,-1.0,-1.0,-1.0,-1.0,-1.0,-1.0,-1.0,-1.0,-1.0,-1.0,-1.0,-1.0,-1.0,-1.0,-1.0,-1.0,-1.0,-1.0,-1.0,-1.0,-1.0,-1.0,-1.0,-1.0,-1.0,-1.0,-1.0,-1.0,-1.0,-1.0,-1.0,-1.0,-1.0,-1.0,-1.0,-1.0,-1.0,-1.0,-1.0,-1.0,-1.0,-1.0,-1.0,-1.0,-1.0,-1.0,-1.0,-1.0,-1.0,-1.0,-1.0,-1.0,-1.0,-1.0,-1.0,-1.0,-1.0,-1.0,-1.0,-1.0,-1.0,-1.0,-1.0,-1.0,-1.0,-1.0,-1.0,-1.0,-1.0,-1.0,-1.0,-1.0,-1.0,-1.0,-1.0,-1.0
