-1.0,-1.0,-1.0,1.0,-1.0,1.0,-1.0,1.0,-1.0,-1.0,-1.0,-1.0,-1.0,-1.0,-1.0,-1.0,-1.0,-1.0,-1.0,-1.0,-1.0,1.0,1.0,1.0,1.0,1.0,1.0,1.0,1.0,1.0,1.0,1.0,1.0,1.0,1.0,1.0,1.0,1.0,-1.0,1.0,1.0,1.0,1.0,1.0,1.0,1.0,1.0,1.0,1.0,1.0,1.0,1.0,1.0,1.0,1.0,1.0,-1.0,-1.0,-1.0,1.0,1.0,-1.0,-1.0,1.0,-1.0,-1.0,1.0,-1.0,1.0,-1.0,-1.0,-1.0,-1.0,-1.0,-1.0,-1.0,1.0,1.0,1.0,-1.0,-1.0,-1.0,-1.0,-1.0,-1.0,-1.0,-1.0,-1.0,-1.0,-1.0,-1.0,-1.0,-1.0,1.0,1.0,1.0,-1.0,-1.0,-1.0,-1.0,-1.0,-1.0,-1.0,-1.0,-1.0,-1.0,-1.0,-1.0,-1.0,-1.0,-1.0,1.0,1.0,1.0,-1.0,-1.0,-1.0,-1.0,-1.0,-1.0,-1.0,-1.0,-1.0,-1.0,1.0,-1.0,-1.0,-1.0,-1.0,-1.0,1.0,1.0,1.0,-1.0,-1.0,-1.0,1.0,1.0,1.0,-1.0,1.0,1.0,1.0,-1.0,-1.0,-1.0,-1.0,1.0,1.0,1.0,-1.0,-1.0,-1.0,-1.0,-1.0,-1.0,1.0,1.0,-1.0,-1.0,-1.0,-1.0,-1.0,-1.0,-1.0,-1.0,-1.0,1.0,-1.0,-1.0,-1.0,1.0,-1.0,-1.0,1.0,-1.0,-1.0,-1.0,-1.0,1.0,-1.0,-1.0,-1.0,-1.0,-1.0,-1.0,1.0,-1.0,-1.0,1.0,-1.0,1.0,1.0,1.0,-1.0,1.0,-1.0,-1.0,1.0,-1.0,1.0,1.0,-1.0,-1.0,1.0,1.0,1.0,-1.0,-1.0,-1.0,-1.0,-1.0,-1.0,-1.0,-1.0,-1.0,-1.0,1.0,-1.0,-1.0,-1.0,-1.0,1.0,-1.0,1.0,-1.0,-1.0
-1.0,-1.0,-1.0,-1.0,-1.0,-1.0,-1.0,-1.0,-1.0,-1.0,-1.0,-1.0,-1.0,-1.0,-1.0,-1.0,-1.0,-1.0,-1.0,-1.0,-1.0,-1.0,-1.0,-1.0,-1.0,-1.0,-1.0,-1.0,-1.0,-1.0,-1.0,-1.0,-1.0,-1.0,-1.0,-1.0,-1.0,-1.0,-1.0,-1.0,-1.0,-1.0,-1.0,-1.0,-1.0,-1.0,-1.0,-1.0,-1.0,-1.0,-1.0,-1.0,-1.0,-1.0,-1.0,-1.0,-1.0,-1.0,-1.0,-1.0,-1.0,-1.0,-1.0,-1.0,-1.0,-1.0,-1.0,-1.0,-1.0,-1.0,-1.0,-1.0,-1.0,-1.0,-1.0,-1.0,-1.0,-1.0,-1.0,-1.0,-1.0,-1.0,-1.0,-1.0,-1.0,-1.0,-1.0,-1.0,-1.0,-1.0,-1.0,-1.0,-1.0,-1.0,-1.0,-1.0,-1.0,-1.0,-1.0,-1.0,-1.0,-1.0,-1.0,-1.0,-1.0,-1.0,-1.0,-1.0,-1.0,-1.0,-1.0,-1.0,-1.0,-1.0,-1.0,-1.0,-1.0,-1.0,-1.0,-1.0,-1.0,-1.0,-1.0,-1.0,-1.0,-1.0,-1.0,-1.0,-1.0,-1.0,-1.0,-1.0,-1.0,-1.0,-1.0,-1.0,-1.0,-1.0,-1.0,-1.0,-1.0,-1.0,-1.0,-1.0,-1.0,-1.0,-1.0,-1.0,-1.0,-1.0,-1.0,-1.0,-1.0,-1.0,-1.0,-1.0,-1.0,-1.0,-1.0,-1.0,-1.0,-1.0,-1.0,-1.0,-1.0,-1.0,-1.0,-1.0,-1.0,-1.0,-1.0,-1.0,-1.0,-1.0,-1.0,-1.0,-1.0,-1.0,-1.0,-1.0,-1.0,-1.0,-1.0,-1.0,-1.0,-1.0,-1.0,-1.0,-1.0,-1.0,-1.0,-1.0,-1.0,-1.0,-1.0,-1.0,-1.0,-1.0,-1.0,-1.0,-1.0,-1.0,-1.0,-1.0,-1.0,-1.0,-1.0,-1.0,-1.0,-1.0,-1.0,-1.0,-1.0,-1.0,-1.0,-1.0,-1.0,-1.0,-1.0,-1.0,-1.0,-1.0,-1.0,-1.0,-1.0,-1.0,-1.0
0.0,0.0,0.0,0.0,0.0,0.0,0.0,0.0,0.0,0.0,0.0,0.0,0.0,0.0,0.0,0.0,0.0,0.0,0.0,0.0,0.0,0.0,0.0,0.0,0.0,0.0,0.0,0.0,0.0,0.0,0.0,0.0,0.0,0.0,0.0,0.0,0.0,0.0,0.0,0.0,0.0,0.0,0.0,0.0,0.0,0.0,0.0,0.0,0.0,0.0,0.0,0.0,0.0,0.0,0.0,0.0,0.0,0.0,0.0,0.0,0.0,0.0,0.0,0.0,0.0,0.0,0.0,0.0,0.0,0.0,0.0,0.0,0.0,0.0,0.0,0.0,0.0,0.0,0.0,0.0,0.0,0.0,0.0,0.0,0.0,0.0,0.0,0.0,0.0,0.0,0.0,0.0,0.0,0.0,0.0,0.0,0.0,0.0,0.0,0.0,0.0,0.0,0.0,0.0,0.0,0.0,0.0,0.0,0.0,0.0,0.0,0.0,0.0,0.0,0.0,0.0,0.0,0.0,0.0,0.0,0.0,0.0,0.0,0.0,0.0,0.0,0.0,0.0,0.0,0.0,0.0,0.0,0.0,0.0,0.0,0.0,0.0,0.0,0.0,0.0,0.0,0.0,0.0,0.0,0.0,0.0,0.0,0.0,0.0,0.0,0.0,0.0,0.0,0.0,0.0,0.0,0.0,0.0,0.0,0.0,0.0,0.0,0.0,0.0,0.0,0.0,0.0,0.0,0.0,0.0,0.0,0.0,0.0,0.0,0.0,0.0,0.0,0.0,0.0,0.0,0.0,0.0,0.0,0.0,0.0,0.0,0.0,0.0,0.0,0.0,0.0,0.0,0.0,0.0,0.0,0.0,0.0,0.0,0.0,0.0,0.0,0.0,0.0,0.0,0.0,0.0,0.0,0.0,0.0,0.0,0.0,0.0,0.0,0.0,0.0,0.0,0.0,0.0,0.0,0.0,0.0,0.0,0.0,0.0,0.0,0.0,0.0
0.30918791307372295,0.30918791307372295,0.30918791307372295,0.30918791307372295,0.30918791307372295,0.30918791307372295,0.30918791307372295,0.30918791307372295,0.30918791307372295,0.30918791307372295,0.30918791307372295,0.30918791307372295,0.30918791307372295,0.30918791307372295,0.30918791307372295,0.30918791307372295,0.30918791307372295,0.30918791307372295,0.30918791307372295,0.30918791307372295,0.30918791307372295,0.30918791307372295,0.30918791307372295,0.30918791307372295,0.30918791307372295,0.30918791307372295,0.30918791307372295,0.30918791307372295,0.30918791307372295,0.30918791307372295,0.30918791307372295,0.30918791307372295,0.30918791307372295,0.30918791307372295,0.30918791307372295,0.30918791307372295,0.30918791307372295,0.30918791307372295,0.30918791307372295,0.30918791307372295,0.30918791307372295,0.30918791307372295,0.30918791307372295,0.30918791307372295,0.30918791307372295,0.30918791307372295,0.30918791307372295,0.30918791307372295,0.30918791307372295,0.30918791307372295,0.30918791307372295,0.30918791307372295,0.30918791307372295,0.30918791307372295,0.30918791307372295,0.30918791307372295,-3.234513096367228,0.30918791307372295,0.30918791307372295,0.30918791307372295,0.30918791307372295,0.30918791307372295,0.30918791307372295,0.30918791307372295,0.30918791307372295,0.30918791307372295,0.30918791307372295,0.30918791307372295,0.30918791307372295,0.30918791307372295,0.30918791307372295,0.30918791307372295,0.30918791307372295,0.30918791307372295,0.30918791307372295,0.30918791307372295,-3.234513096367228,0.30918791307372295,-3.234513096367228,0.30918791307372295,0.30918791307372295,0.30918791307372295,0.30918791307372295,0.30918791307372295,0.30918791307372295,0.30918791307372295,0.30918791307372295,0.30918791307372295,0.30918791307372295,0.30918791307372295,0.30918791307372295,0.30918791307372295,0.30918791307372295,-3.234513096367228,0.30918791307372295,-3.234513096367228,0.30918791307372295,0.30918791307372295,0.30918791307372295,0.30918791307372295,0.30918791307372295,0.30918791307372295,0.30918791307372295,0.30918791307372295,0.30918791307372295,0.30918791307372295,0.30918791307372295,0.30918791307372295,0.30918791307372295,0.30918791307372295,0.30918791307372295,-3.234513096367228,0.30918791307372295,-3.234513096367228,0.30918791307372295,0.30918791307372295,0.30918791307372295,-3.234513096367228,0.30918791307372295,0.30918791307372295,0.30918791307372295,0.30918791307372295,0.30918791307372295,0.30918791307372295,0.30918791307372295,0.30918791307372295,0.30918791307372295,0.30918791307372295,0.30918791307372295,0.30918791307372295,-3.234513096367228,0.30918791307372295,-3.234513096367228,0.30918791307372295,0.30918791307372295,0.30918791307372295,-3.234513096367228,0.30918791307372295,-3.234513096367228,0.30918791307372295,-3.234513096367228,0.30918791307372295,-3.234513096367228,0.30918791307372295,0.30918791307372295,0.30918791307372295,-3.234513096367228,-3.234513096367228,0.30918791307372295,-3.234513096367228,0.30918791307372295,0.30918791307372295,0.30918791307372295,0.30918791307372295,0.30918791307372295,0.30918791307372295,0.30918791307372295,0.30918791307372295,0.30918791307372295,0.30918791307372295,0.30918791307372295,0.30918791307372295,0.30918791307372295,0.30918791307372295,0.30918791307372295,0.30918791307372295,0.30918791307372295,0.30918791307372295,0.30918791307372295,0.30918791307372295,0.30918791307372295,0.30918791307372295,0.30918791307372295,0.30918791307372295,0.30918791307372295,0.30918791307372295,0.30918791307372295,0.30918791307372295,0.30918791307372295,0.30918791307372295,0.30918791307372295,0.30918791307372295,-3.234513096367228,0.30918791307372295,0.30918791307372295,0.30918791307372295,0.30918791307372295,0.30918791307372295,0.30918791307372295,0.30918791307372295,0.30918791307372295,0.30918791307372295,0.30918791307372295,0.30918791307372295,0.30918791307372295,0.30918791307372295,0.30918791307372295,0.30918791307372295,0.30918791307372295,0.30918791307372295,0.30918791307372295,0.30918791307372295,0.30918791307372295,0.30918791307372295,0.30918791307372295,0.30918791307372295,0.30918791307372295,0.30918791307372295,0.30918791307372295,0.30918791307372295,0.30918791307372295,0.30918791307372295,0.30918791307372295,0.30918791307372295,0.30918791307372295,0.30918791307372295,0.30918791307372295,0.30918791307372295,0.30918791307372295,0.30918791307372295,0.30918791307372295,0.30918791307372295,0.30918791307372295,0.30918791307372295,0.30918791307372295,0.30918791307372295,0.30918791307372295
-0.10149845550216545,-0.6767243314855225,1.6526141078838175,-0.6767243314855225,-0.10149845550216545,-0.6767243314855225,-1.2519502074688795,-0.3402387645907802,0.23498711139257678,-0.6767243314855225,-0.6767243314855225,0.7380043757662827,-0.6767243314855225,-0.6767243314855225,-0.3402387645907802,0.08368291488307082,-0.6767243314855225,-0.6767243314855225,-0.6767243314855225,-1.2519502074688795,-0.3402387645907802,-0.6767243314855225,-1.2519502074688795,-0.6767243314855225,-0.6767243314855225,-0.6767243314855225,-0.6767243314855225,-1.2519502074688795,-1.2519502074688795,-1.2519502074688795,-0.6767243314855225,-1.2519502074688795,-0.6767243314855225,-1.2519502074688795,-1.2519502074688795,-0.6767243314855225,-1.2519502074688795,-0.6767243314855225,-1.2519502074688795,-0.6767243314855225,-1.2519502074688795,-0.6767243314855225,-0.6767243314855225,-0.6767243314855225,-0.6767243314855225,-1.2519502074688795,-1.2519502074688795,-1.2519502074688795,-0.6767243314855225,-1.2519502074688795,-0.6767243314855225,-1.2519502074688795,-1.2519502074688795,-0.6767243314855225,-1.2519502074688795,-0.6767243314855225,0.0,0.7380043757662827,0.9381388627512518,-1.2519502074688795,-0.6767243314855225,-1.2519502074688795,0.23498711139257678,-0.3402387645907802,-0.10149845550216545,-0.10149845550216545,-1.2519502074688795,-0.3402387645907802,-1.2519502074688795,-0.10149845550216545,0.7380043757662827,-1.2519502074688795,-1.2519502074688795,-1.2519502074688795,-1.2519502074688795,-0.3402387645907802,0.0,-1.2519502074688795,0.0,-0.3402387645907802,-0.10149845550216545,1.4831841211654184,0.23498711139257678,0.810212987375934,-0.6767243314855225,1.350119681269004,-0.10149845550216545,1.6497158186443819,1.6526141078838175,1.6526141078838175,-0.6767243314855225,-0.10149845550216545,-0.3402387645907802,0.0,-1.2519502074688795,0.0,0.36291298676789485,0.08368291488307082,-0.10149845550216545,0.9381388627512518,0.08368291488307082,0.4737274204811915,1.4831841211654184,1.6241791724479058,0.08368291488307082,1.6526141078838175,-0.10149845550216545,-1.2519502074688795,1.6526141078838175,0.8766384709224371,-0.3402387645907802,0.0,-1.2519502074688795,0.0,1.4831841211654184,1.6526141078838175,-0.10149845550216545,0.0,1.274624429645994,-1.2519502074688795,1.0489532964645487,1.513364738734609,1.1915676175655106,0.7380043757662827,-1.2519502074688795,1.6526141078838175,-0.6767243314855225,0.810212987375934,0.36291298676789485,1.6526141078838175,0.0,-1.2519502074688795,0.0,0.5714726782873192,-0.3402387645907802,1.6526141078838175,0.0,-1.2519502074688795,0.0,1.6526141078838175,0.0,-1.2519502074688795,0.0,1.6526141078838175,1.6526141078838175,0.08368291488307082,0.0,0.0,-1.2519502074688795,0.0,1.234134666849785,-0.6767243314855225,1.1915676175655106,1.0489532964645487,-0.3402387645907802,-0.6767243314855225,0.9381388627512518,0.8766384709224371,-0.10149845550216545,0.23498711139257678,0.8766384709224371,0.810212987375934,-0.6767243314855225,0.9381388627512518,0.7380043757662827,0.7380043757662827,0.4737274204811915,0.810212987375934,0.8766384709224371,0.9953943577611701,1.0992641859387686,0.8766384709224371,0.9953943577611701,0.08368291488307082,-0.6767243314855225,-1.2519502074688795,-1.2519502074688795,-0.6767243314855225,0.36291298676789485,-0.6767243314855225,0.9953943577611701,-0.6767243314855225,0.0,-1.2519502074688795,-0.6767243314855225,0.8766384709224371,-1.2519502074688795,-0.6767243314855225,0.810212987375934,-1.2519502074688795,-0.3402387645907802,0.9381388627512518,-1.2519502074688795,-0.6767243314855225,0.8766384709224371,-1.2519502074688795,-0.6767243314855225,0.8766384709224371,-1.2519502074688795,-0.6767243314855225,0.810212987375934,-1.2519502074688795,-0.6767243314855225,-1.2519502074688795,-0.3402387645907802,-0.6767243314855225,-0.6767243314855225,-0.6767243314855225,-0.6767243314855225,-1.2519502074688795,-0.6767243314855225,-1.2519502074688795,-0.10149845550216545,-1.2519502074688795,-0.6767243314855225,0.08368291488307082,-0.10149845550216545,-0.6767243314855225,-0.3402387645907802,-0.3402387645907802,-0.3402387645907802,-1.2519502074688795,-0.6767243314855225,-0.10149845550216545,-0.3402387645907802,-1.2519502074688795,-1.2519502074688795
-0.4775130935520587,0.5719650796632643,0.04722599305560278,0.5719650796632643,-0.4775130935520587,0.5719650796632643,-1.0022521801597202,-1.0022521801597202,0.04722599305560278,0.04722599305560278,-1.0022521801597202,0.04722599305560278,-1.0022521801597202,0.04722599305560278,0.04722599305560278,-1.0022521801597202,-1.0022521801597202,-1.0022521801597202,0.04722599305560278,0.5719650796632643,-1.0022521801597202,0.04722599305560278,0.5719650796632643,-0.4775130935520587,0.5719650796632643,0.5719650796632643,0.04722599305560278,1.6214432528785871,0.04722599305560278,2.6709214260939103,1.0967041662709258,1.0967041662709258,0.5719650796632643,0.04722599305560278,2.6709214260939103,1.6214432528785871,2.6709214260939103,1.0967041662709258,-0.4775130935520587,0.04722599305560278,0.5719650796632643,-0.4775130935520587,0.5719650796632643,0.5719650796632643,0.04722599305560278,1.6214432528785871,0.04722599305560278,2.6709214260939103,1.0967041662709258,1.0967041662709258,0.5719650796632643,0.04722599305560278,2.6709214260939103,1.6214432528785871,2.6709214260939103,1.0967041662709258,-1.0,-0.4775130935520587,0.04722599305560278,-1.0022521801597202,0.5719650796632643,0.04722599305560278,-1.0022521801597202,-0.4775130935520587,-0.4775130935520587,-0.4775130935520587,0.04722599305560278,0.04722599305560278,0.04722599305560278,0.04722599305560278,-0.4775130935520587,0.5719650796632643,0.5719650796632643,2.1461823394862485,0.04722599305560278,0.04722599305560278,-1.0,3.720399599309233,-1.0,-0.4775130935520587,0.04722599305560278,0.04722599305560278,0.04722599305560278,0.04722599305560278,1.6214432528785871,0.04722599305560278,-0.4775130935520587,0.04722599305560278,-0.4775130935520587,-0.4775130935520587,-0.4775130935520587,-0.4775130935520587,0.5719650796632643,-1.0,3.720399599309233,-1.0,0.5719650796632643,-1.0022521801597202,0.5719650796632643,0.04722599305560278,0.04722599305560278,-0.4775130935520587,0.5719650796632643,0.04722599305560278,-1.0022521801597202,0.5719650796632643,0.04722599305560278,1.0967041662709258,0.04722599305560278,-0.4775130935520587,-0.4775130935520587,-1.0,3.720399599309233,-1.0,-0.4775130935520587,0.04722599305560278,0.04722599305560278,-1.0,0.5719650796632643,-1.0022521801597202,-0.4775130935520587,-0.4775130935520587,0.04722599305560278,0.04722599305560278,-1.0022521801597202,-0.4775130935520587,1.0967041662709258,0.04722599305560278,-0.4775130935520587,-0.4775130935520587,-1.0,-1.0022521801597202,-1.0,0.04722599305560278,-0.4775130935520587,-0.4775130935520587,-1.0,-1.0022521801597202,-1.0,-0.4775130935520587,-1.0,-1.0022521801597202,-1.0,-0.4775130935520587,0.04722599305560278,1.0967041662709258,-1.0,-1.0,-1.0022521801597202,-1.0,-0.4775130935520587,0.5719650796632643,0.04722599305560278,-1.0022521801597202,-1.0022521801597202,0.5719650796632643,-0.4775130935520587,-0.4775130935520587,-0.4775130935520587,0.04722599305560278,0.04722599305560278,-0.4775130935520587,-0.4775130935520587,-1.0022521801597202,-1.0022521801597202,-0.4775130935520587,0.04722599305560278,-0.4775130935520587,-1.0022521801597202,-1.0022521801597202,-0.4775130935520587,-0.4775130935520587,-0.4775130935520587,-0.4775130935520587,0.5719650796632643,0.04722599305560278,1.6214432528785871,-1.0022521801597202,-1.0022521801597202,0.5719650796632643,-0.4775130935520587,1.0967041662709258,-1.0,2.1461823394862485,-0.4775130935520587,0.5719650796632643,-1.0022521801597202,1.0967041662709258,0.04722599305560278,-1.0022521801597202,-1.0022521801597202,-0.4775130935520587,-1.0022521801597202,0.5719650796632643,0.04722599305560278,-1.0022521801597202,0.5719650796632643,0.04722599305560278,-1.0022521801597202,1.0967041662709258,-0.4775130935520587,-1.0022521801597202,1.0967041662709258,0.5719650796632643,-1.0022521801597202,0.5719650796632643,0.5719650796632643,3.720399599309233,0.5719650796632643,4.245138685916894,1.0967041662709258,1.0967041662709258,-1.0022521801597202,1.6214432528785871,-1.0022521801597202,-1.0022521801597202,1.0967041662709258,-0.4775130935520587,-0.4775130935520587,0.04722599305560278,-0.4775130935520587,-0.4775130935520587,-0.4775130935520587,0.04722599305560278,-0.4775130935520587,1.0967041662709258,1.6214432528785871
1.0,-1.0,1.0,-1.0,1.0,-1.0,-1.0,1.0,1.0,-1.0,-1.0,1.0,-1.0,-1.0,-1.0,1.0,-1.0,-1.0,-1.0,-1.0,-1.0,-1.0,-1.0,-1.0,-1.0,-1.0,-1.0,-1.0,-1.0,-1.0,-1.0,-1.0,-1.0,-1.0,-1.0,-1.0,-1.0,-1.0,-1.0,-1.0,-1.0,-1.0,-1.0,-1.0,-1.0,-1.0,-1.0,-1.0,-1.0,-1.0,-1.0,-1.0,-1.0,-1.0,-1.0,-1.0,-1.0,1.0,1.0,-1.0,-1.0,-1.0,-1.0,1.0,1.0,1.0,-1.0,-1.0,-1.0,1.0,1.0,-1.0,-1.0,-1.0,-1.0,1.0,-1.0,-1.0,-1.0,1.0,1.0,1.0,1.0,1.0,-1.0,1.0,1.0,1.0,1.0,1.0,1.0,1.0,1.0,-1.0,-1.0,-1.0,1.0,1.0,1.0,1.0,1.0,1.0,1.0,1.0,1.0,1.0,1.0,-1.0,1.0,1.0,-1.0,-1.0,-1.0,-1.0,1.0,1.0,-1.0,-1.0,1.0,-1.0,1.0,1.0,1.0,1.0,-1.0,1.0,-1.0,1.0,1.0,1.0,-1.0,-1.0,-1.0,1.0,-1.0,1.0,-1.0,-1.0,-1.0,1.0,-1.0,-1.0,-1.0,1.0,1.0,1.0,-1.0,-1.0,-1.0,-1.0,1.0,-1.0,1.0,1.0,-1.0,-1.0,1.0,1.0,-1.0,1.0,1.0,1.0,-1.0,1.0,1.0,1.0,1.0,1.0,1.0,1.0,1.0,1.0,1.0,1.0,-1.0,-1.0,-1.0,-1.0,1.0,-1.0,1.0,-1.0,-1.0,-1.0,-1.0,1.0,-1.0,-1.0,1.0,-1.0,-1.0,1.0,-1.0,-1.0,1.0,-1.0,-1.0,1.0,-1.0,-1.0,1.0,-1.0,-1.0,-1.0,1.0,-1.0,-1.0,-1.0,-1.0,-1.0,-1.0,-1.0,1.0,-1.0,-1.0,1.0,-1.0,-1.0,-1.0,1.0,-1.0,-1.0,-1.0,-1.0,1.0,-1.0,-1.0
1.0,-1.0,-1.0,-1.0,-1.0,-1.0,-1.0,-1.0,-1.0,-1.0,-1.0,-1.0,-1.0,-1.0,-1.0,-1.0,-1.0,-1.0,-1.0,-1.0,-1.0,-1.0,-1.0,-1.0,-1.0,-1.0,-1.0,-1.0,-1.0,-1.0,-1.0,-1.0,-1.0,-1.0,-1.0,-1.0,-1.0,-1.0,-1.0,-1.0,-1.0,-1.0,-1.0,-1.0,-1.0,-1.0,-1.0,-1.0,-1.0,-1.0,-1.0,-1.0,-1.0,-1.0,-1.0,-1.0,-1.0,-1.0,-1.0,-1.0,1.0,-1.0,-1.0,-1.0,-1.0,-1.0,-1.0,-1.0,-1.0,-1.0,-1.0,-1.0,-1.0,-1.0,-1.0,-1.0,-1.0,-1.0,-1.0,-1.0,1.0,-1.0,-1.0,-1.0,-1.0,-1.0,-1.0,-1.0,-1.0,-1.0,-1.0,-1.0,-1.0,-1.0,-1.0,-1.0,-1.0,-1.0,-1.0,-1.0,-1.0,-1.0,-1.0,-1.0,-1.0,-1.0,-1.0,-1.0,-1.0,-1.0,-1.0,-1.0,-1.0,-1.0,-1.0,-1.0,-1.0,-1.0,-1.0,-1.0,-1.0,-1.0,-1.0,-1.0,-1.0,-1.0,-1.0,-1.0,-1.0,-1.0,-1.0,-1.0,-1.0,-1.0,-1.0,-1.0,-1.0,-1.0,-1.0,-1.0,-1.0,-1.0,-1.0,-1.0,-1.0,-1.0,-1.0,-1.0,-1.0,-1.0,-1.0,-1.0,-1.0,-1.0,-1.0,-1.0,-1.0,-1.0,-1.0,-1.0,-1.0,-1.0,-1.0,-1.0,-1.0,-1.0,-1.0,-1.0,-1.0,-1.0,-1.0,-1.0,-1.0,-1.0,-1.0,-1.0,-1.0,-1.0,-1.0,-1.0,-1.0,-1.0,-1.0,-1.0,-1.0,-1.0,-1.0,1.0,-1.0,-1.0,1.0,-1.0,-1.0,1.0,-1.0,-1.0,1.0,-1.0,-1.0,1.0,-1.0,-1.0,1.0,-1.0,-1.0,-1.0,-1.0,-1.0,-1.0,-1.0,-1.0,-1.0,-1.0,-1.0,-1.0,-1.0,-1.0,1.0,1.0,-1.0,1.0,-1.0,1.0,-1.0,-1.0,-1.0,-1.0
-1.0,-1.0,-1.0,-1.0,-1.0,-1.0,-1.0,-1.0,-1.0,-1.0,-1.0,-1.0,-1.0,-1.0,-1.0,-1.0,-1.0,-1.0,-1.0,-1.0,-1.0,-1.0,-1.0,-1.0,-1.0,-1.0,-1.0,-1.0,-1.0,-1.0,-1.0,-1.0,-1.0,-1.0,-1.0,-1.0,-1.0,-1.0,-1.0,-1.0,-1.0,-1.0,-1.0,-1.0,-1.0,-1.0,-1.0,-1.0,-1.0,-1.0,-1.0,-1.0,-1.0,-1.0,-1.0,-1.0,-1.0,-1.0,-1.0,-1.0,-1.0,-1.0,-1.0,-1.0,-1.0,-1.0,-1.0,-1.0,-1.0,-1.0,-1.0,-1.0,-1.0,-1.0,-1.0,-1.0,-1.0,-1.0,-1.0,-1.0,-1.0,-1.0,-1.0,-1.0,-1.0,-1.0,-1.0,-1.0,-1.0,-1.0,-1.0,-1.0,-1.0,-1.0,-1.0,-1.0,-1.0,-1.0,-1.0,-1.0,-1.0,-1.0,-1.0,-1.0,1.0,-1.0,-1.0,-1.0,-1.0,-1.0,-1.0,-1.0,-1.0,-1.0,-1.0,-1.0,-1.0,-1.0,-1.0,-1.0,-1.0,-1.0,-1.0,-1.0,-1.0,-1.0,-1.0,-1.0,-1.0,-1.0,-1.0,-1.0,-1.0,-1.0,-1.0,-1.0,-1.0,-1.0,-1.0,-1.0,-1.0,-1.0,-1.0,-1.0,-1.0,-1.0,-1.0,-1.0,-1.0,-1.0,-1.0,-1.0,-1.0,-1.0,-1.0,-1.0,-1.0,-1.0,-1.0,-1.0,-1.0,-1.0,-1.0,-1.0,-1.0,-1.0,-1.0,-1.0,-1.0,-1.0,-1.0,-1.0,-1.0,-1.0,-1.0,-1.0,-1.0,-1.0,-1.0,-1.0,-1.0,-1.0,-1.0,-1.0,-1.0,-1.0,-1.0,-1.0,-1.0,-1.0,-1.0,-1.0,-1.0,-1.0,-1.0,-1.0,-1.0,-1.0,-1.0,-1.0,-1.0,-1.0,-1.0,-1.0,-1.0,-1.0,-1.0,-1.0,-1.0,-1.0,-1.0,-1.0,-1.0,-1.0,-1.0,-1.0,1.0,-1.0,-1.0,-1.0,-1.0,-1.0,-1.0,-1.0,-1.0,-1.0,-1.0
-0.8109875735775016,-2.446043165467626,-0.4336670523720882,-2.446043165467626,-0.8109875735775016,-2.446043165467626,-2.446043165467626,-0.2659690429474603,-1.356006104207543,-2.446043165467626,-2.446043165467626,0.526785183423509,-2.446043165467626,-2.446043165467626,-2.446043165467626,1.478090255068672,-2.446043165467626,-2.446043165467626,-2.446043165467626,-2.446043165467626,-2.446043165467626,-2.446043165467626,-2.446043165467626,-2.446043165467626,-2.446043165467626,-2.446043165467626,-2.446043165467626,-2.446043165467626,-2.446043165467626,-2.446043165467626,-2.446043165467626,-2.446043165467626,-2.446043165467626,-2.446043165467626,-2.446043165467626,-2.446043165467626,-2.446043165467626,-2.446043165467626,-2.446043165467626,-2.446043165467626,-2.446043165467626,-2.446043165467626,-2.446043165467626,-2.446043165467626,-2.446043165467626,-2.446043165467626,-2.446043165467626,-2.446043165467626,-2.446043165467626,-2.446043165467626,-2.446043165467626,-2.446043165467626,-2.446043165467626,-2.446043165467626,-2.446043165467626,-2.446043165467626,0.0,-0.0677804863547178,-1.0445669438475194,-2.446043165467626,-2.446043165467626,-2.446043165467626,-2.446043165467626,-0.2659690429474603,0.8240680183126226,0.8240680183126226,-2.446043165467626,-2.446043165467626,-2.446043165467626,-0.8109875735775016,-0.0677804863547178,-2.446043165467626,-2.446043165467626,-2.446043165467626,-2.446043165467626,-0.2659690429474603,0.0,-2.446043165467626,0.0,1.914105079572705,-0.8109875735775016,-0.2659690429474603,0.8240680183126226,0.2790494876825813,-2.446043165467626,-0.7398982000170614,0.8240680183126226,-0.662346156132945,-0.41130731778213786,0.14279485502507072,0.8240680183126226,0.8240680183126226,-0.2659690429474603,0.0,-2.446043165467626,0.0,-0.577408203307484,0.17004578155657307,-0.8109875735775016,-0.577408203307484,0.17004578155657307,0.8240680183126226,-0.7504299590630527,-0.606605624591236,0.17004578155657307,-1.1379986919555263,0.8240680183126226,-2.446043165467626,-0.592980161325485,-0.9367610806459726,-2.446043165467626,0.0,-2.446043165467626,0.0,-0.2659690429474603,-0.9926604171208488,-2.446043165467626,0.0,-0.577408203307484,-2.446043165467626,-0.4022236756049705,-0.11024946276744832,-0.38070978623799534,-0.0677804863547178,-2.446043165467626,-0.3723141220947853,-2.446043165467626,-0.8109875735775016,-0.577408203307484,-0.6208648303344639,0.0,-2.446043165467626,0.0,-0.9926604171208488,-2.446043165467626,-0.606605624591236,0.0,-2.446043165467626,0.0,-1.4133764758528105,0.0,-2.446043165467626,0.0,-0.5224483514792443,-0.6293147300341544,-1.1379986919555263,0.0,0.0,-2.446043165467626,0.0,-1.1379986919555263,-2.446043165467626,-0.03648755636639027,0.41530412034009156,-2.446043165467626,-2.446043165467626,-1.5117256843875548,1.0756150324495646,-2.446043165467626,-0.2659690429474603,0.06942697590179618,-0.8109875735775016,-2.446043165467626,-0.577408203307484,0.526785183423509,-0.662346156132945,-0.8109875735775016,-0.8109875735775016,0.5725210041756805,1.478090255068672,0.24698957411610806,1.0756150324495646,-1.1379986919555263,1.478090255068672,-2.446043165467626,-2.446043165467626,-2.446043165467626,-2.446043165467626,1.2912267588526578,-2.446043165467626,-0.2659690429474603,-2.446043165467626,0.0,-2.446043165467626,-2.446043165467626,0.06942697590179618,-2.446043165467626,-2.446043165467626,-0.2659690429474603,-2.446043165467626,-2.446043165467626,-1.5117256843875548,-2.446043165467626,-2.446043165467626,-0.9367610806459726,-2.446043165467626,-2.446043165467626,-0.4336670523720882,-2.446043165467626,-2.446043165467626,-0.8109875735775016,-2.446043165467626,-2.446043165467626,-2.446043165467626,-0.2659690429474603,-2.446043165467626,-2.446043165467626,-2.446043165467626,-2.446043165467626,-2.446043165467626,-2.446043165467626,-2.446043165467626,-0.8109875735775016,-2.446043165467626,-2.446043165467626,0.17004578155657307,-2.446043165467626,-2.446043165467626,-2.446043165467626,-0.2659690429474603,-2.446043165467626,-2.446043165467626,-2.446043165467626,-2.446043165467626,-0.2659690429474603,-2.446043165467626,-2.446043165467626
1.0,-1.0,-1.0,-1.0,-1.0,-1.0,-1.0,-1.0,-1.0,-1.0,-1.0,-1.0,-1.0,-1.0,-1.0,-1.0,-1.0,-1.0,-1.0,-1.0,-1.0,-1.0,-1.0,-1.0,-1.0,-1.0,-1.0,-1.0,-1.0,-1.0,-1.0,-1.0,-1.0,-1.0,-1.0,-1.0,-1.0,-1.0,-1.0,-1.0,-1.0,-1.0,-1.0,-1.0,-1.0,-1.0,-1.0,-1.0,-1.0,-1.0,-1.0,-1.0,-1.0,-1.0,-1.0,-1.0,-1.0,-1.0,-1.0,-1.0,1.0,-1.0,-1.0,-1.0,-1.0,-1.0,-1.0,-1.0,-1.0,-1.0,-1.0,-1.0,-1.0,-1.0,-1.0,-1.0,-1.0,-1.0,-1.0,-1.0,1.0,-1.0,-1.0,-1.0,-1.0,-1.0,-1.0,-1.0,-1.0,-1.0,-1.0,-1.0,-1.0,-1.0,-1.0,-1.0,-1.0,-1.0,-1.0,-1.0,-1.0,-1.0,-1.0,-1.0,-1.0,-1.0,-1.0,-1.0,-1.0,-1.0,-1.0,-1.0,-1.0,-1.0,-1.0,-1.0,-1.0,-1.0,-1.0,-1.0,-1.0,-1.0,-1.0,-1.0,-1.0,-1.0,-1.0,-1.0,-1.0,-1.0,-1.0,-1.0,-1.0,-1.0,-1.0,-1.0,-1.0,-1.0,-1.0,-1.0,-1.0,-1.0,-1.0,-1.0,-1.0,-1.0,-1.0,-1.0,-1.0,-1.0,-1.0,-1.0,-1.0,-1.0,-1.0,-1.0,-1.0,-1.0,-1.0,-1.0,-1.0,-1.0,-1.0,-1.0,-1.0,-1.0,-1.0,-1.0,-1.0,-1.0,-1.0,-1.0,-1.0,-1.0,-1.0,-1.0,-1.0,-1.0,-1.0,-1.0,-1.0,-1.0,-1.0,-1.0,-1.0,-1.0,-1.0,1.0,-1.0,-1.0,1.0,-1.0,-1.0,1.0,-1.0,-1.0,1.0,-1.0,-1.0,1.0,-1.0,-1.0,1.0,-1.0,-1.0,-1.0,-1.0,-1.0,-1.0,-1.0,-1.0,-1.0,-1.0,-1.0,-1.0,-1.0,-1.0,1.0,1.0,-1.0,1.0,-1.0,1.0,-1.0,-1.0,-1.0,-1.0
-0.3722746267518522,-0.7769746277781607,1.9699729683467397,-0.7769746277781607,-0.28273525918707676,-0.7073537229411824,-0.8379914509840762,-0.8379914509840762,0.34684589759365164,-0.8379914509840762,-0.8379914509840762,0.7774040163240238,-0.8379914509840762,-0.8379914509840762,-0.471255805443032,-0.5249534087498556,-0.8379914509840762,-0.8379914509840762,-0.8379914509840762,-0.8379914509840762,-0.7769746277781607,-0.8379914509840762,-0.8379914509840762,-0.8379914509840762,-0.7073537229411824,-0.7769746277781607,-0.8379914509840762,-0.8379914509840762,-0.8379914509840762,-0.8379914509840762,-0.5249534087498556,-0.8379914509840762,-0.5819073491100745,-0.8379914509840762,-0.8379914509840762,-0.3722746267518522,-0.8379914509840762,-0.471255805443032,-0.8379914509840762,-0.8379914509840762,-0.8379914509840762,-0.8379914509840762,-0.7073537229411824,-0.7769746277781607,-0.8379914509840762,-0.8379914509840762,-0.8379914509840762,-0.8379914509840762,-0.5249534087498556,-0.8379914509840762,-0.5819073491100745,-0.8379914509840762,-0.8379914509840762,-0.3722746267518522,-0.8379914509840762,-0.471255805443032,-0.8379914509840762,0.7056552457997395,0.9870367386822461,-0.8379914509840762,-0.7769746277781607,-0.8379914509840762,-0.24097494863154706,-0.5819073491100745,-0.28273525918707676,-0.3264385948391911,-0.8379914509840762,-0.42046223010339584,-0.8379914509840762,-0.2009922210080832,0.7056552457997395,-0.8379914509840762,-0.8379914509840762,-0.8379914509840762,-0.8379914509840762,-0.471255805443032,-0.8379914509840762,-0.8379914509840762,-0.8379914509840762,-0.6425382111868007,-0.2009922210080832,1.6492033226675307,0.23071648243354387,0.8694519362453007,-0.471255805443032,1.5080203614675325,-0.3264385948391911,1.8140917648911727,1.9803654469444316,1.9803654469444316,-0.8379914509840762,-0.3722746267518522,-0.24097494863154706,-0.8379914509840762,-0.8379914509840762,-0.8379914509840762,0.5253827972957186,-0.3264385948391911,0.008640501350139093,1.1013652040657957,0.06927136342686518,0.4885368081433098,1.8322459974304206,1.8456350929325123,-0.471255805443032,1.9803654469444316,-0.1626419043936299,-0.8379914509840762,1.9803654469444316,0.8311016196308474,-0.6425382111868007,-0.8379914509840762,-0.8379914509840762,-0.8379914509840762,1.5694443449922186,1.9803654469444316,-0.056175010404242665,-0.8379914509840762,1.526872879717154,-0.8379914509840762,1.05111513600155,1.5871148151481642,1.2791490357521393,0.7350155196539405,-0.8379914509840762,1.897361127206576,-0.5819073491100745,0.8694519362453007,0.25511921286076983,1.9803654469444316,-0.8379914509840762,-0.8379914509840762,-0.8379914509840762,0.6116316105355352,-0.6425382111868007,1.9803654469444316,-0.8379914509840762,-0.8379914509840762,-0.8379914509840762,1.8889354895695238,-0.8379914509840762,-0.8379914509840762,-0.8379914509840762,1.7908942332171889,1.9803654469444316,0.32474011769774863,-0.8379914509840762,-0.8379914509840762,-0.8379914509840762,-0.8379914509840762,1.2952084404769273,-0.7769746277781607,1.3031363550298556,0.791118892007384,-0.8379914509840762,-0.5819073491100745,0.8311016196308474,0.7634859499187053,-0.2009922210080832,0.17992290709390768,0.9300827983220268,0.7350155196539405,-0.8379914509840762,0.8046364244909198,0.5950037021326975,0.7056552457997395,0.4885368081433098,0.6906236883320888,0.7350155196539405,0.7056552457997395,1.1397155206802498,0.7634859499187053,1.008885451317191,-0.12579591524122108,-0.7073537229411824,-0.8379914509840762,-0.8379914509840762,-0.8379914509840762,0.039444975795149016,-0.7073537229411824,1.0302375590512844,-0.5819073491100745,-0.8379914509840762,-0.8379914509840762,-0.8379914509840762,1.0613824764423323,-0.8379914509840762,-0.5819073491100745,0.8941757920556948,-0.8379914509840762,-0.7769746277781607,0.8311016196308474,-0.8379914509840762,-0.7769746277781607,1.008885451317191,-0.8379914509840762,-0.7769746277781607,0.8941757920556948,-0.8379914509840762,-0.5819073491100745,0.6906236883320888,-0.8379914509840762,-0.5819073491100745,-0.8379914509840762,-0.8379914509840762,-0.7073537229411824,-0.7769746277781607,-0.12579591524122108,-0.7769746277781607,-0.7769746277781607,-0.6425382111868007,-0.8379914509840762,-0.7769746277781607,-0.8379914509840762,-0.8379914509840762,-0.42046223010339584,0.039444975795149016,-0.8379914509840762,-0.6425382111868007,-0.5249534087498556,-0.5819073491100745,-0.8379914509840762,-0.8379914509840762,-0.12579591524122108,-0.5819073491100745,-0.8379914509840762,-0.8379914509840762
-1.0,-1.0,1.0,-1.0,1.0,-1.0,-1.0,-1.0,1.0,-1.0,-1.0,1.0,-1.0,-1.0,1.0,-1.0,-1.0,-1.0,-1.0,-1.0,-1.0,-1.0,-1.0,-1.0,-1.0,-1.0,-1.0,-1.0,-1.0,-1.0,-1.0,-1.0,-1.0,-1.0,-1.0,-1.0,-1.0,-1.0,-1.0,-1.0,-1.0,-1.0,-1.0,-1.0,-1.0,-1.0,-1.0,-1.0,-1.0,-1.0,-1.0,-1.0,-1.0,-1.0,-1.0,-1.0,-1.0,-1.0,1.0,-1.0,-1.0,-1.0,1.0,-1.0,-1.0,-1.0,-1.0,-1.0,-1.0,1.0,-1.0,-1.0,-1.0,-1.0,-1.0,1.0,-1.0,-1.0,-1.0,-1.0,-1.0,1.0,-1.0,1.0,1.0,1.0,-1.0,1.0,1.0,1.0,-1.0,-1.0,1.0,-1.0,-1.0,-1.0,-1.0,-1.0,1.0,1.0,-1.0,1.0,1.0,1.0,-1.0,1.0,1.0,-1.0,1.0,1.0,1.0,-1.0,-1.0,-1.0,1.0,1.0,-1.0,1.0,1.0,-1.0,1.0,1.0,1.0,-1.0,-1.0,1.0,-1.0,1.0,1.0,1.0,-1.0,-1.0,-1.0,1.0,-1.0,1.0,-1.0,-1.0,-1.0,1.0,-1.0,-1.0,-1.0,1.0,1.0,1.0,1.0,-1.0,-1.0,-1.0,1.0,-1.0,1.0,1.0,-1.0,-1.0,-1.0,1.0,-1.0,-1.0,1.0,1.0,-1.0,1.0,1.0,1.0,1.0,-1.0,1.0,-1.0,1.0,1.0,1.0,-1.0,-1.0,-1.0,-1.0,-1.0,1.0,-1.0,1.0,-1.0,1.0,-1.0,-1.0,1.0,-1.0,-1.0,-1.0,-1.0,-1.0,-1.0,-1.0,-1.0,-1.0,-1.0,-1.0,-1.0,-1.0,-1.0,-1.0,-1.0,-1.0,-1.0,-1.0,-1.0,-1.0,-1.0,-1.0,-1.0,-1.0,-1.0,-1.0,-1.0,-1.0,-1.0,-1.0,-1.0,1.0,-1.0,-1.0,-1.0,-1.0,1.0,-1.0,-1.0,-1.0
-0.16989594669116745,-0.16989594669116745,12.073974526872357,-0.16989594669116745,2.2788781480215374,-0.16989594669116745,-0.16989594669116745,-0.16989594669116745,7.176426337446948,-0.16989594669116745,-0.16989594669116745,4.7276522427342424,-0.16989594669116745,-0.16989594669116745,2.2788781480215374,-0.16989594669116745,-0.16989594669116745,-0.16989594669116745,-0.16989594669116745,-0.16989594669116745,-0.16989594669116745,-0.16989594669116745,-0.16989594669116745,-0.16989594669116745,-0.16989594669116745,-0.16989594669116745,-0.16989594669116745,-0.16989594669116745,-0.16989594669116745,-0.16989594669116745,-0.16989594669116745,-0.16989594669116745,-0.16989594669116745,-0.16989594669116745,-0.16989594669116745,-0.16989594669116745,-0.16989594669116745,-0.16989594669116745,-0.16989594669116745,-0.16989594669116745,-0.16989594669116745,-0.16989594669116745,-0.16989594669116745,-0.16989594669116745,-0.16989594669116745,-0.16989594669116745,-0.16989594669116745,-0.16989594669116745,-0.16989594669116745,-0.16989594669116745,-0.16989594669116745,-0.16989594669116745,-0.16989594669116745,-0.16989594669116745,-0.16989594669116745,-0.16989594669116745,-0.16989594669116745,-0.16989594669116745,2.2788781480215374,-0.16989594669116745,-0.16989594669116745,-0.16989594669116745,7.176426337446948,-0.16989594669116745,-0.16989594669116745,-0.16989594669116745,-0.16989594669116745,-0.16989594669116745,-0.16989594669116745,2.2788781480215374,-0.16989594669116745,-0.16989594669116745,-0.16989594669116745,-0.16989594669116745,-0.16989594669116745,2.2788781480215374,-0.16989594669116745,-0.16989594669116745,-0.16989594669116745,-0.16989594669116745,-0.16989594669116745,4.7276522427342424,-0.16989594669116745,7.176426337446948,2.2788781480215374,9.625200432159653,-0.16989594669116745,9.625200432159653,12.073974526872357,12.073974526872357,-0.16989594669116745,-0.16989594669116745,2.2788781480215374,-0.16989594669116745,-0.16989594669116745,-0.16989594669116745,-0.16989594669116745,-0.16989594669116745,2.2788781480215374,4.7276522427342424,-0.16989594669116745,7.176426337446948,12.073974526872357,4.7276522427342424,-0.16989594669116745,21.869070905723177,2.2788781480215374,-0.16989594669116745,21.869070905723177,2.2788781480215374,2.2788781480215374,-0.16989594669116745,-0.16989594669116745,-0.16989594669116745,7.176426337446948,9.625200432159653,-0.16989594669116745,2.2788781480215374,2.2788781480215374,-0.16989594669116745,4.7276522427342424,9.625200432159653,7.176426337446948,-0.16989594669116745,-0.16989594669116745,12.073974526872357,-0.16989594669116745,2.2788781480215374,2.2788781480215374,24.31784500043588,-0.16989594669116745,-0.16989594669116745,-0.16989594669116745,2.2788781480215374,-0.16989594669116745,14.522748621585063,-0.16989594669116745,-0.16989594669116745,-0.16989594669116745,12.073974526872357,-0.16989594669116745,-0.16989594669116745,-0.16989594669116745,12.073974526872357,7.176426337446948,2.2788781480215374,2.2788781480215374,-0.16989594669116745,-0.16989594669116745,-0.16989594669116745,7.176426337446948,-0.16989594669116745,4.7276522427342424,4.7276522427342424,-0.16989594669116745,-0.16989594669116745,-0.16989594669116745,2.2788781480215374,-0.16989594669116745,-0.16989594669116745,2.2788781480215374,2.2788781480215374,-0.16989594669116745,4.7276522427342424,7.176426337446948,7.176426337446948,2.2788781480215374,-0.16989594669116745,4.7276522427342424,-0.16989594669116745,7.176426337446948,2.2788781480215374,7.176426337446948,-0.16989594669116745,-0.16989594669116745,-0.16989594669116745,-0.16989594669116745,-0.16989594669116745,2.2788781480215374,-0.16989594669116745,4.7276522427342424,-0.16989594669116745,2.2788781480215374,-0.16989594669116745,-0.16989594669116745,4.7276522427342424,-0.16989594669116745,-0.16989594669116745,-0.16989594669116745,-0.16989594669116745,-0.16989594669116745,-0.16989594669116745,-0.16989594669116745,-0.16989594669116745,-0.16989594669116745,-0.16989594669116745,-0.16989594669116745,-0.16989594669116745,-0.16989594669116745,-0.16989594669116745,-0.16989594669116745,-0.16989594669116745,-0.16989594669116745,-0.16989594669116745,-0.16989594669116745,-0.16989594669116745,-0.16989594669116745,-0.16989594669116745,-0.16989594669116745,-0.16989594669116745,-0.16989594669116745,-0.16989594669116745,-0.16989594669116745,-0.16989594669116745,-0.16989594669116745,-0.16989594669116745,-0.16989594669116745,-0.16989594669116745,2.2788781480215374,-0.16989594669116745,-0.16989594669116745,-0.16989594669116745,-0.16989594669116745,4.7276522427342424,-0.16989594669116745,-0.16989594669116745,-0.16989594669116745
0.0,0.0,-0.8928559512405096,0.0,0.40845943099764637,0.0,0.0,0.0,1.1156055924342818,0.0,0.0,-0.3100145547513889,0.0,0.0,0.7396578900350247,0.0,0.0,0.0,0.0,0.0,0.0,0.0,0.0,0.0,0.0,0.0,0.0,0.0,0.0,0.0,0.0,0.0,0.0,0.0,0.0,0.0,0.0,0.0,0.0,0.0,0.0,0.0,0.0,0.0,0.0,0.0,0.0,0.0,0.0,0.0,0.0,0.0,0.0,0.0,0.0,0.0,0.0,0.0,-1.0917363902447395,0.0,0.0,0.0,1.383949894750324,0.0,0.0,0.0,0.0,0.0,0.0,0.2648508492298048,0.0,0.0,0.0,0.0,0.0,0.7396578900350247,0.0,0.0,0.0,0.0,0.0,-1.0917363902447395,0.0,0.1974758812565125,0.7396578900350247,-0.4495729319754428,0.0,-0.9872882058941097,-0.9332773394672287,-1.0302009295767336,0.0,0.0,0.33509368503733256,0.0,0.0,0.0,0.0,0.0,-0.10343810381931595,-0.8791591297003644,0.0,0.866678819381461,-0.6508931443142072,-1.0917363902447395,0.0,-0.6367941155042927,0.1974758812565125,0.0,-0.6674807967356126,-1.0917363902447395,1.0405718751108533,0.0,0.0,0.0,-1.0322914397021135,-1.0917363902447395,0.0,1.383949894750324,-1.0917363902447395,0.0,-0.7908783272099785,-0.5885284023349553,-0.5222920736088454,0.0,0.0,-0.7652893258985822,0.0,-1.0917363902447395,-0.5364591779626391,-0.5168106420565758,0.0,0.0,0.0,-1.0917363902447395,0.0,-1.0917363902447395,0.0,0.0,0.0,-0.7504869170512712,0.0,0.0,0.0,-0.5782451446245359,-1.0917363902447395,-0.6587712381424831,1.383949894750324,0.0,0.0,0.0,-0.5505057097537664,0.0,-1.0917363902447395,-0.3341092530876167,0.0,0.0,0.0,-1.0917363902447395,0.0,0.0,-1.0917363902447395,-1.0917363902447395,0.0,-0.3578572530666546,0.6796346381074146,0.4852387407876861,-0.9465340976736566,0.0,-0.2355451928868114,0.0,-0.27733115954870813,-1.0917363902447395,-0.04748503280362552,0.0,0.0,0.0,0.0,0.0,-0.15755631358618027,0.0,-0.7541999839116611,0.0,1.383949894750324,0.0,0.0,-0.8089162938928366,0.0,0.0,0.0,0.0,0.0,0.0,0.0,0.0,0.0,0.0,0.0,0.0,0.0,0.0,0.0,0.0,0.0,0.0,0.0,0.0,0.0,0.0,0.0,0.0,0.0,0.0,0.0,0.0,0.0,0.0,0.0,0.0,1.0405718751108533,0.0,0.0,0.0,0.0,1.2767537390924786,0.0,0.0,0.0
-0.5077224524862195,-0.5077224524862195,-0.5077224524862195,-0.5077224524862195,-0.5077224524862195,-0.5077224524862195,-0.5077224524862195,-0.5077224524862195,1.969566382794139,-0.5077224524862195,-0.5077224524862195,-0.5077224524862195,-0.5077224524862195,-0.5077224524862195,-0.5077224524862195,-0.5077224524862195,-0.5077224524862195,-0.5077224524862195,-0.5077224524862195,-0.5077224524862195,-0.5077224524862195,-0.5077224524862195,-0.5077224524862195,-0.5077224524862195,-0.5077224524862195,-0.5077224524862195,-0.5077224524862195,-0.5077224524862195,-0.5077224524862195,-0.5077224524862195,-0.5077224524862195,-0.5077224524862195,-0.5077224524862195,-0.5077224524862195,-0.5077224524862195,-0.5077224524862195,-0.5077224524862195,-0.5077224524862195,-0.5077224524862195,-0.5077224524862195,-0.5077224524862195,-0.5077224524862195,-0.5077224524862195,-0.5077224524862195,-0.5077224524862195,-0.5077224524862195,-0.5077224524862195,-0.5077224524862195,-0.5077224524862195,-0.5077224524862195,-0.5077224524862195,-0.5077224524862195,-0.5077224524862195,-0.5077224524862195,-0.5077224524862195,-0.5077224524862195,-0.5077224524862195,-0.5077224524862195,-0.5077224524862195,-0.5077224524862195,-0.5077224524862195,-0.5077224524862195,1.969566382794139,-0.5077224524862195,-0.5077224524862195,-0.5077224524862195,-0.5077224524862195,-0.5077224524862195,-0.5077224524862195,-0.5077224524862195,-0.5077224524862195,-0.5077224524862195,-0.5077224524862195,-0.5077224524862195,-0.5077224524862195,-0.5077224524862195,-0.5077224524862195,-0.5077224524862195,-0.5077224524862195,-0.5077224524862195,-0.5077224524862195,-0.5077224524862195,-0.5077224524862195,-0.5077224524862195,-0.5077224524862195,-0.5077224524862195,-0.5077224524862195,1.969566382794139,1.969566382794139,-0.5077224524862195,-0.5077224524862195,-0.5077224524862195,-0.5077224524862195,-0.5077224524862195,-0.5077224524862195,-0.5077224524862195,-0.5077224524862195,-0.5077224524862195,-0.5077224524862195,-0.5077224524862195,-0.5077224524862195,-0.5077224524862195,-0.5077224524862195,-0.5077224524862195,-0.5077224524862195,-0.5077224524862195,-0.5077224524862195,-0.5077224524862195,-0.5077224524862195,-0.5077224524862195,-0.5077224524862195,-0.5077224524862195,-0.5077224524862195,-0.5077224524862195,-0.5077224524862195,1.969566382794139,1.969566382794139,-0.5077224524862195,-0.5077224524862195,-0.5077224524862195,-0.5077224524862195,-0.5077224524862195,-0.5077224524862195,-0.5077224524862195,1.969566382794139,1.969566382794139,-0.5077224524862195,1.969566382794139,-0.5077224524862195,1.969566382794139,-0.5077224524862195,1.969566382794139,-0.5077224524862195,-0.5077224524862195,-0.5077224524862195,1.969566382794139,-0.5077224524862195,1.969566382794139,-0.5077224524862195,1.969566382794139,-0.5077224524862195,1.969566382794139,-0.5077224524862195,1.969566382794139,1.969566382794139,-0.5077224524862195,-0.5077224524862195,-0.5077224524862195,1.969566382794139,-0.5077224524862195,1.969566382794139,-0.5077224524862195,-0.5077224524862195,-0.5077224524862195,-0.5077224524862195,-0.5077224524862195,-0.5077224524862195,-0.5077224524862195,-0.5077224524862195,1.969566382794139,-0.5077224524862195,-0.5077224524862195,-0.5077224524862195,1.969566382794139,-0.5077224524862195,-0.5077224524862195,-0.5077224524862195,-0.5077224524862195,-0.5077224524862195,-0.5077224524862195,-0.5077224524862195,-0.5077224524862195,-0.5077224524862195,-0.5077224524862195,-0.5077224524862195,-0.5077224524862195,-0.5077224524862195,-0.5077224524862195,-0.5077224524862195,-0.5077224524862195,-0.5077224524862195,-0.5077224524862195,-0.5077224524862195,-0.5077224524862195,-0.5077224524862195,-0.5077224524862195,-0.5077224524862195,-0.5077224524862195,-0.5077224524862195,-0.5077224524862195,-0.5077224524862195,-0.5077224524862195,-0.5077224524862195,-0.5077224524862195,-0.5077224524862195,-0.5077224524862195,-0.5077224524862195,-0.5077224524862195,-0.5077224524862195,-0.5077224524862195,-0.5077224524862195,-0.5077224524862195,-0.5077224524862195,-0.5077224524862195,-0.5077224524862195,-0.5077224524862195,-0.5077224524862195,-0.5077224524862195,-0.5077224524862195,-0.5077224524862195,-0.5077224524862195,-0.5077224524862195,-0.5077224524862195,-0.5077224524862195,-0.5077224524862195,-0.5077224524862195,-0.5077224524862195,-0.5077224524862195,-0.5077224524862195,-0.5077224524862195,-0.5077224524862195,1.969566382794139,-0.5077224524862195,-0.5077224524862195,-0.5077224524862195,-0.5077224524862195,-0.5077224524862195
-0.8700053950135924,-0.8700053950135924,-0.8700053950135924,-0.8700053950135924,-0.8700053950135924,-0.8700053950135924,-0.8700053950135924,-0.8700053950135924,-0.412936424593367,-0.8700053950135924,-0.8700053950135924,-0.8700053950135924,-0.8700053950135924,-0.8700053950135924,-0.8700053950135924,-0.8700053950135924,-0.8700053950135924,-0.8700053950135924,-0.8700053950135924,-0.8700053950135924,-0.8700053950135924,-0.8700053950135924,-0.8700053950135924,-0.8700053950135924,-0.8700053950135924,-0.8700053950135924,-0.8700053950135924,-0.8700053950135924,-0.8700053950135924,-0.8700053950135924,-0.8700053950135924,-0.8700053950135924,-0.8700053950135924,-0.8700053950135924,-0.8700053950135924,-0.8700053950135924,-0.8700053950135924,-0.8700053950135924,-0.8700053950135924,-0.8700053950135924,-0.8700053950135924,-0.8700053950135924,-0.8700053950135924,-0.8700053950135924,-0.8700053950135924,-0.8700053950135924,-0.8700053950135924,-0.8700053950135924,-0.8700053950135924,-0.8700053950135924,-0.8700053950135924,-0.8700053950135924,-0.8700053950135924,-0.8700053950135924,-0.8700053950135924,-0.8700053950135924,-0.8700053950135924,-0.8700053950135924,-0.8700053950135924,-0.8700053950135924,-0.8700053950135924,-0.8700053950135924,0.2693549370484189,-0.8700053950135924,-0.8700053950135924,-0.8700053950135924,-0.8700053950135924,-0.8700053950135924,-0.8700053950135924,-0.8700053950135924,-0.8700053950135924,-0.8700053950135924,-0.8700053950135924,-0.8700053950135924,-0.8700053950135924,-0.8700053950135924,-0.8700053950135924,-0.8700053950135924,-0.8700053950135924,-0.8700053950135924,-0.8700053950135924,-0.8700053950135924,-0.8700053950135924,-0.8700053950135924,-0.8700053950135924,-0.8700053950135924,-0.8700053950135924,-0.8220688932378126,-0.817172153809104,-0.8700053950135924,-0.8700053950135924,-0.8700053950135924,-0.8700053950135924,-0.8700053950135924,-0.8700053950135924,-0.8700053950135924,-0.8700053950135924,-0.8700053950135924,-0.8700053950135924,-0.8700053950135924,-0.8700053950135924,-0.8700053950135924,-0.8700053950135924,-0.8700053950135924,-0.8700053950135924,-0.8700053950135924,-0.8700053950135924,-0.8700053950135924,-0.8700053950135924,-0.8700053950135924,-0.8700053950135924,-0.8700053950135924,-0.8700053950135924,-0.8700053950135924,-0.8700053950135924,-0.8237063002478217,-0.6360296125365723,-0.8700053950135924,-0.8700053950135924,-0.8700053950135924,-0.8700053950135924,-0.8700053950135924,-0.8700053950135924,-0.8700053950135924,1.3137685747719292,-0.7676409901798961,-0.8700053950135924,-0.7826544362221716,-0.8700053950135924,-0.7850082045728386,-0.8700053950135924,1.3137685747719292,-0.8700053950135924,-0.8700053950135924,-0.8700053950135924,-0.7359630030062969,-0.8700053950135924,1.3137685747719292,-0.8700053950135924,-0.6929426407066582,-0.8700053950135924,1.3137685747719292,-0.8700053950135924,-0.7881138711466354,-0.8436948652571404,-0.8700053950135924,-0.8700053950135924,-0.8700053950135924,1.3137685747719292,-0.8700053950135924,-0.7589660406177184,-0.8700053950135924,-0.8700053950135924,-0.8700053950135924,-0.8700053950135924,-0.8700053950135924,-0.8700053950135924,-0.8700053950135924,-0.8700053950135924,-0.5060430667160055,-0.8700053950135924,-0.8700053950135924,-0.8700053950135924,-0.8232102385181884,-0.8700053950135924,-0.8700053950135924,-0.8700053950135924,-0.8700053950135924,-0.8700053950135924,-0.8700053950135924,-0.8700053950135924,-0.8700053950135924,-0.8700053950135924,-0.8700053950135924,-0.8700053950135924,-0.8700053950135924,-0.8700053950135924,-0.8700053950135924,-0.8700053950135924,-0.8700053950135924,-0.8700053950135924,-0.8700053950135924,-0.8700053950135924,-0.8700053950135924,-0.8700053950135924,-0.8700053950135924,-0.8700053950135924,-0.8700053950135924,-0.8700053950135924,-0.8700053950135924,-0.8700053950135924,-0.8700053950135924,-0.8700053950135924,-0.8700053950135924,-0.8700053950135924,-0.8700053950135924,-0.8700053950135924,-0.8700053950135924,-0.8700053950135924,-0.8700053950135924,-0.8700053950135924,-0.8700053950135924,-0.8700053950135924,-0.8700053950135924,-0.8700053950135924,-0.8700053950135924,-0.8700053950135924,-0.8700053950135924,-0.8700053950135924,-0.8700053950135924,-0.8700053950135924,-0.8700053950135924,-0.8700053950135924,-0.8700053950135924,-0.8700053950135924,-0.8700053950135924,-0.8700053950135924,-0.8700053950135924,-0.8700053950135924,-0.8700053950135924,-0.8700053950135924,1.3137685747719292,-0.8700053950135924,-0.8700053950135924,-0.8700053950135924,-0.8700053950135924,-0.8700053950135924
-0.11203533773096849,-0.538131199345661,1.668437730560575,-0.538131199345661,-0.7033676826920172,-0.4648295453855011,-1.096933728981207,-0.6173030170247277,0.6451039720015455,-0.7033676826920172,-1.0183565364195493,1.0984250298477816,-1.0183565364195493,-0.6173030170247277,-0.21624949762990653,-0.2727860098355923,-1.096933728981207,-1.096933728981207,-0.7033676826920172,-1.096933728981207,-0.538131199345661,-0.6173030170247277,-1.096933728981207,-0.901855017471593,-0.4648295453855011,-0.538131199345661,-0.6173030170247277,-1.0183565364195493,-1.096933728981207,-0.797640857572655,-0.2727860098355923,-1.096933728981207,-0.3327510165778624,-1.096933728981207,-0.797640857572655,-0.11203533773096849,-0.797640857572655,-0.21624949762990653,-1.096933728981207,-0.6173030170247277,-1.096933728981207,-0.901855017471593,-0.4648295453855011,-0.538131199345661,-0.6173030170247277,-1.0183565364195493,-1.096933728981207,-0.797640857572655,-0.2727860098355923,-1.096933728981207,-0.3327510165778624,-1.096933728981207,-0.797640857572655,-0.11203533773096849,-0.797640857572655,-0.21624949762990653,-1.096933728981207,1.0228830132458286,1.3191407086946754,-1.096933728981207,-0.538131199345661,-1.096933728981207,0.026205950473936392,-0.3327510165778624,-0.017762162850330287,-0.0637760259906795,-1.096933728981207,-0.16277054484031625,-1.096933728981207,0.06830250281695922,1.0228830132458286,-1.096933728981207,-1.096933728981207,-0.901855017471593,-1.096933728981207,-0.21624949762990653,-1.096933728981207,-0.6173030170247277,-1.096933728981207,-0.3965873381778338,0.06830250281695922,1.3307094918432318,0.5228349750013707,1.1953393803524335,-0.21624949762990653,1.1820624067301388,-0.0637760259906795,1.4994785492426022,1.2835996511021301,1.0537955191846062,-0.901855017471593,-0.11203533773096849,0.026205950473936392,-1.096933728981207,-0.6173030170247277,-1.096933728981207,0.8330798403377128,-0.0637760259906795,0.2890181816638531,1.4395135425003327,0.3528545032638245,0.7942858609576123,1.8704253214638973,1.8704253214638973,-0.21624949762990653,1.8704253214638973,0.10868034111592541,-1.096933728981207,1.8704253214638973,1.1549615420534673,-0.3965873381778338,-1.096933728981207,-0.6173030170247277,-1.096933728981207,1.2467337808773706,1.8197427204531835,0.2207759744561858,-1.096933728981207,1.8704253214638973,-1.096933728981207,0.6900717010586743,1.8704253214638973,0.9410910094425512,1.0537955191846062,-1.096933728981207,1.1820624067301388,-0.3327510165778624,1.1953393803524335,0.5485278398908471,1.8704253214638973,-1.096933728981207,-1.096933728981207,-1.096933728981207,0.2207759744561858,-0.3965873381778338,1.8704253214638973,-1.096933728981207,-1.096933728981207,-1.096933728981207,1.5831159261249594,-1.096933728981207,-1.096933728981207,-1.096933728981207,1.8704253214638973,1.6926622805193248,0.6218294938510074,-1.096933728981207,-1.096933728981207,-1.096933728981207,-1.096933728981207,1.6436049697978885,-0.538131199345661,1.6519520208818297,0.41281951000609457,-0.797640857572655,-0.3327510165778624,1.1549615420534673,1.0837711368852283,0.06830250281695922,0.4693560222117804,1.2591757019524048,1.0537955191846062,-0.901855017471593,1.127097173144767,0.9063814942978732,1.0228830132458286,0.7942858609576123,1.0070567606776377,1.0537955191846062,1.0228830132458286,1.4798913807992997,1.0837711368852283,1.3421445288373728,0.14747432049602588,-0.4648295453855011,-1.096933728981207,-0.797640857572655,-1.0183565364195493,0.32145124083595084,-0.4648295453855011,0.6678433569913562,-0.3327510165778624,-1.096933728981207,-0.901855017471593,-0.797640857572655,0.7118114703156233,-1.096933728981207,-0.3327510165778624,1.2213703480254048,-1.096933728981207,-0.538131199345661,1.1549615420534673,-1.096933728981207,-0.538131199345661,1.3421445288373728,-1.096933728981207,-0.538131199345661,1.2213703480254048,-1.096933728981207,-0.3327510165778624,1.0070567606776377,-1.096933728981207,-0.3327510165778624,-1.096933728981207,-0.6173030170247277,-0.4648295453855011,-0.538131199345661,0.14747432049602588,-0.538131199345661,-0.538131199345661,-0.3965873381778338,-1.096933728981207,-0.538131199345661,-1.0183565364195493,-1.0183565364195493,-0.16277054484031625,0.32145124083595084,-0.901855017471593,-0.3965873381778338,-0.2727860098355923,-0.3327510165778624,-1.096933728981207,-0.901855017471593,-0.538131199345661,-0.3327510165778624,-1.096933728981207,-1.0183565364195493
-1.0,-1.0,1.0,-1.0,1.0,-1.0,-1.0,-1.0,-1.0,-1.0,-1.0,-1.0,-1.0,-1.0,-1.0,-1.0,-1.0,-1.0,-1.0,-1.0,-1.0,-1.0,-1.0,-1.0,-1.0,-1.0,-1.0,-1.0,-1.0,-1.0,-1.0,-1.0,-1.0,-1.0,-1.0,-1.0,-1.0,-1.0,-1.0,-1.0,-1.0,-1.0,-1.0,-1.0,-1.0,-1.0,-1.0,-1.0,-1.0,-1.0,-1.0,-1.0,-1.0,-1.0,-1.0,-1.0,-1.0,-1.0,-1.0,-1.0,-1.0,-1.0,-1.0,-1.0,-1.0,-1.0,-1.0,-1.0,-1.0,-1.0,-1.0,-1.0,-1.0,-1.0,-1.0,-1.0,-1.0,-1.0,-1.0,-1.0,-1.0,1.0,-1.0,-1.0,-1.0,1.0,-1.0,1.0,1.0,1.0,-1.0,-1.0,-1.0,-1.0,-1.0,-1.0,-1.0,-1.0,-1.0,-1.0,-1.0,-1.0,-1.0,-1.0,-1.0,-1.0,-1.0,-1.0,-1.0,-1.0,-1.0,-1.0,-1.0,-1.0,1.0,1.0,-1.0,-1.0,-1.0,-1.0,1.0,-1.0,1.0,-1.0,-1.0,1.0,-1.0,-1.0,-1.0,1.0,-1.0,-1.0,-1.0,1.0,-1.0,1.0,-1.0,-1.0,-1.0,1.0,-1.0,-1.0,-1.0,-1.0,1.0,-1.0,-1.0,-1.0,-1.0,-1.0,-1.0,-1.0,-1.0,1.0,-1.0,-1.0,-1.0,-1.0,-1.0,-1.0,-1.0,-1.0,-1.0,-1.0,-1.0,-1.0,-1.0,-1.0,-1.0,-1.0,-1.0,-1.0,-1.0,-1.0,-1.0,-1.0,-1.0,-1.0,-1.0,-1.0,1.0,-1.0,-1.0,-1.0,-1.0,1.0,-1.0,-1.0,-1.0,-1.0,-1.0,-1.0,-1.0,-1.0,-1.0,-1.0,-1.0,-1.0,-1.0,-1.0,-1.0,-1.0,-1.0,-1.0,-1.0,-1.0,-1.0,-1.0,-1.0,-1.0,-1.0,-1.0,-1.0,-1.0,-1.0,-1.0,-1.0,-1.0,-1.0,-1.0,-1.0,-1.0,-1.0,1.0,-1.0,-1.0,-1.0
-1.7346483573561826,-1.6732743403115427,-1.6700581335748022,-1.6658238470077262,-1.6653148070925585,-1.6635910128343774,-1.663278647431888,-1.661832511309253,-1.6611036587034447,-1.6602359770298636,-1.6599351807163554,-1.6589633772419445,-1.653919254446193,-0.9661600526988341,-0.8856160552125417,-0.8527019970613635,-0.8460034945413171,-0.8405081772753031,-0.8351169818101191,-0.8323982458995648,-0.8236404455408858,-0.8179947301181177,-0.8124647055851606,-0.8062521048023196,-0.7997155695280084,-0.7931790342536971,-0.7871515388945532,-0.7812281653362393,-0.7756402953583769,-0.7698210436008925,-0.7634927519282407,-0.7576619310817755,-0.7514261921209724,-0.745722631253299,-0.7399033794958146,-0.7334015514884467,-0.7273624870403219,-0.7209763499227646,-0.7153422035889777,-0.6909892712838003,-0.6862459448015568,-0.6809588711372022,-0.6753478629813775,-0.6697368548255529,-0.6646348865848957,-0.6596370401450682,-0.6549746972856922,-0.6500809726466945,-0.6446782080925293,-0.6397729143645505,-0.634462702522234,-0.6296846687730472,-0.6247909441340496,-0.6192146432451681,-0.6141011059155298,-0.6086404959164591,-0.6049152492645508,-0.5877929975725494,-0.5847850344374681,-0.5818349167472924,-0.5769643302862567,-0.5741299034858918,-0.5429280705039138,-0.5271825404006613,-0.5144334043435089,-0.49942829593504556,-0.47085264615177336,-0.4696957372536651,-0.46428140361051873,-0.4629740965556564,-0.46141226954321035,-0.42505062287566997,-0.4067020477516739,-0.38693047468300495,-0.37369543688864726,-0.2674564927753718,-0.2662648766103204,-0.2651426749791555,-0.2648997241105527,-0.2624123699796201,-0.2592655777767658,-0.2568939145356439,-0.2519770517186841,-0.25057719195197325,-0.2490269340285083,-0.24662056352044331,-0.2426870732668754,-0.23996833735632114,-0.2342416383106855,-0.22785550119312833,-0.11682695424168509,-0.1135413329710578,-0.11293974034404144,-0.11167870964510357,-0.10518845072671659,-0.10494549985811398,-0.10301346199827327,-0.1016714476764678,-0.09348053267786179,-0.09191870566541556,-0.08792736996694248,-0.08688615195864498,-0.08340385617533934,-0.07803579888811726,-0.0752707866216387,-0.07063158194022483,-0.06555275187752999,-0.06507841922930552,-0.06046235272585404,-0.05474722276919952,0.052810597487919206,0.053967506386027445,0.060457765304414615,0.06070071617301723,0.06383593928689044,0.06968989831131793,0.0745720538613346,0.07500011015363463,0.0775337406404915,0.07941950214440793,0.08063425648742137,0.08403556864785941,0.0877145389438434,0.09029444578662471,0.09226119091340856,0.09500306500192507,0.10101899127208777,0.10218746925917711,0.10399224714022577,0.11081800963906409,0.2287995790681377,0.23206206216080277,0.23220089122857573,0.23429489633415146,0.2352319925416193,0.24005630264673042,0.3543241945128767,0.35758667760554175,0.35772550667331476,0.3617284114607691,0.4738791600433775,0.47714164313604257,0.47728047220381553,0.4810404261226669,0.4867439869903403,0.49170712616322476,0.4923202878792219,0.5991955318864568,0.6024580149791219,0.6025968440468948,0.6052808726905058,0.6098853701049766,0.61152818074029,0.6142122093839013,0.6247400803566858,0.6273894017333534,0.6368297783419165,0.6469758693783254,0.6549238335083286,0.6623049122782588,0.6724857105816111,0.6822615907706251,0.6938306797517072,0.757356547346828,0.7605264777276446,0.8229185746026194,0.8259381068266815,0.8879252855873185,0.8911067850571162,0.9528510129491506,0.956460568711248,1.0227167413059042,1.026210606178191,1.038462271409157,1.039734871197076,1.0527385272118117,1.0543581996691633,1.0634283654303314,1.0714457440942213,1.0733777819540617,1.074777641720773,1.0770798904280081,1.077450101275403,1.0789193755760005,1.08832504491762,1.1322413066898067,1.1377250548668398,1.142699763128705,1.1828792091600027,1.188166282824357,1.1930368692853925,1.2308099448086247,1.2360391730280742,1.2409097594891092,1.278705973190304,1.2841203068334504,1.288990893294486,1.3270069196863212,1.3322939933506757,1.3372687016125409,1.3740352663944193,1.3791488037240573,1.3841235119859225,1.4387064737986672,1.4439357020181163,1.4466428688396893,1.4493384665722815,1.4523348606183817,1.4550767347068982,1.4576219342827361,1.4599357520789527,1.4630131297479203,1.4648873221628556,1.4667036691328856,1.468600999725783,1.470695004831359,1.474281422415494,1.4795800651688298,1.4850869515238245,1.5171333280014219,1.5201065838695598,1.520685038318614,1.5222468653310601,1.5229641488478871,1.5731624259368013,1.588745988794319,1.6022702538132036
-1.1401173388814725,-1.1390382475675112,-1.1389226335264886,-1.138761452243153,-1.1387413887249318,-1.138672351975078,-1.1386596611170754,-1.1386001840775772,-1.1385697569123714,-1.1385331402152719,-1.138520346491437,-1.1384786612830966,-1.1382536671064414,-0.9720966568257831,-0.9350427495699738,-0.9188389817204925,-0.915465826694958,-0.9126795050692161,-0.9099292890461863,-0.9085361083489655,-0.9040197099214908,-0.9010850925657908,-0.8981930384504268,-0.8949232726057359,-0.8914593212627179,-0.8879710729568158,-0.8847329434360772,-0.8815306231365849,-0.8784913950349827,-0.8753074447160103,-0.87182312030587,-0.8685925422332452,-0.8651162241566399,-0.8619172242200808,-0.858634270161278,-0.8549434602316923,-0.8514938073915984,-0.8478233371158161,-0.8445658218572764,-0.8302779562041468,-0.8274558048829384,-0.824295060075843,-0.8209232724085612,-0.8175335812152572,-0.8144358675516006,-0.8113870201817339,-0.808530034714513,-0.8055179666177116,-0.8021767691863319,-0.7991288424713732,-0.7958138939800415,-0.7928174571513568,-0.7897350096449046,-0.7862060221690367,-0.7829543542793498,-0.7794655672122234,-0.777075775103302,-0.7659901431718737,-0.7640254506799071,-0.7620935430091015,-0.758893170690875,-0.7570245116164737,-0.7361520479269826,-0.7254088949404696,-0.7166068843354104,-0.706128937275033,-0.6858206965578161,-0.6849887201412099,-0.6810849542676813,-0.6801398798177386,-0.6790095344516001,-0.6523013363659562,-0.6385385923386008,-0.6234941978472516,-0.6132993117174135,-0.5278549877633056,-0.5268602127902312,-0.5259226475841077,-0.5257195752465985,-0.5236385703448005,-0.5210008160939711,-0.5190090814571674,-0.5148696859628197,-0.5136886614971476,-0.5123794497260215,-0.5103445332458094,-0.5070111368349178,-0.5047020293283522,-0.4998244129828007,-0.4943631373885779,-0.39570744290326226,-0.3926811728901009,-0.39212640219560957,-0.39096284962285927,-0.3849599858778872,-0.3847348146258647,-0.3829429722386863,-0.3816970898952732,-0.374070709788264,-0.3726121961581094,-0.3688785814456655,-0.36790310509981494,-0.3646361997853334,-0.3595866645695175,-0.3569793245447954,-0.3525948994410261,-0.3477809590626884,-0.3473306165966993,-0.34294133438372365,-0.3374901968014429,-0.23143653390611316,-0.2302600425774571,-0.2236458141960145,-0.2233977576367443,-0.22019363533946137,-0.2141960683666485,-0.20917924151714465,-0.20873873124370107,-0.2061292530710229,-0.2041846691177285,-0.2029309521121713,-0.19941608027932203,-0.19560687379365665,-0.1929310465882577,-0.19088863578224577,-0.18803760397476543,-0.18176719510494554,-0.18054690184561764,-0.17866056670693306,-0.1715096004338371,-0.04372017773580693,-0.040074013480278045,-0.03991872329233677,-0.03757510020797288,-0.03652548887915734,-0.03111403128746893,0.10093026569429688,0.10480931088752451,0.10497451090260199,0.10974249194588877,0.2470325648653555,0.25113341573694037,0.2513080542915224,0.2560420165803333,0.2632384202861403,0.2695156579173718,0.2702921396445209,0.4089007407904192,0.4132340862534468,0.4134186181948986,0.4169883900134079,0.4231219373203671,0.425313206516837,0.42889661036053395,0.4429917517581648,0.44654869708647493,0.45925567842346204,0.4729690732242075,0.483752383235426,0.49379874876138696,0.5077066416157985,0.5211168512681895,0.5370571354997018,0.6259416373726985,0.6304370733571186,0.7200814877947943,0.724476084323824,0.8158373366963565,0.8205854159220961,0.9138725140739411,0.9193931335491168,1.0220445367817885,1.0275269104132068,1.0468063755556678,1.0488138576460804,1.0693794591618417,1.0719477453722226,1.0863577166501033,1.099134054789349,1.1022183782367339,1.1044544537423624,1.108134389767811,1.1087264195856383,1.1110768063934162,1.1261520666473512,1.1972061884773098,1.2061556195584318,1.2142890949579266,1.2804969510405484,1.2892773619900122,1.2973801664364641,1.3606782037066143,1.3695049935984795,1.3777403932064838,1.442106403870286,1.451393400654263,1.4597619722031605,1.5255441314533233,1.5347578732652525,1.5434417733444188,1.6080582140548136,1.6171060364758498,1.6259224862013872,1.7235817110722984,1.7330267189082753,1.737922500035468,1.7428014999512018,1.7482297870476322,1.7532014576995347,1.7578203367928638,1.76202251450523,1.767616128153509,1.771025403699775,1.774331360659397,1.777786720403013,1.7816026340986777,1.7881439694222647,1.7978216508659166,1.8078965970335716,1.8668681896804957,1.872369166652879,1.8734399797980703,1.876332125742977,1.8776608353653867,1.9713757964689325,2.0007601609546346,2.0263734446170387
-1.0,-1.0,-1.0,-1.0,-1.0,-1.0,-1.0,-1.0,1.0,-1.0,-1.0,1.0,-1.0,-1.0,1.0,-1.0,-1.0,-1.0,-1.0,-1.0,-1.0,-1.0,-1.0,-1.0,-1.0,-1.0,-1.0,-1.0,-1.0,-1.0,-1.0,-1.0,-1.0,-1.0,-1.0,-1.0,-1.0,-1.0,-1.0,-1.0,-1.0,-1.0,-1.0,-1.0,-1.0,-1.0,-1.0,-1.0,-1.0,-1.0,-1.0,-1.0,-1.0,-1.0,-1.0,-1.0,-1.0,-1.0,1.0,-1.0,-1.0,-1.0,-1.0,-1.0,-1.0,-1.0,-1.0,-1.0,-1.0,1.0,-1.0,-1.0,-1.0,-1.0,-1.0,1.0,-1.0,-1.0,-1.0,-1.0,-1.0,-1.0,-1.0,1.0,1.0,1.0,-1.0,1.0,1.0,1.0,-1.0,-1.0,1.0,-1.0,-1.0,-1.0,-1.0,-1.0,-1.0,-1.0,-1.0,-1.0,1.0,-1.0,-1.0,1.0,-1.0,-1.0,1.0,1.0,1.0,-1.0,-1.0,-1.0,1.0,-1.0,-1.0,1.0,-1.0,-1.0,1.0,1.0,1.0,-1.0,-1.0,-1.0,-1.0,1.0,1.0,1.0,-1.0,-1.0,-1.0,-1.0,-1.0,1.0,-1.0,-1.0,-1.0,1.0,-1.0,-1.0,-1.0,1.0,-1.0,-1.0,1.0,-1.0,-1.0,-1.0,-1.0,-1.0,1.0,1.0,-1.0,-1.0,-1.0,-1.0,-1.0,-1.0,-1.0,-1.0,-1.0,-1.0,1.0,-1.0,1.0,-1.0,1.0,-1.0,1.0,-1.0,1.0,-1.0,-1.0,-1.0,-1.0,-1.0,-1.0,-1.0,-1.0,-1.0,1.0,-1.0,-1.0,1.0,-1.0,-1.0,-1.0,-1.0,-1.0,-1.0,-1.0,-1.0,-1.0,-1.0,-1.0,-1.0,-1.0,-1.0,-1.0,-1.0,-1.0,-1.0,-1.0,-1.0,-1.0,-1.0,-1.0,-1.0,-1.0,-1.0,-1.0,-1.0,-1.0,-1.0,-1.0,-1.0,1.0,-1.0,-1.0,-1.0,-1.0,-1.0,-1.0,-1.0,-1.0
-1.0,-1.0,-1.0,-1.0,-1.0,-1.0,-1.0,-1.0,-1.0,-1.0,-1.0,-1.0,-1.0,-1.0,-1.0,-1.0,-1.0,-1.0,-1.0,-1.0,-1.0,-1.0,-1.0,-1.0,-1.0,-1.0,-1.0,-1.0,-1.0,-1.0,-1.0,-1.0,-1.0,-1.0,-1.0,-1.0,-1.0,-1.0,-1.0,-1.0,-1.0,-1.0,-1.0,-1.0,-1.0,-1.0,-1.0,-1.0,-1.0,-1.0,-1.0,-1.0,-1.0,-1.0,-1.0,-1.0,-1.0,-1.0,-1.0,-1.0,-1.0,-1.0,-1.0,-1.0,-1.0,-1.0,-1.0,-1.0,-1.0,-1.0,-1.0,-1.0,-1.0,-1.0,-1.0,-1.0,-1.0,-1.0,-1.0,-1.0,-1.0,-1.0,-1.0,-1.0,-1.0,-1.0,-1.0,-1.0,-1.0,-1.0,-1.0,-1.0,-1.0,-1.0,-1.0,-1.0,-1.0,-1.0,-1.0,-1.0,-1.0,-1.0,-1.0,-1.0,-1.0,-1.0,-1.0,-1.0,-1.0,-1.0,-1.0,-1.0,-1.0,-1.0,-1.0,-1.0,-1.0,-1.0,-1.0,-1.0,-1.0,-1.0,-1.0,-1.0,-1.0,-1.0,-1.0,-1.0,-1.0,-1.0,-1.0,-1.0,-1.0,-1.0,-1.0,-1.0,-1.0,-1.0,-1.0,-1.0,-1.0,-1.0,-1.0,-1.0,-1.0,-1.0,-1.0,-1.0,-1.0,-1.0,-1.0,-1.0,-1.0,-1.0,-1.0,-1.0,-1.0,-1.0,-1.0,-1.0,-1.0,-1.0,-1.0,-1.0,-1.0,-1.0,-1.0,-1.0,-1.0,-1.0,-1.0,-1.0,-1.0,-1.0,-1.0,-1.0,-1.0,-1.0,-1.0,-1.0,-1.0,-1.0,-1.0,-1.0,-1.0,-1.0,-1.0,-1.0,-1.0,-1.0,-1.0,-1.0,-1.0,-1.0,-1.0,-1.0,-1.0,-1.0,-1.0,-1.0,-1.0,-1.0,-1.0,-1.0,-1.0,-1.0,-1.0,-1.0,-1.0,-1.0,-1.0,-1.0,-1.0,-1.0,-1.0,-1.0,-1.0,-1.0,-1.0,-1.0,-1.0,-1.0,-1.0,-1.0,-1.0,-1.0,-1.0
-1.0,-1.0,-1.0,-1.0,-1.0,-1.0,-1.0,-1.0,-1.0,-1.0,-1.0,-1.0,-1.0,-1.0,-1.0,-1.0,-1.0,-1.0,-1.0,-1.0,-1.0,-1.0,-1.0,-1.0,-1.0,-1.0,-1.0,-1.0,-1.0,-1.0,-1.0,-1.0,-1.0,-1.0,-1.0,-1.0,-1.0,-1.0,-1.0,-1.0,-1.0,-1.0,-1.0,-1.0,-1.0,-1.0,-1.0,-1.0,-1.0,-1.0,-1.0,-1.0,-1.0,-1.0,-1.0,-1.0,-1.0,-1.0,-1.0,-1.0,-1.0,-1.0,-1.0,-1.0,-1.0,-1.0,-1.0,-1.0,-1.0,-1.0,-1.0,-1.0,-1.0,-1.0,-1.0,-1.0,-1.0,-1.0,-1.0,-1.0,-1.0,-1.0,-1.0,-1.0,-1.0,-1.0,-1.0,-1.0,-1.0,-1.0,-1.0,-1.0,-1.0,-1.0,-1.0,-1.0,-1.0,-1.0,-1.0,-1.0,-1.0,-1.0,-1.0,-1.0,-1.0,-1.0,-1.0,-1.0,-1.0,-1.0,-1.0,-1.0,-1.0,-1.0,-1.0,-1.0,-1.0,-1.0,-1.0,-1.0,-1.0,-1.0,-1.0,-1.0,-1.0,-1.0,-1.0,-1.0,-1.0,-1.0,-1.0,-1.0,-1.0,-1.0,-1.0,-1.0,-1.0,-1.0,-1.0,-1.0,-1.0,-1.0,-1.0,-1.0,-1.0,-1.0,-1.0,-1.0,-1.0,-1.0,-1.0,-1.0,-1.0,-1.0,-1.0,-1.0,-1.0,-1.0,-1.0,-1.0,-1.0,-1.0,-1.0,-1.0,-1.0,-1.0,-1.0,-1.0,-1.0,-1.0,-1.0,-1.0,-1.0,-1.0,-1.0,-1.0,-1.0,-1.0,-1.0,-1.0,-1.0,-1.0,-1.0,-1.0,-1.0,-1.0,-1.0,-1.0,-1.0,-1.0,-1.0,-1.0,-1.0,-1.0,-1.0,-1.0,-1.0,-1.0,-1.0,-1.0,-1.0,-1.0,-1.0,-1.0,-1.0,-1.0,-1.0,-1.0,-1.0,-1.0,-1.0,-1.0,-1.0,-1.0,-1.0,-1.0,-1.0,-1.0,-1.0,-1.0,-1.0,1.0,-1.0,-1.0,-1.0,-1.0,-1.0
-1.0,-1.0,-1.0,-1.0,-1.0,-1.0,-1.0,-1.0,-1.0,-1.0,-1.0,-1.0,-1.0,-1.0,-1.0,-1.0,-1.0,-1.0,-1.0,-1.0,-1.0,-1.0,-1.0,-1.0,-1.0,-1.0,-1.0,-1.0,-1.0,-1.0,-1.0,-1.0,-1.0,-1.0,-1.0,-1.0,-1.0,-1.0,-1.0,-1.0,-1.0,-1.0,-1.0,-1.0,-1.0,-1.0,-1.0,-1.0,-1.0,-1.0,-1.0,-1.0,-1.0,-1.0,-1.0,-1.0,-1.0,-1.0,-1.0,-1.0,-1.0,-1.0,-1.0,-1.0,-1.0,-1.0,-1.0,-1.0,-1.0,-1.0,-1.0,-1.0,-1.0,-1.0,-1.0,-1.0,-1.0,-1.0,-1.0,-1.0,-1.0,-1.0,-1.0,-1.0,-1.0,-1.0,-1.0,-1.0,-1.0,-1.0,-1.0,-1.0,-1.0,-1.0,-1.0,-1.0,-1.0,-1.0,-1.0,-1.0,-1.0,-1.0,-1.0,-1.0,-1.0,-1.0,-1.0,-1.0,-1.0,-1.0,-1.0,-1.0,-1.0,-1.0,-1.0,-1.0,-1.0,-1.0,-1.0,-1.0,-1.0,-1.0,-1.0,-1.0,-1.0,-1.0,-1.0,-1.0,-1.0,-1.0,-1.0,-1.0,-1.0,-1.0,-1.0,-1.0,-1.0,-1.0,-1.0,-1.0,-1.0,-1.0,-1.0,-1.0,-1.0,-1.0,-1.0,-1.0,-1.0,-1.0,-1.0,-1.0,-1.0,-1.0,-1.0,-1.0,-1.0,-1.0,-1.0,-1.0,-1.0,-1.0,-1.0,-1.0,-1.0,-1.0,-1.0,-1.0,-1.0,-1.0,-1.0,-1.0,-1.0,-1.0,-1.0,-1.0,-1.0,-1.0,-1.0,-1.0,-1.0,-1.0,-1.0,-1.0,-1.0,-1.0,-1.0,-1.0,-1.0,-1.0,-1.0,-1.0,-1.0,-1.0,-1.0,-1.0,-1.0,-1.0,-1.0,-1.0,-1.0,-1.0,-1.0,-1.0,-1.0,-1.0,-1.0,-1.0,-1.0,-1.0,-1.0,-1.0,-1.0,-1.0,-1.0,-1.0,-1.0,-1.0,-1.0,-1.0,-1.0,-1.0,-1.0,-1.0,-1.0,-1.0,-1.0
-1.0,-1.0,-1.0,-1.0,-1.0,-1.0,-1.0,-1.0,-1.0,-1.0,-1.0,-1.0,-1.0,-1.0,-1.0,-1.0,-1.0,-1.0,-1.0,-1.0,-1.0,-1.0,-1.0,-1.0,-1.0,-1.0,-1.0,-1.0,-1.0,-1.0,-1.0,-1.0,-1.0,-1.0,-1.0,-1.0,-1.0,-1.0,-1.0,-1.0,-1.0,-1.0,-1.0,-1.0,-1.0,-1.0,-1.0,-1.0,-1.0,-1.0,-1.0,-1.0,-1.0,-1.0,-1.0,-1.0,-1.0,-1.0,-1.0,-1.0,-1.0,-1.0,-1.0,-1.0,-1.0,-1.0,-1.0,-1.0,-1.0,-1.0,-1.0,-1.0,-1.0,-1.0,-1.0,-1.0,-1.0,-1.0,-1.0,-1.0,-1.0,-1.0,-1.0,-1.0,-1.0,-1.0,-1.0,-1.0,-1.0,-1.0,-1.0,-1.0,-1.0,-1.0,-1.0,-1.0,-1.0,-1.0,-1.0,-1.0,-1.0,-1.0,-1.0,-1.0,-1.0,-1.0,-1.0,-1.0,-1.0,-1.0,-1.0,-1.0,-1.0,-1.0,-1.0,-1.0,-1.0,-1.0,-1.0,-1.0,-1.0,-1.0,-1.0,-1.0,-1.0,-1.0,-1.0,-1.0,-1.0,-1.0,-1.0,-1.0,-1.0,-1.0,-1.0,-1.0,-1.0,-1.0,-1.0,-1.0,-1.0,-1.0,-1.0,-1.0,-1.0,-1.0,-1.0,-1.0,-1.0,-1.0,-1.0,-1.0,-1.0,-1.0,-1.0,-1.0,-1.0,-1.0,-1.0,-1.0,-1.0,-1.0,-1.0,-1.0,-1.0,-1.0,-1.0,-1.0,-1.0,-1.0,-1.0,-1.0,-1.0,-1.0,-1.0,-1.0,-1.0,-1.0,-1.0,-1.0,-1.0,-1.0,-1.0,-1.0,-1.0,-1.0,-1.0,-1.0,-1.0,-1.0,-1.0,-1.0,-1.0,-1.0,-1.0,-1.0,-1.0,-1.0,-1.0,-1.0,-1.0,-1.0,-1.0,-1.0,-1.0,-1.0,-1.0,-1.0,-1.0,-1.0,-1.0,-1.0,-1.0,-1.0,-1.0,-1.0,-1.0,-1.0,-1.0,-1.0,-1.0,-1.0,-1.0,-1.0,-1.0,-1.0,-1.0
-1.0,-1.0,-1.0,-1.0,-1.0,-1.0,-1.0,-1.0,1.0,-1.0,-1.0,-1.0,-1.0,-1.0,-1.0,-1.0,-1.0,-1.0,-1.0,-1.0,-1.0,-1.0,-1.0,-1.0,-1.0,-1.0,-1.0,-1.0,-1.0,-1.0,-1.0,-1.0,-1.0,-1.0,-1.0,-1.0,-1.0,-1.0,-1.0,-1.0,-1.0,-1.0,-1.0,-1.0,-1.0,-1.0,-1.0,-1.0,-1.0,-1.0,-1.0,-1.0,-1.0,-1.0,-1.0,-1.0,-1.0,-1.0,-1.0,-1.0,-1.0,-1.0,1.0,-1.0,-1.0,-1.0,-1.0,-1.0,-1.0,-1.0,-1.0,-1.0,-1.0,-1.0,-1.0,-1.0,-1.0,-1.0,-1.0,-1.0,-1.0,-1.0,-1.0,-1.0,-1.0,-1.0,-1.0,-1.0,-1.0,-1.0,-1.0,-1.0,-1.0,-1.0,-1.0,-1.0,-1.0,-1.0,-1.0,-1.0,-1.0,-1.0,-1.0,-1.0,-1.0,-1.0,-1.0,-1.0,-1.0,-1.0,-1.0,-1.0,-1.0,-1.0,-1.0,1.0,-1.0,-1.0,-1.0,-1.0,-1.0,-1.0,-1.0,-1.0,-1.0,-1.0,-1.0,-1.0,-1.0,1.0,-1.0,-1.0,-1.0,-1.0,-1.0,1.0,-1.0,-1.0,-1.0,1.0,-1.0,-1.0,-1.0,-1.0,-1.0,-1.0,-1.0,-1.0,-1.0,-1.0,-1.0,-1.0,-1.0,-1.0,-1.0,-1.0,-1.0,-1.0,-1.0,-1.0,-1.0,-1.0,-1.0,-1.0,-1.0,-1.0,-1.0,-1.0,-1.0,-1.0,-1.0,-1.0,-1.0,-1.0,-1.0,-1.0,-1.0,-1.0,-1.0,-1.0,-1.0,-1.0,-1.0,-1.0,-1.0,-1.0,-1.0,-1.0,-1.0,-1.0,-1.0,-1.0,-1.0,-1.0,-1.0,-1.0,-1.0,-1.0,-1.0,-1.0,-1.0,-1.0,-1.0,-1.0,-1.0,-1.0,-1.0,-1.0,-1.0,-1.0,-1.0,-1.0,-1.0,-1.0,-1.0,-1.0,-1.0,-1.0,-1.0,-1.0,-1.0,1.0,-1.0,-1.0,-1.0,-1.0,-1.0
-0.47847101069523384,0.12695613510809048,-0.9597079727440301,1.337810426714739,-0.47847101069523384,1.337810426714739,-1.0838981564985581,0.5305742323103066,-0.6802800592963419,0.12695613510809048,1.337810426714739,-1.0838981564985581,1.337810426714739,0.12695613510809048,0.5305742323103066,-0.5995564398558987,1.337810426714739,1.337810426714739,0.12695613510809048,1.337810426714739,-0.27666196209412575,1.337810426714739,1.337810426714739,1.337810426714739,1.337810426714739,1.337810426714739,1.337810426714739,1.337810426714739,1.337810426714739,1.337810426714739,1.337810426714739,1.337810426714739,1.337810426714739,1.337810426714739,1.337810426714739,1.337810426714739,1.337810426714739,1.337810426714739,1.337810426714739,1.337810426714739,1.337810426714739,1.337810426714739,1.337810426714739,1.337810426714739,1.337810426714739,1.337810426714739,1.337810426714739,1.337810426714739,1.337810426714739,1.337810426714739,1.337810426714739,1.337810426714739,1.337810426714739,1.337810426714739,1.337810426714739,1.337810426714739,0.0,-0.8637428307518948,-0.9109189719833226,1.337810426714739,1.337810426714739,-1.0838981564985581,-0.27666196209412575,-0.27666196209412575,0.12695613510809048,0.12695613510809048,1.337810426714739,-0.27666196209412575,1.337810426714739,-0.47847101069523384,-0.8637428307518948,1.337810426714739,1.337810426714739,1.337810426714739,1.337810426714739,-0.27666196209412575,0.0,1.337810426714739,0.0,-0.27666196209412575,0.12695613510809048,-0.9045123355197954,-1.0838981564985581,-1.0838981564985581,0.12695613510809048,-0.8733148014365323,-0.47847101069523384,-0.7903577221696736,-0.9224509176176717,-0.8820891078974501,0.12695613510809048,-1.0838981564985581,-0.27666196209412575,0.0,1.337810426714739,0.0,-0.7379397874680871,-0.5995564398558987,-1.0838981564985581,0.2999353196233259,-0.1152147232132392,-1.0838981564985581,-0.9942052460091768,-0.9325413700477271,-1.0838981564985581,-1.0354639848342921,-0.47847101069523384,-1.0838981564985581,-1.0031745370581149,-0.897612880866766,-0.27666196209412575,0.0,1.337810426714739,0.0,-0.7251265145410326,-0.7610036787367851,-1.0838981564985581,0.0,-0.9685787001550679,-1.0838981564985581,-0.9325413700477271,-0.6514501952104694,-0.8289814635287374,-0.8637428307518948,1.337810426714739,-0.49323752644653446,-1.0838981564985581,-0.8820891078974501,-0.7379397874680871,-0.914941743716235,0.0,1.337810426714739,0.0,-0.54574069356227,-1.0838981564985581,-0.9703805666604348,0.0,1.337810426714739,0.0,-0.701523117043827,0.0,1.337810426714739,0.0,-0.9414447104271877,-0.9493587907644861,-1.0838981564985581,0.0,0.0,1.337810426714739,0.0,-0.23630015237390417,-1.0838981564985581,-0.9564398100136478,-0.781184583596896,1.337810426714739,1.337810426714739,-0.9109189719833226,-0.897612880866766,-0.47847101069523384,-0.6802800592963419,-0.5250423296031819,-0.8820891078974501,1.337810426714739,-0.39198141843761614,-0.20327685351190458,-0.6435875050052313,-0.47847101069523384,-0.8820891078974501,-0.897612880866766,-0.7610036787367851,-0.22917748007033553,-0.897612880866766,-0.7610036787367851,-0.5995564398558987,1.337810426714739,1.337810426714739,-1.0838981564985581,1.337810426714739,-0.7379397874680871,1.337810426714739,-0.7610036787367851,-1.0838981564985581,0.0,1.337810426714739,1.337810426714739,-0.711327605234974,1.337810426714739,1.337810426714739,-0.8820891078974501,1.337810426714739,1.337810426714739,-0.9109189719833226,1.337810426714739,1.337810426714739,-0.1524717783395976,1.337810426714739,1.337810426714739,-0.1524717783395976,1.337810426714739,1.337810426714739,-0.8820891078974501,1.337810426714739,1.337810426714739,1.337810426714739,0.5305742323103066,1.337810426714739,1.337810426714739,1.337810426714739,1.337810426714739,1.337810426714739,1.337810426714739,1.337810426714739,0.7323832809114148,1.337810426714739,1.337810426714739,-0.5995564398558987,0.7323832809114148,1.337810426714739,0.5305742323103066,-0.27666196209412575,1.337810426714739,-1.0838981564985581,1.337810426714739,1.337810426714739,-0.27666196209412575,1.337810426714739,1.337810426714739
-0.7114277058548415,-0.2788056493287897,-0.8495671615547007,1.4516825767754173,-0.7114277058548415,1.4516825767754173,-0.8556350580301921,0.16983944632785655,-0.791542901507814,-0.2788056493287897,1.4516825767754173,-0.8556350580301921,1.4516825767754173,-0.2788056493287897,0.16983944632785655,-0.7633423526379678,1.4516825767754173,1.4516825767754173,-0.2788056493287897,1.4516825767754173,-0.59926643194068,1.4516825767754173,1.4516825767754173,1.4516825767754173,1.4516825767754173,1.4516825767754173,1.4516825767754173,1.4516825767754173,1.4516825767754173,1.4516825767754173,1.4516825767754173,1.4516825767754173,1.4516825767754173,1.4516825767754173,1.4516825767754173,1.4516825767754173,1.4516825767754173,1.4516825767754173,1.4516825767754173,1.4516825767754173,1.4516825767754173,1.4516825767754173,1.4516825767754173,1.4516825767754173,1.4516825767754173,1.4516825767754173,1.4516825767754173,1.4516825767754173,1.4516825767754173,1.4516825767754173,1.4516825767754173,1.4516825767754173,1.4516825767754173,1.4516825767754173,1.4516825767754173,1.4516825767754173,0.0,-0.8365663172466746,-0.843863029281184,1.4516825767754173,1.4516825767754173,-0.8556350580301921,-0.59926643194068,-0.59926643194068,-0.2788056493287897,-0.2788056493287897,1.4516825767754173,-0.59926643194068,1.4516825767754173,-0.7114277058548415,-0.8365663172466746,1.4516825767754173,1.4516825767754173,1.4516825767754173,1.4516825767754173,-0.59926643194068,0.0,1.4516825767754173,0.0,-0.59926643194068,-0.2788056493287897,-0.8429748789640434,-0.8556350580301921,-0.8556350580301921,-0.2788056493287897,-0.8381884218501875,-0.7114277058548415,-0.82173507441505,-0.8453803129866116,-0.8396120188995977,-0.2788056493287897,-0.8556350580301921,-0.59926643194068,0.0,1.4516825767754173,0.0,-0.8085469430341592,-0.7633423526379678,-0.8556350580301921,-0.1022252180936666,-0.4864642364612945,-0.8556350580301921,-0.8524700132636549,-0.8466220985192328,-0.8556350580301921,-0.8547121309762699,-0.7114277058548415,-0.8556350580301921,-0.853071371769297,-0.8419822909603365,-0.59926643194068,0.0,1.4516825767754173,0.0,-0.8049943417655971,-0.8146160778558702,-0.8556350580301921,0.0,-0.8504030452528551,-0.8556350580301921,-0.8466220985192328,-0.7820598783488908,-0.8300692116611549,-0.8365663172466746,1.4516825767754173,-0.7183764241928566,-0.8556350580301921,-0.8396120188995977,-0.8085469430341592,-0.8444041988018252,0.0,1.4516825767754173,0.0,-0.7416934464348534,-0.8556350580301921,-0.8505652683052775,0.0,1.4516825767754173,0.0,-0.7981119036998584,0.0,1.4516825767754173,0.0,-0.8476512599858821,-0.8485137073054835,-0.8556350580301921,0.0,0.0,1.4516825767754173,0.0,-0.5729886477665049,-0.8556350580301921,-0.8492435964379329,-0.8195832199863545,1.4516825767754173,1.4516825767754173,-0.843863029281184,-0.8419822909603365,-0.7114277058548415,-0.791542901507814,-0.732760154401491,-0.8396120188995977,1.4516825767754173,-0.6672825980460608,-0.5505352054939131,-0.7793600948961223,-0.7114277058548415,-0.8396120188995977,-0.8419822909603365,-0.8146160778558702,-0.5682183284350296,-0.8419822909603365,-0.8146160778558702,-0.7633423526379678,1.4516825767754173,1.4516825767754173,-0.8556350580301921,1.4516825767754173,-0.8085469430341592,1.4516825767754173,-0.8146160778558702,-0.8556350580301921,0.0,1.4516825767754173,1.4516825767754173,-0.8010239897507694,1.4516825767754173,1.4516825767754173,-0.8396120188995977,1.4516825767754173,1.4516825767754173,-0.843863029281184,1.4516825767754173,1.4516825767754173,-0.5143158812838001,1.4516825767754173,1.4516825767754173,-0.5143158812838001,1.4516825767754173,1.4516825767754173,-0.8396120188995977,1.4516825767754173,1.4516825767754173,1.4516825767754173,0.16983944632785655,1.4516825767754173,1.4516825767754173,1.4516825767754173,1.4516825767754173,1.4516825767754173,1.4516825767754173,1.4516825767754173,0.4422311115479633,1.4516825767754173,1.4516825767754173,-0.7633423526379678,0.4422311115479633,1.4516825767754173,0.16983944632785655,-0.59926643194068,1.4516825767754173,-0.8556350580301921,1.4516825767754173,1.4516825767754173,-0.59926643194068,1.4516825767754173,1.4516825767754173
-0.7383952689010893,-0.49006343445140743,-0.7735650415070298,1.4965912411460476,-0.7383952689010893,1.4965912411460476,-0.7738712452510439,-0.10114161965190568,-0.7633598448510573,-0.49006343445140743,1.4965912411460476,-0.7738712452510439,1.4965912411460476,-0.49006343445140743,-0.10114161965190568,-0.7557075453598672,1.4965912411460476,1.4965912411460476,-0.49006343445140743,1.4965912411460476,-0.6897800420511516,1.4965912411460476,1.4965912411460476,1.4965912411460476,1.4965912411460476,1.4965912411460476,1.4965912411460476,1.4965912411460476,1.4965912411460476,1.4965912411460476,1.4965912411460476,1.4965912411460476,1.4965912411460476,1.4965912411460476,1.4965912411460476,1.4965912411460476,1.4965912411460476,1.4965912411460476,1.4965912411460476,1.4965912411460476,1.4965912411460476,1.4965912411460476,1.4965912411460476,1.4965912411460476,1.4965912411460476,1.4965912411460476,1.4965912411460476,1.4965912411460476,1.4965912411460476,1.4965912411460476,1.4965912411460476,1.4965912411460476,1.4965912411460476,1.4965912411460476,1.4965912411460476,1.4965912411460476,0.0,-0.772165413180122,-0.7730438172312198,1.4965912411460476,1.4965912411460476,-0.7738712452510439,-0.6897800420511516,-0.6897800420511516,-0.49006343445140743,-0.49006343445140743,1.4965912411460476,-0.6897800420511516,1.4965912411460476,-0.7383952689010893,-0.772165413180122,1.4965912411460476,1.4965912411460476,1.4965912411460476,1.4965912411460476,-0.6897800420511516,0.0,1.4965912411460476,0.0,-0.6897800420511516,-0.49006343445140743,-0.7729484336932947,-0.7738712452510439,-0.7738712452510439,-0.49006343445140743,-0.7723783793111099,-0.7383952689010893,-0.769827791453303,-0.7731985156254447,-0.7725573202010455,-0.49006343445140743,-0.7738712452510439,-0.6897800420511516,0.0,1.4965912411460476,0.0,-0.7672518210924518,-0.7557075453598672,-0.7738712452510439,-0.3502280991011493,-0.62856164612163,-0.7738712452510439,-0.7737558938063253,-0.7733169331205758,-0.7738712452510439,-0.7738530815511527,-0.7383952689010893,-0.7738712452510439,-0.7737871540478439,-0.7728378076149961,-0.6897800420511516,0.0,1.4965912411460476,0.0,-0.7664887527890505,-0.7684894082462508,-0.7738712452510439,0.0,-0.7736260813933183,-0.7738712452510439,-0.7733169331205758,-0.7609426824412937,-0.7712230895590805,-0.772165413180122,1.4965912411460476,-0.7409282745106731,-0.7738712452510439,-0.7725573202010455,-0.7672518210924518,-0.7731002126736266,0.0,1.4965912411460476,0.0,-0.7489553331918166,-0.7738712452510439,-0.7736373948210027,0.0,1.4965912411460476,0.0,-0.7649337197906675,0.0,1.4965912411460476,0.0,-0.7734091116287363,-0.7734819341251185,-0.7738712452510439,0.0,0.0,1.4965912411460476,0.0,-0.6765251661467686,-0.7738712452510439,-0.7735402257895485,-0.7694367482072996,1.4965912411460476,1.4965912411460476,-0.7730438172312198,-0.7728378076149961,-0.7383952689010893,-0.7633598448510573,-0.7459684290777524,-0.7725573202010455,1.4965912411460476,-0.720915851982307,-0.6646979927120402,-0.7602245886836685,-0.7383952689010893,-0.7725573202010455,-0.7728378076149961,-0.7684894082462508,-0.6740503828326087,-0.7728378076149961,-0.7684894082462508,-0.7557075453598672,1.4965912411460476,1.4965912411460476,-0.7738712452510439,1.4965912411460476,-0.7672518210924518,1.4965912411460476,-0.7684894082462508,-0.7738712452510439,0.0,1.4965912411460476,1.4965912411460476,-0.7656037441626612,1.4965912411460476,1.4965912411460476,-0.7725573202010455,1.4965912411460476,1.4965912411460476,-0.7730438172312198,1.4965912411460476,1.4965912411460476,-0.6446915407450645,1.4965912411460476,1.4965912411460476,-0.6446915407450645,1.4965912411460476,1.4965912411460476,-0.7725573202010455,1.4965912411460476,1.4965912411460476,1.4965912411460476,-0.10114161965190568,1.4965912411460476,1.4965912411460476,1.4965912411460476,1.4965912411460476,1.4965912411460476,1.4965912411460476,1.4965912411460476,0.1839801161977291,1.4965912411460476,1.4965912411460476,-0.7557075453598672,0.1839801161977291,1.4965912411460476,-0.10114161965190568,-0.6897800420511516,1.4965912411460476,-0.7738712452510439,1.4965912411460476,1.4965912411460476,-0.6897800420511516,1.4965912411460476,1.4965912411460476
-1.0,-1.0,-1.0,-1.0,-1.0,-1.0,-1.0,-1.0,-1.0,-1.0,-1.0,-1.0,-1.0,-1.0,-1.0,-1.0,-1.0,-1.0,-1.0,-1.0,-1.0,-1.0,-1.0,-1.0,-1.0,-1.0,-1.0,-1.0,-1.0,-1.0,-1.0,-1.0,-1.0,-1.0,-1.0,-1.0,-1.0,-1.0,-1.0,-1.0,-1.0,-1.0,-1.0,-1.0,-1.0,-1.0,-1.0,-1.0,-1.0,-1.0,-1.0,-1.0,-1.0,-1.0,-1.0,-1.0,-1.0,-1.0,-1.0,-1.0,1.0,-1.0,-1.0,-1.0,-1.0,-1.0,-1.0,-1.0,-1.0,-1.0,-1.0,-1.0,-1.0,-1.0,-1.0,-1.0,-1.0,-1.0,-1.0,-1.0,-1.0,-1.0,-1.0,-1.0,-1.0,-1.0,-1.0,-1.0,-1.0,-1.0,-1.0,-1.0,-1.0,-1.0,-1.0,-1.0,-1.0,-1.0,-1.0,-1.0,-1.0,-1.0,-1.0,-1.0,-1.0,-1.0,-1.0,-1.0,-1.0,-1.0,-1.0,-1.0,-1.0,-1.0,-1.0,-1.0,-1.0,-1.0,-1.0,-1.0,-1.0,-1.0,-1.0,-1.0,-1.0,-1.0,-1.0,-1.0,-1.0,-1.0,-1.0,-1.0,-1.0,-1.0,-1.0,-1.0,-1.0,-1.0,-1.0,-1.0,-1.0,-1.0,-1.0,-1.0,-1.0,-1.0,-1.0,-1.0,-1.0,-1.0,-1.0,-1.0,-1.0,-1.0,-1.0,-1.0,-1.0,-1.0,-1.0,-1.0,-1.0,-1.0,-1.0,-1.0,-1.0,-1.0,-1.0,-1.0,-1.0,-1.0,-1.0,-1.0,-1.0,-1.0,-1.0,-1.0,-1.0,-1.0,-1.0,-1.0,-1.0,-1.0,-1.0,-1.0,-1.0,-1.0,-1.0,-1.0,-1.0,-1.0,-1.0,-1.0,-1.0,1.0,-1.0,-1.0,-1.0,-1.0,-1.0,-1.0,-1.0,-1.0,-1.0,-1.0,-1.0,-1.0,-1.0,-1.0,-1.0,-1.0,-1.0,-1.0,-1.0,-1.0,-1.0,-1.0,-1.0,-1.0,-1.0,-1.0,-1.0,-1.0,-1.0,-1.0,-1.0,-1.0,-1.0
1.0,1.0,1.0,1.0,1.0,1.0,1.0,1.0,1.0,1.0,1.0,1.0,1.0,1.0,1.0,1.0,1.0,1.0,1.0,1.0,1.0,1.0,1.0,1.0,1.0,1.0,1.0,1.0,1.0,1.0,1.0,1.0,1.0,1.0,1.0,1.0,1.0,1.0,1.0,1.0,1.0,1.0,1.0,1.0,1.0,1.0,1.0,1.0,1.0,1.0,1.0,1.0,1.0,1.0,1.0,1.0,1.0,1.0,1.0,1.0,1.0,1.0,1.0,1.0,1.0,1.0,1.0,1.0,1.0,1.0,1.0,1.0,1.0,1.0,1.0,1.0,1.0,1.0,1.0,1.0,1.0,1.0,1.0,1.0,1.0,1.0,1.0,1.0,1.0,1.0,1.0,1.0,1.0,1.0,1.0,1.0,1.0,1.0,1.0,1.0,1.0,1.0,1.0,1.0,1.0,1.0,1.0,1.0,1.0,1.0,1.0,1.0,1.0,1.0,1.0,1.0,1.0,1.0,1.0,1.0,1.0,1.0,1.0,1.0,1.0,1.0,1.0,1.0,1.0,1.0,1.0,1.0,1.0,1.0,1.0,1.0,1.0,1.0,1.0,1.0,1.0,1.0,1.0,1.0,1.0,1.0,1.0,1.0,1.0,1.0,1.0,1.0,1.0,1.0,1.0,1.0,1.0,1.0,1.0,1.0,1.0,1.0,1.0,1.0,1.0,1.0,1.0,1.0,1.0,1.0,1.0,1.0,1.0,1.0,1.0,1.0,1.0,1.0,1.0,1.0,1.0,1.0,1.0,1.0,1.0,1.0,1.0,1.0,1.0,1.0,1.0,1.0,1.0,1.0,1.0,1.0,1.0,1.0,1.0,1.0,1.0,1.0,1.0,1.0,1.0,1.0,1.0,1.0,1.0,1.0,1.0,1.0,1.0,1.0,1.0,1.0,1.0,1.0,1.0,1.0,1.0,1.0,1.0,1.0,1.0,1.0,1.0
1.0,0.0,0.0,0.0,0.0,0.0,0.0,0.0,0.0,0.0,0.0,0.0,0.0,0.0,0.0,0.0,0.0,0.0,0.0,0.0,0.0,0.0,0.0,0.0,0.0,0.0,0.0,0.0,0.0,0.0,0.0,0.0,0.0,0.0,0.0,0.0,0.0,0.0,0.0,0.0,0.0,0.0,0.0,0.0,0.0,0.0,0.0,0.0,0.0,0.0,0.0,0.0,0.0,0.0,0.0,0.0,0.0,0.0,0.0,0.0,0.0,0.0,0.0,0.0,0.0,0.0,0.0,0.0,0.0,0.0,0.0,0.0,0.0,0.0,0.0,0.0,0.0,0.0,0.0,0.0,0.0,0.0,0.0,0.0,0.0,0.0,0.0,0.0,0.0,0.0,0.0,0.0,0.0,0.0,0.0,0.0,0.0,0.0,0.0,0.0,0.0,0.0,0.0,0.0,0.0,0.0,0.0,0.0,0.0,0.0,0.0,0.0,0.0,0.0,0.0,0.0,0.0,0.0,0.0,0.0,0.0,0.0,0.0,0.0,0.0,0.0,0.0,0.0,0.0,0.0,0.0,0.0,0.0,0.0,0.0,0.0,0.0,0.0,0.0,0.0,0.0,0.0,0.0,0.0,0.0,0.0,0.0,0.0,0.0,0.0,0.0,0.0,0.0,0.0,0.0,0.0,0.0,0.0,0.0,0.0,0.0,0.0,0.0,0.0,0.0,0.0,0.0,0.0,0.0,0.0,0.0,0.0,0.0,0.0,0.0,0.0,0.0,0.0,0.0,0.0,0.0,0.0,0.0,0.0,0.0,0.0,0.0,0.0,0.0,0.0,0.0,0.0,0.0,0.0,0.0,0.0,0.0,0.0,0.0,0.0,0.0,0.0,0.0,0.0,0.0,0.0,0.0,0.0,0.0,0.0,0.0,0.0,0.0,0.0,0.0,0.0,0.0,0.0,0.0,0.0,0.0,0.0,0.0,0.0,0.0,0.0,0.0
-0.4299565700434299,-0.8293216630196937,-0.7765042979942693,-0.7765042979942693,-0.7765042979942693,-0.7765042979942693,-0.7765042979942693,-0.7765042979942693,-0.7765042979942693,-1.0,-1.0,-1.0,-0.8293216630196937,0.6643356643356644,0.6643356643356644,1.0,1.0,1.0,-1.0,-1.0,0.8755980861244019,1.0,1.0,1.0,1.0,1.0,1.0,1.0,1.0,1.0,1.0,1.0,1.0,1.0,1.0,1.0,1.0,1.0,1.0,0.9896373056994818,0.9896373056994818,0.9896373056994818,0.9896373056994818,0.9896373056994818,0.9896373056994818,0.9896373056994818,0.9896373056994818,0.9896373056994818,0.9896373056994818,0.9896373056994818,0.9896373056994818,0.9896373056994818,0.9896373056994818,0.9896373056994818,0.9896373056994818,0.9896373056994818,0.9896373056994818,-0.8020833333333334,-0.8020833333333334,-0.13636363636363635,1.0,1.0,-0.13636363636363635,-0.07462686567164178,1.0,1.0,1.0,1.0,-1.0,-1.0,-1.0,1.0,1.0,1.0,1.0,-0.25,0.7142857142857142,0.7142857142857142,0.7142857142857142,-0.617283950617284,-0.617283950617284,-0.617283950617284,-0.617283950617284,-0.617283950617284,-0.9042956411876184,-0.8877005347593583,-0.8877005347593583,-0.8877005347593583,-0.9042956411876184,-0.9042956411876184,-0.23076923076923073,-0.23076923076923073,-0.23076923076923073,0.7142857142857142,0.7142857142857142,0.7142857142857142,-0.9042956411876184,-0.4585152838427947,-0.4585152838427947,-0.4585152838427947,-0.4585152838427947,-0.4585152838427947,-0.9042956411876184,-1.0,-1.0,-1.0,-1.0,-1.0,-1.0,-0.9042956411876184,-0.1724137931034483,0.7142857142857142,0.7142857142857142,0.7142857142857142,-0.9042956411876184,-0.8205128205128205,-0.8205128205128205,-0.8205128205128205,-1.0,-1.0,-1.0,-0.9042956411876184,-0.9042956411876184,-0.9042956411876184,-0.8805031446540881,-0.8805031446540881,-0.8805031446540881,-0.8805031446540881,-0.9042956411876184,-0.9042956411876184,0.19999999999999996,0.19999999999999996,0.19999999999999996,-1.0,-1.0,-1.0,0.19999999999999996,0.19999999999999996,0.19999999999999996,-0.9042956411876184,0.19999999999999996,0.19999999999999996,0.19999999999999996,-0.8299595141700404,-0.7142857142857143,-0.7142857142857143,-0.7142857142857143,0.19999999999999996,0.19999999999999996,0.19999999999999996,-0.896,-0.896,-0.896,-0.9042956411876184,0.23076923076923084,0.23076923076923084,1.0,1.0,1.0,1.0,1.0,1.0,0.9739884393063585,1.0,1.0,1.0,1.0,1.0,1.0,1.0,1.0,1.0,1.0,-1.0,-1.0,-1.0,-1.0,-0.6721311475409837,-0.6026490066225165,-0.6026490066225165,-0.6026490066225165,-0.6026490066225165,-0.6026490066225165,-0.6721311475409837,0.9236111111111112,0.9636363636363636,0.7777777777777777,0.7777777777777777,0.9565217391304348,0.7333333333333334,0.7333333333333334,0.9540229885057472,0.7333333333333334,0.7333333333333334,0.9607843137254901,0.7333333333333334,0.7333333333333334,0.9578947368421054,0.7777777777777777,0.7777777777777777,0.95,0.7777777777777777,0.7777777777777777,0.7837837837837838,1.0,1.0,1.0,1.0,1.0,1.0,1.0,1.0,1.0,1.0,1.0,1.0,1.0,1.0,1.0,0.346938775510204,0.346938775510204,0.346938775510204,0.346938775510204,0.346938775510204,-0.032258064516129004,1.0,1.0
-0.4775130935520587,-0.4775130935520587,0.04722599305560278,0.04722599305560278,0.04722599305560278,0.04722599305560278,0.04722599305560278,0.04722599305560278,0.04722599305560278,-0.4775130935520587,-0.4775130935520587,-0.4775130935520587,-0.4775130935520587,0.04722599305560278,0.04722599305560278,-1.0022521801597202,-1.0022521801597202,-1.0022521801597202,0.04722599305560278,0.04722599305560278,0.5719650796632643,0.5719650796632643,0.5719650796632643,0.5719650796632643,0.5719650796632643,0.5719650796632643,0.5719650796632643,0.5719650796632643,0.5719650796632643,0.5719650796632643,0.5719650796632643,0.5719650796632643,0.5719650796632643,0.5719650796632643,0.5719650796632643,0.5719650796632643,0.5719650796632643,0.5719650796632643,0.5719650796632643,0.5719650796632643,0.5719650796632643,0.5719650796632643,0.5719650796632643,0.5719650796632643,0.5719650796632643,0.5719650796632643,0.5719650796632643,0.5719650796632643,0.5719650796632643,0.5719650796632643,0.5719650796632643,0.5719650796632643,0.5719650796632643,0.5719650796632643,0.5719650796632643,0.5719650796632643,0.5719650796632643,-0.4775130935520587,-0.4775130935520587,-1.0022521801597202,0.04722599305560278,0.04722599305560278,-1.0022521801597202,0.04722599305560278,-0.4775130935520587,-0.4775130935520587,0.04722599305560278,0.04722599305560278,-0.4775130935520587,-0.4775130935520587,-0.4775130935520587,0.5719650796632643,0.5719650796632643,0.5719650796632643,0.5719650796632643,0.5719650796632643,3.720399599309233,3.720399599309233,3.720399599309233,0.04722599305560278,0.04722599305560278,0.04722599305560278,0.04722599305560278,0.04722599305560278,0.04722599305560278,0.04722599305560278,0.04722599305560278,0.04722599305560278,0.04722599305560278,0.04722599305560278,0.04722599305560278,0.04722599305560278,0.04722599305560278,3.720399599309233,3.720399599309233,3.720399599309233,0.04722599305560278,0.04722599305560278,0.04722599305560278,0.04722599305560278,0.04722599305560278,0.04722599305560278,0.04722599305560278,0.04722599305560278,0.04722599305560278,0.04722599305560278,0.04722599305560278,0.04722599305560278,0.04722599305560278,0.04722599305560278,0.5719650796632643,3.720399599309233,3.720399599309233,3.720399599309233,0.04722599305560278,0.04722599305560278,0.04722599305560278,0.04722599305560278,0.04722599305560278,0.04722599305560278,0.04722599305560278,0.04722599305560278,0.04722599305560278,0.04722599305560278,-0.4775130935520587,-0.4775130935520587,-0.4775130935520587,-0.4775130935520587,0.04722599305560278,0.04722599305560278,-1.0022521801597202,-1.0022521801597202,-1.0022521801597202,-0.4775130935520587,-0.4775130935520587,-0.4775130935520587,-1.0022521801597202,-1.0022521801597202,-1.0022521801597202,0.04722599305560278,-1.0022521801597202,-1.0022521801597202,-1.0022521801597202,0.04722599305560278,0.04722599305560278,0.04722599305560278,0.04722599305560278,-1.0022521801597202,-1.0022521801597202,-1.0022521801597202,-0.4775130935520587,-0.4775130935520587,-0.4775130935520587,0.04722599305560278,-0.4775130935520587,-0.4775130935520587,-0.4775130935520587,-0.4775130935520587,-0.4775130935520587,-0.4775130935520587,-0.4775130935520587,-0.4775130935520587,-0.4775130935520587,-1.0022521801597202,-1.0022521801597202,-0.4775130935520587,-0.4775130935520587,-0.4775130935520587,-0.4775130935520587,-0.4775130935520587,-0.4775130935520587,-0.4775130935520587,-0.4775130935520587,0.04722599305560278,0.04722599305560278,0.5719650796632643,0.5719650796632643,-0.4775130935520587,-0.4775130935520587,-0.4775130935520587,-0.4775130935520587,-0.4775130935520587,-0.4775130935520587,-0.4775130935520587,0.04722599305560278,0.04722599305560278,0.04722599305560278,0.04722599305560278,-0.4775130935520587,-1.0022521801597202,-1.0022521801597202,-0.4775130935520587,-0.4775130935520587,-0.4775130935520587,0.04722599305560278,-0.4775130935520587,-0.4775130935520587,0.04722599305560278,0.04722599305560278,0.04722599305560278,-0.4775130935520587,0.04722599305560278,0.04722599305560278,0.04722599305560278,1.0967041662709258,1.0967041662709258,1.0967041662709258,1.0967041662709258,1.0967041662709258,1.0967041662709258,1.0967041662709258,-0.4775130935520587,-0.4775130935520587,-0.4775130935520587,-0.4775130935520587,-0.4775130935520587,-0.4775130935520587,-0.4775130935520587,-0.4775130935520587,-0.4775130935520587,-0.4775130935520587,-0.4775130935520587,-0.4775130935520587,-0.4775130935520587,0.04722599305560278,1.0967041662709258,1.0967041662709258
1.0,1.0,1.0,1.0,1.0,1.0,1.0,1.0,1.0,1.0,1.0,1.0,1.0,1.0,1.0,1.0,-1.0,-1.0,-1.0,-1.0,-1.0,-1.0,-1.0,-1.0,-1.0,-1.0,-1.0,-1.0,-1.0,-1.0,-1.0,-1.0,-1.0,-1.0,-1.0,-1.0,-1.0,-1.0,-1.0,-1.0,-1.0,-1.0,-1.0,-1.0,-1.0,-1.0,-1.0,-1.0,-1.0,-1.0,-1.0,-1.0,-1.0,-1.0,-1.0,-1.0,-1.0,1.0,1.0,-1.0,-1.0,-1.0,-1.0,1.0,1.0,1.0,-1.0,-1.0,1.0,1.0,1.0,-1.0,-1.0,-1.0,-1.0,1.0,-1.0,-1.0,-1.0,1.0,1.0,1.0,1.0,1.0,1.0,1.0,1.0,1.0,1.0,1.0,1.0,1.0,1.0,-1.0,-1.0,-1.0,1.0,1.0,1.0,1.0,1.0,1.0,1.0,1.0,1.0,1.0,1.0,1.0,1.0,1.0,-1.0,-1.0,-1.0,-1.0,1.0,1.0,1.0,1.0,1.0,1.0,1.0,1.0,1.0,1.0,1.0,1.0,1.0,1.0,1.0,1.0,-1.0,-1.0,-1.0,1.0,1.0,1.0,-1.0,-1.0,-1.0,1.0,-1.0,-1.0,-1.0,1.0,1.0,1.0,1.0,-1.0,-1.0,-1.0,1.0,1.0,1.0,1.0,-1.0,-1.0,1.0,1.0,1.0,1.0,1.0,1.0,1.0,1.0,1.0,1.0,1.0,1.0,1.0,1.0,1.0,1.0,1.0,1.0,1.0,-1.0,-1.0,1.0,1.0,1.0,1.0,1.0,1.0,1.0,1.0,1.0,-1.0,-1.0,1.0,-1.0,-1.0,1.0,-1.0,-1.0,1.0,-1.0,-1.0,1.0,-1.0,-1.0,1.0,-1.0,-1.0,1.0,1.0,1.0,1.0,1.0,1.0,1.0,1.0,1.0,1.0,1.0,1.0,1.0,1.0,-1.0,-1.0,1.0,1.0,1.0,1.0,1.0,1.0,-1.0,-1.0
-0.6746500105288425,-0.7249320161096005,-0.7249320161096005,-0.7249320161096005,-0.7249320161096005,-0.7249320161096005,-0.7249320161096005,-0.7249320161096005,-0.7249320161096005,-0.2659690429474603,-0.2659690429474603,-0.2659690429474603,-0.7249320161096005,-2.0285821632829135,-2.0285821632829135,-0.2659690429474603,-2.446043165467626,-2.446043165467626,-2.446043165467626,-2.446043165467626,-2.446043165467626,-2.446043165467626,-2.446043165467626,-2.446043165467626,-2.446043165467626,-2.446043165467626,-2.446043165467626,-2.446043165467626,-2.446043165467626,-2.446043165467626,-2.446043165467626,-2.446043165467626,-2.446043165467626,-2.446043165467626,-2.446043165467626,-2.446043165467626,-2.446043165467626,-2.446043165467626,-2.446043165467626,-2.446043165467626,-2.446043165467626,-2.446043165467626,-2.446043165467626,-2.446043165467626,-2.446043165467626,-2.446043165467626,-2.446043165467626,-2.446043165467626,-2.446043165467626,-2.446043165467626,-2.446043165467626,-2.446043165467626,-2.446043165467626,-2.446043165467626,-2.446043165467626,-2.446043165467626,-2.446043165467626,-1.1379986919555263,-1.1379986919555263,-2.446043165467626,-2.446043165467626,-2.446043165467626,-2.446043165467626,-0.577408203307484,-0.2659690429474603,-0.2659690429474603,-2.446043165467626,-2.446043165467626,-0.4022236756049705,-0.4022236756049705,-0.4022236756049705,-2.446043165467626,-2.446043165467626,-2.446043165467626,-2.446043165467626,-0.8109875735775016,-2.446043165467626,-2.446043165467626,-2.446043165467626,0.06942697590179618,0.06942697590179618,0.06942697590179618,0.06942697590179618,0.06942697590179618,-0.5610326291502871,-0.592980161325485,-0.592980161325485,-0.592980161325485,-0.5610326291502871,-0.5610326291502871,0.46072233122592815,0.46072233122592815,0.46072233122592815,-2.446043165467626,-2.446043165467626,-2.446043165467626,-0.5610326291502871,-0.0842961994041131,-0.0842961994041131,-0.0842961994041131,-0.0842961994041131,-0.0842961994041131,-0.5610326291502871,-0.8673688008840575,-0.8673688008840575,-0.8673688008840575,-0.5342858580268651,-0.5342858580268651,-0.5342858580268651,-0.5610326291502871,-2.446043165467626,-2.446043165467626,-2.446043165467626,-2.446043165467626,-0.5610326291502871,-1.11130390678181,-1.11130390678181,-1.11130390678181,-0.5528209011737977,-0.5528209011737977,-0.5528209011737977,-0.5610326291502871,-0.5610326291502871,-0.5610326291502871,-0.577408203307484,-0.577408203307484,-0.577408203307484,-0.577408203307484,-0.5610326291502871,-0.5610326291502871,-2.446043165467626,-2.446043165467626,-2.446043165467626,-0.7249320161096005,-0.7249320161096005,-0.7249320161096005,-2.446043165467626,-2.446043165467626,-2.446043165467626,-0.5610326291502871,-2.446043165467626,-2.446043165467626,-2.446043165467626,-0.6147809025506865,-0.6913493595367607,-0.6913493595367607,-0.6913493595367607,-2.446043165467626,-2.446043165467626,-2.446043165467626,-0.6913493595367607,-0.6913493595367607,-0.6913493595367607,-0.5610326291502871,-2.446043165467626,-2.446043165467626,-0.4417814721829574,-0.4417814721829574,-0.4417814721829574,-0.4417814721829574,-0.4417814721829574,-0.4417814721829574,2.995521695066738E-4,-0.09156311314584703,-0.09156311314584703,-0.7249320161096005,-0.7249320161096005,-0.09156311314584703,-0.09156311314584703,0.8240680183126226,0.8240680183126226,-0.11024946276744832,-0.11024946276744832,0.35690927777258696,0.35690927777258696,-2.446043165467626,-2.446043165467626,-0.5472689297242557,-0.1821200382351462,-0.1821200382351462,-0.1821200382351462,-0.1821200382351462,-0.1821200382351462,-0.5472689297242557,-1.0445669438475194,-0.4022236756049705,-2.446043165467626,-2.446043165467626,-0.8109875735775016,-2.446043165467626,-2.446043165467626,-1.676605239872273,-2.446043165467626,-2.446043165467626,-1.2197514715500326,-2.446043165467626,-2.446043165467626,-0.8109875735775016,-2.446043165467626,-2.446043165467626,-1.1379986919555263,-2.446043165467626,-2.446043165467626,-1.7920209287115763,-1.9788844249275905,-1.9788844249275905,-1.9788844249275905,-1.9788844249275905,-1.9788844249275905,-1.9788844249275905,-1.9788844249275905,-1.291886277074597,-1.291886277074597,-1.291886277074597,-1.291886277074597,-1.291886277074597,-1.291886277074597,-2.446043165467626,-2.446043165467626,-2.0826974783809313,-2.0826974783809313,-2.0826974783809313,-2.0826974783809313,-2.0826974783809313,-1.1379986919555263,-2.446043165467626,-2.446043165467626
1.0,-1.0,-1.0,-1.0,-1.0,-1.0,-1.0,-1.0,-1.0,-1.0,-1.0,-1.0,-1.0,-1.0,-1.0,-1.0,-1.0,-1.0,-1.0,-1.0,-1.0,-1.0,-1.0,-1.0,-1.0,-1.0,-1.0,-1.0,-1.0,-1.0,-1.0,-1.0,-1.0,-1.0,-1.0,-1.0,-1.0,-1.0,-1.0,-1.0,-1.0,-1.0,-1.0,-1.0,-1.0,-1.0,-1.0,-1.0,-1.0,-1.0,-1.0,-1.0,-1.0,-1.0,-1.0,-1.0,-1.0,1.0,1.0,1.0,1.0,1.0,1.0,-1.0,-1.0,-1.0,-1.0,-1.0,-1.0,-1.0,-1.0,-1.0,-1.0,-1.0,-1.0,-1.0,-1.0,-1.0,-1.0,1.0,1.0,1.0,1.0,1.0,1.0,-1.0,-1.0,-1.0,1.0,1.0,-1.0,-1.0,-1.0,-1.0,-1.0,-1.0,1.0,-1.0,-1.0,-1.0,-1.0,-1.0,1.0,-1.0,-1.0,-1.0,-1.0,-1.0,-1.0,1.0,-1.0,-1.0,-1.0,-1.0,1.0,-1.0,-1.0,-1.0,-1.0,-1.0,-1.0,1.0,1.0,1.0,-1.0,-1.0,-1.0,-1.0,1.0,1.0,-1.0,-1.0,-1.0,-1.0,-1.0,-1.0,-1.0,-1.0,-1.0,1.0,-1.0,-1.0,-1.0,-1.0,-1.0,-1.0,-1.0,-1.0,-1.0,-1.0,-1.0,-1.0,-1.0,1.0,-1.0,-1.0,-1.0,-1.0,-1.0,-1.0,-1.0,-1.0,-1.0,-1.0,-1.0,-1.0,-1.0,-1.0,-1.0,-1.0,-1.0,-1.0,-1.0,-1.0,-1.0,-1.0,-1.0,-1.0,-1.0,-1.0,-1.0,-1.0,-1.0,-1.0,1.0,1.0,1.0,1.0,1.0,1.0,1.0,1.0,1.0,1.0,1.0,1.0,1.0,1.0,1.0,1.0,1.0,1.0,1.0,1.0,-1.0,-1.0,-1.0,-1.0,-1.0,-1.0,-1.0,-1.0,-1.0,-1.0,-1.0,-1.0,-1.0,1.0,1.0,1.0,1.0,1.0,1.0,1.0,-1.0,-1.0,-1.0
1.0,-1.0,-1.0,-1.0,-1.0,-1.0,-1.0,-1.0,-1.0,-1.0,-1.0,-1.0,-1.0,-1.0,-1.0,-1.0,-1.0,-1.0,-1.0,-1.0,-1.0,-1.0,-1.0,-1.0,-1.0,-1.0,-1.0,-1.0,-1.0,-1.0,-1.0,-1.0,-1.0,-1.0,-1.0,-1.0,-1.0,-1.0,-1.0,-1.0,-1.0,-1.0,-1.0,-1.0,-1.0,-1.0,-1.0,-1.0,-1.0,-1.0,-1.0,-1.0,-1.0,-1.0,-1.0,-1.0,-1.0,-1.0,-1.0,-1.0,-1.0,-1.0,-1.0,-1.0,-1.0,-1.0,-1.0,-1.0,-1.0,-1.0,-1.0,-1.0,-1.0,-1.0,-1.0,-1.0,-1.0,-1.0,-1.0,-1.0,-1.0,-1.0,-1.0,-1.0,1.0,-1.0,-1.0,-1.0,1.0,1.0,-1.0,-1.0,-1.0,-1.0,-1.0,-1.0,1.0,-1.0,-1.0,-1.0,-1.0,-1.0,1.0,1.0,1.0,1.0,-1.0,-1.0,-1.0,1.0,-1.0,-1.0,-1.0,-1.0,1.0,-1.0,-1.0,-1.0,-1.0,-1.0,-1.0,1.0,1.0,1.0,-1.0,-1.0,-1.0,-1.0,1.0,1.0,-1.0,-1.0,-1.0,-1.0,-1.0,-1.0,-1.0,-1.0,-1.0,1.0,-1.0,-1.0,-1.0,-1.0,-1.0,-1.0,-1.0,-1.0,-1.0,-1.0,-1.0,-1.0,-1.0,1.0,-1.0,-1.0,-1.0,-1.0,-1.0,-1.0,-1.0,-1.0,-1.0,-1.0,-1.0,-1.0,-1.0,-1.0,-1.0,-1.0,-1.0,-1.0,-1.0,-1.0,-1.0,-1.0,-1.0,-1.0,-1.0,-1.0,-1.0,-1.0,-1.0,-1.0,-1.0,-1.0,-1.0,-1.0,-1.0,-1.0,-1.0,-1.0,-1.0,-1.0,-1.0,-1.0,-1.0,-1.0,-1.0,-1.0,-1.0,-1.0,-1.0,1.0,-1.0,-1.0,-1.0,-1.0,-1.0,-1.0,-1.0,1.0,1.0,1.0,1.0,1.0,1.0,-1.0,-1.0,-1.0,-1.0,-1.0,-1.0,-1.0,-1.0,-1.0,-1.0
1.4955098323002405,0.05826326677299304,-0.06772340083998737,-0.06772340083998737,-0.06772340083998737,-0.06772340083998737,-0.06772340083998737,-0.06772340083998737,-0.06772340083998737,-0.7168653651146805,-0.7168653651146805,-0.7168653651146805,0.05826326677299304,-0.16075149027109703,-0.16075149027109703,-1.214393746886843,-1.6051638516534874,-1.6051638516534874,-1.4798068485718616,-1.4798068485718616,-0.30732044300709765,-0.33732959849041266,-0.33732959849041266,-0.33732959849041266,-0.33732959849041266,-0.33732959849041266,-0.33732959849041266,-0.33732959849041266,-0.33732959849041266,-0.33732959849041266,-0.33732959849041266,-0.33732959849041266,-0.33732959849041266,-0.33732959849041266,-0.33732959849041266,-0.33732959849041266,-0.33732959849041266,-0.33732959849041266,-0.33732959849041266,-0.34453729490425905,-0.34453729490425905,-0.34453729490425905,-0.34453729490425905,-0.34453729490425905,-0.34453729490425905,-0.34453729490425905,-0.34453729490425905,-0.34453729490425905,-0.34453729490425905,-0.34453729490425905,-0.34453729490425905,-0.34453729490425905,-0.34453729490425905,-0.34453729490425905,-0.34453729490425905,-0.34453729490425905,-0.34453729490425905,-0.3469647794262703,-0.3469647794262703,-1.035425404711093,-1.4278322527259624,-1.4278322527259624,-1.035425404711093,-0.325558454178002,-0.838928682527586,-0.838928682527586,-1.3186664344168477,-1.3186664344168477,-0.690753001378953,-0.690753001378953,-0.690753001378953,-1.2812632999899616,-1.2812632999899616,-1.2812632999899616,-1.2812632999899616,-1.18423555943938,-1.570533958123711,-1.570533958123711,-1.570533958123711,-0.10245630103162194,-0.10245630103162194,-0.10245630103162194,-0.10245630103162194,-0.10245630103162194,1.2866221593462164,-0.03539448718947092,-0.03539448718947092,-0.03539448718947092,1.2866221593462164,1.2866221593462164,-0.9573627483264356,-0.9573627483264356,-0.9573627483264356,-1.570533958123711,-1.570533958123711,-1.570533958123711,1.2866221593462164,-0.26461588618960746,-0.26461588618960746,-0.26461588618960746,-0.26461588618960746,-0.26461588618960746,1.2866221593462164,0.1878117741715821,0.1878117741715821,0.1878117741715821,0.009823995023143297,0.009823995023143297,0.009823995023143297,1.2866221593462164,-1.2302355934642644,-1.570533958123711,-1.570533958123711,-1.570533958123711,1.2866221593462164,-0.12009196831332593,-0.12009196831332593,-0.12009196831332593,-0.23305691096040773,-0.23305691096040773,-0.23305691096040773,1.2866221593462164,1.2866221593462164,1.2866221593462164,-0.11119094262608555,-0.11119094262608555,-0.11119094262608555,-0.11119094262608555,1.2866221593462164,1.2866221593462164,-1.6355140186915886,-1.6355140186915886,-1.6355140186915886,0.06435843648889443,0.06435843648889443,0.06435843648889443,-1.6355140186915886,-1.6355140186915886,-1.6355140186915886,1.2866221593462164,-1.6355140186915886,-1.6355140186915886,-1.6355140186915886,0.09464276504108543,-0.14785992180435448,-0.14785992180435448,-0.14785992180435448,-1.6355140186915886,-1.6355140186915886,-1.6355140186915886,-0.22361639352231494,-0.22361639352231494,-0.22361639352231494,1.2866221593462164,-1.2812632999899616,-1.2812632999899616,-0.07446651524607563,-0.07446651524607563,-0.07446651524607563,-0.07446651524607563,-0.07446651524607563,-0.07446651524607563,0.2521429699147987,-0.543793501424543,-0.543793501424543,-0.5946785893867566,-0.5946785893867566,-0.5400994923090695,-0.5400994923090695,-0.42348121457627924,-0.42348121457627924,-0.450022148404846,-0.450022148404846,-1.0799628719093755,-1.0799628719093755,-1.5382942985503691,-1.5382942985503691,-0.3693989939993358,-0.4592150295257363,-0.4592150295257363,-0.4592150295257363,-0.4592150295257363,-0.4592150295257363,-0.3693989939993358,0.16640544892331377,-0.6072521655175623,-1.4530973093943156,-1.4530973093943156,-0.690753001378953,-1.5382942985503691,-1.5382942985503691,-0.7168653651146805,-1.5382942985503691,-1.5382942985503691,-0.642536068558752,-1.5382942985503691,-1.5382942985503691,-0.6757584618689061,-1.4530973093943156,-1.4530973093943156,-0.7560623202458499,-1.4530973093943156,-1.4530973093943156,-0.14469184377380367,-0.6245611709756697,-0.6245611709756697,-0.6245611709756697,-0.6245611709756697,-0.6245611709756697,-0.6245611709756697,-0.6245611709756697,-0.7222676185731274,-0.7222676185731274,-0.7222676185731274,-0.7222676185731274,-0.7222676185731274,-0.7222676185731274,-1.3186664344168477,-1.3186664344168477,-0.6612301501539382,-0.6612301501539382,-0.6612301501539382,-0.6612301501539382,-0.6612301501539382,-1.199071399773296,-1.5382942985503691,-1.5382942985503691
-1.0917363902447395,-0.6408117842928496,-0.5270279664518228,-0.5270279664518228,-0.5270279664518228,-0.5270279664518228,-0.5270279664518228,-0.5270279664518228,-0.5270279664518228,-0.716687970928574,-0.716687970928574,-0.716687970928574,-0.6408117842928496,-1.0917363902447395,-1.0917363902447395,0.0,0.0,0.0,0.0,0.0,0.0,0.0,0.0,0.0,0.0,0.0,0.0,0.0,0.0,0.0,0.0,0.0,0.0,0.0,0.0,0.0,0.0,0.0,0.0,0.0,0.0,0.0,0.0,0.0,0.0,0.0,0.0,0.0,0.0,0.0,0.0,0.0,0.0,0.0,0.0,0.0,0.0,-0.8791591297003644,-0.8791591297003644,1.0776623691225948,0.0,0.0,1.0776623691225948,-1.0917363902447395,0.0,0.0,0.0,0.0,-1.0917363902447395,-1.0917363902447395,-1.0917363902447395,0.0,0.0,0.0,0.0,-0.20995619157541512,0.0,0.0,0.0,-1.0917363902447395,-1.0917363902447395,-1.0917363902447395,-1.0917363902447395,-1.0917363902447395,-0.9548961549446625,-0.8356089111084966,-0.8356089111084966,-0.8356089111084966,-0.9548961549446625,-0.9548961549446625,-1.011266218767859,-1.011266218767859,-1.011266218767859,0.0,0.0,0.0,-0.9548961549446625,-0.500810761389369,-0.500810761389369,-0.500810761389369,-0.500810761389369,-0.500810761389369,-0.9548961549446625,-1.0917363902447395,-1.0917363902447395,-1.0917363902447395,-0.627030692164718,-0.627030692164718,-0.627030692164718,-0.9548961549446625,-0.04748503280362552,0.0,0.0,0.0,-0.9548961549446625,-1.0917363902447395,-1.0917363902447395,-1.0917363902447395,-1.0917363902447395,-1.0917363902447395,-1.0917363902447395,-0.9548961549446625,-0.9548961549446625,-0.9548961549446625,-1.0427044554630998,-1.0427044554630998,-1.0427044554630998,-1.0427044554630998,-0.9548961549446625,-0.9548961549446625,0.0,0.0,0.0,-1.0917363902447395,-1.0917363902447395,-1.0917363902447395,0.0,0.0,0.0,-0.9548961549446625,0.0,0.0,0.0,-0.9266088151495443,-1.0917363902447395,-1.0917363902447395,-1.0917363902447395,0.0,0.0,0.0,-0.9465340976736566,-0.9465340976736566,-0.9465340976736566,-0.9548961549446625,0.0,0.0,-1.0917363902447395,-1.0917363902447395,-1.0917363902447395,-1.0917363902447395,-1.0917363902447395,-1.0917363902447395,-0.5127793237968321,0.18432475571185836,0.18432475571185836,-0.004239130156812998,-0.004239130156812998,-1.0917363902447395,-1.0917363902447395,-1.0837117207548872,-1.0837117207548872,-0.5151626563746414,-0.5151626563746414,0.0,0.0,0.0,0.0,-0.7999219527050337,-0.4826935923875507,-0.4826935923875507,-0.4826935923875507,-0.4826935923875507,-0.4826935923875507,-0.7999219527050337,-1.0917363902447395,-1.0917363902447395,0.0,0.0,0.0,0.0,0.0,0.0,0.0,0.0,0.0,0.0,0.0,0.0,0.0,0.0,0.0,0.0,0.0,-1.0917363902447395,0.0,0.0,0.0,0.0,0.0,0.0,0.0,0.0,0.0,0.0,0.0,0.0,0.0,0.2648508492298048,0.2648508492298048,-0.2439874492648732,-0.2439874492648732,-0.2439874492648732,-0.2439874492648732,-0.2439874492648732,0.0,0.0,0.0
1.969566382794139,1.969566382794139,1.969566382794139,1.969566382794139,1.969566382794139,1.969566382794139,1.969566382794139,1.969566382794139,1.969566382794139,-0.5077224524862195,-0.5077224524862195,-0.5077224524862195,1.969566382794139,-0.5077224524862195,-0.5077224524862195,-0.5077224524862195,-0.5077224524862195,-0.5077224524862195,-0.5077224524862195,-0.5077224524862195,-0.5077224524862195,-0.5077224524862195,-0.5077224524862195,-0.5077224524862195,-0.5077224524862195,-0.5077224524862195,-0.5077224524862195,-0.5077224524862195,-0.5077224524862195,-0.5077224524862195,-0.5077224524862195,-0.5077224524862195,-0.5077224524862195,-0.5077224524862195,-0.5077224524862195,-0.5077224524862195,-0.5077224524862195,-0.5077224524862195,-0.5077224524862195,-0.5077224524862195,-0.5077224524862195,-0.5077224524862195,-0.5077224524862195,-0.5077224524862195,-0.5077224524862195,-0.5077224524862195,-0.5077224524862195,-0.5077224524862195,-0.5077224524862195,-0.5077224524862195,-0.5077224524862195,-0.5077224524862195,-0.5077224524862195,-0.5077224524862195,-0.5077224524862195,-0.5077224524862195,-0.5077224524862195,1.969566382794139,1.969566382794139,1.969566382794139,-0.5077224524862195,-0.5077224524862195,1.969566382794139,-0.5077224524862195,-0.5077224524862195,-0.5077224524862195,-0.5077224524862195,-0.5077224524862195,-0.5077224524862195,-0.5077224524862195,-0.5077224524862195,-0.5077224524862195,-0.5077224524862195,-0.5077224524862195,-0.5077224524862195,-0.5077224524862195,-0.5077224524862195,-0.5077224524862195,-0.5077224524862195,-0.5077224524862195,-0.5077224524862195,-0.5077224524862195,-0.5077224524862195,-0.5077224524862195,1.969566382794139,1.969566382794139,1.969566382794139,1.969566382794139,1.969566382794139,1.969566382794139,-0.5077224524862195,-0.5077224524862195,-0.5077224524862195,-0.5077224524862195,-0.5077224524862195,-0.5077224524862195,1.969566382794139,-0.5077224524862195,-0.5077224524862195,-0.5077224524862195,-0.5077224524862195,-0.5077224524862195,1.969566382794139,-0.5077224524862195,-0.5077224524862195,-0.5077224524862195,-0.5077224524862195,-0.5077224524862195,-0.5077224524862195,1.969566382794139,-0.5077224524862195,-0.5077224524862195,-0.5077224524862195,-0.5077224524862195,1.969566382794139,1.969566382794139,1.969566382794139,1.969566382794139,-0.5077224524862195,-0.5077224524862195,-0.5077224524862195,1.969566382794139,1.969566382794139,1.969566382794139,1.969566382794139,1.969566382794139,1.969566382794139,1.969566382794139,1.969566382794139,1.969566382794139,1.969566382794139,1.969566382794139,1.969566382794139,1.969566382794139,1.969566382794139,1.969566382794139,1.969566382794139,1.969566382794139,1.969566382794139,1.969566382794139,1.969566382794139,1.969566382794139,1.969566382794139,1.969566382794139,1.969566382794139,1.969566382794139,1.969566382794139,1.969566382794139,1.969566382794139,1.969566382794139,1.969566382794139,1.969566382794139,1.969566382794139,1.969566382794139,-0.5077224524862195,-0.5077224524862195,1.969566382794139,1.969566382794139,1.969566382794139,1.969566382794139,1.969566382794139,1.969566382794139,1.969566382794139,1.969566382794139,1.969566382794139,-0.5077224524862195,-0.5077224524862195,-0.5077224524862195,-0.5077224524862195,-0.5077224524862195,-0.5077224524862195,-0.5077224524862195,-0.5077224524862195,-0.5077224524862195,-0.5077224524862195,-0.5077224524862195,-0.5077224524862195,-0.5077224524862195,-0.5077224524862195,-0.5077224524862195,-0.5077224524862195,-0.5077224524862195,-0.5077224524862195,-0.5077224524862195,-0.5077224524862195,-0.5077224524862195,-0.5077224524862195,-0.5077224524862195,-0.5077224524862195,-0.5077224524862195,-0.5077224524862195,-0.5077224524862195,-0.5077224524862195,-0.5077224524862195,-0.5077224524862195,-0.5077224524862195,-0.5077224524862195,-0.5077224524862195,-0.5077224524862195,-0.5077224524862195,-0.5077224524862195,-0.5077224524862195,-0.5077224524862195,1.969566382794139,-0.5077224524862195,-0.5077224524862195,-0.5077224524862195,-0.5077224524862195,-0.5077224524862195,-0.5077224524862195,-0.5077224524862195,-0.5077224524862195,-0.5077224524862195,-0.5077224524862195,-0.5077224524862195,-0.5077224524862195,-0.5077224524862195,-0.5077224524862195,-0.5077224524862195,1.969566382794139,1.969566382794139,1.969566382794139,1.969566382794139,1.969566382794139,-0.5077224524862195,-0.5077224524862195,-0.5077224524862195
-0.8346053624764167,-0.826998905455453,-0.8136903069675475,-0.8136903069675475,-0.8136903069675475,-0.8136903069675475,-0.8136903069675475,-0.8136903069675475,-0.8136903069675475,-0.8700053950135924,-0.8700053950135924,-0.8700053950135924,-0.826998905455453,-0.8700053950135924,-0.8700053950135924,-0.8700053950135924,-0.8700053950135924,-0.8700053950135924,-0.8700053950135924,-0.8700053950135924,-0.8700053950135924,-0.8700053950135924,-0.8700053950135924,-0.8700053950135924,-0.8700053950135924,-0.8700053950135924,-0.8700053950135924,-0.8700053950135924,-0.8700053950135924,-0.8700053950135924,-0.8700053950135924,-0.8700053950135924,-0.8700053950135924,-0.8700053950135924,-0.8700053950135924,-0.8700053950135924,-0.8700053950135924,-0.8700053950135924,-0.8700053950135924,-0.8700053950135924,-0.8700053950135924,-0.8700053950135924,-0.8700053950135924,-0.8700053950135924,-0.8700053950135924,-0.8700053950135924,-0.8700053950135924,-0.8700053950135924,-0.8700053950135924,-0.8700053950135924,-0.8700053950135924,-0.8700053950135924,-0.8700053950135924,-0.8700053950135924,-0.8700053950135924,-0.8700053950135924,-0.8700053950135924,-0.7335195219019973,-0.7335195219019973,-0.27443067598117743,-0.8700053950135924,-0.8700053950135924,-0.27443067598117743,-0.8700053950135924,-0.8700053950135924,-0.8700053950135924,-0.8700053950135924,-0.8700053950135924,-0.8700053950135924,-0.8700053950135924,-0.8700053950135924,-0.8700053950135924,-0.8700053950135924,-0.8700053950135924,-0.8700053950135924,-0.8700053950135924,-0.8700053950135924,-0.8700053950135924,-0.8700053950135924,-0.8700053950135924,-0.8700053950135924,-0.8700053950135924,-0.8700053950135924,-0.8700053950135924,-0.8265506381922127,-0.8437300397621624,-0.8437300397621624,-0.8437300397621624,-0.8265506381922127,-0.8265506381922127,-0.8700053950135924,-0.8700053950135924,-0.8700053950135924,-0.8700053950135924,-0.8700053950135924,-0.8700053950135924,-0.8265506381922127,-0.8700053950135924,-0.8700053950135924,-0.8700053950135924,-0.8700053950135924,-0.8700053950135924,-0.8265506381922127,-0.8700053950135924,-0.8700053950135924,-0.8700053950135924,-0.8700053950135924,-0.8700053950135924,-0.8700053950135924,-0.8265506381922127,-0.8700053950135924,-0.8700053950135924,-0.8700053950135924,-0.8700053950135924,-0.8265506381922127,-0.8070119151159332,-0.8070119151159332,-0.8070119151159332,-0.8700053950135924,-0.8700053950135924,-0.8700053950135924,-0.8265506381922127,-0.8265506381922127,-0.8265506381922127,-0.7566963682794381,-0.7566963682794381,-0.7566963682794381,-0.7566963682794381,-0.8265506381922127,-0.8265506381922127,0.4402589868577207,0.4402589868577207,0.4402589868577207,-0.7568076082428526,-0.7568076082428526,-0.7568076082428526,0.4402589868577207,0.4402589868577207,0.4402589868577207,-0.8265506381922127,0.4402589868577207,0.4402589868577207,0.4402589868577207,-0.8235891466679487,-0.8477219871586381,-0.8477219871586381,-0.8477219871586381,0.4402589868577207,0.4402589868577207,0.4402589868577207,-0.8175948197387399,-0.8175948197387399,-0.8175948197387399,-0.8265506381922127,-0.8700053950135924,-0.8700053950135924,-0.8319163141452403,-0.8319163141452403,-0.8319163141452403,-0.8319163141452403,-0.8319163141452403,-0.8319163141452403,-0.8652717809172366,-0.8440080858494792,-0.8440080858494792,-0.8700053950135924,-0.8700053950135924,-0.8700053950135924,-0.8700053950135924,-0.8700053950135924,-0.8700053950135924,-0.8700053950135924,-0.8700053950135924,-0.8700053950135924,-0.8700053950135924,-0.8700053950135924,-0.8700053950135924,-0.8700053950135924,-0.8700053950135924,-0.8700053950135924,-0.8700053950135924,-0.8700053950135924,-0.8700053950135924,-0.8700053950135924,-0.8700053950135924,-0.8700053950135924,-0.8700053950135924,-0.8700053950135924,-0.8700053950135924,-0.8700053950135924,-0.8700053950135924,-0.8700053950135924,-0.8700053950135924,-0.8700053950135924,-0.8700053950135924,-0.8700053950135924,-0.8700053950135924,-0.8700053950135924,-0.8700053950135924,-0.8700053950135924,-0.8700053950135924,-0.8700053950135924,-0.8700053950135924,-0.825739706436859,-0.8700053950135924,-0.8700053950135924,-0.8700053950135924,-0.8700053950135924,-0.8700053950135924,-0.8700053950135924,-0.8700053950135924,-0.8700053950135924,-0.8700053950135924,-0.8700053950135924,-0.8700053950135924,-0.8700053950135924,-0.8700053950135924,-0.8700053950135924,-0.8700053950135924,-0.7363049478838667,-0.7363049478838667,-0.7363049478838667,-0.7363049478838667,-0.7363049478838667,-0.8700053950135924,-0.8700053950135924,-0.8700053950135924
0.5485278398908471,0.3528545032638245,0.5228349750013707,0.5228349750013707,0.5228349750013707,0.5228349750013707,0.5228349750013707,0.5228349750013707,0.5228349750013707,0.25548548960086465,0.25548548960086465,0.25548548960086465,0.3528545032638245,-0.7033676826920172,-0.7033676826920172,-0.797640857572655,-1.096933728981207,-1.096933728981207,-1.0183565364195493,-1.0183565364195493,-0.7033676826920172,-0.797640857572655,-0.797640857572655,-0.797640857572655,-0.797640857572655,-0.797640857572655,-0.797640857572655,-0.797640857572655,-0.797640857572655,-0.797640857572655,-0.797640857572655,-0.797640857572655,-0.797640857572655,-0.797640857572655,-0.797640857572655,-0.797640857572655,-0.797640857572655,-0.797640857572655,-0.797640857572655,-0.797640857572655,-0.797640857572655,-0.797640857572655,-0.797640857572655,-0.797640857572655,-0.797640857572655,-0.797640857572655,-0.797640857572655,-0.797640857572655,-0.797640857572655,-0.797640857572655,-0.797640857572655,-0.797640857572655,-0.797640857572655,-0.797640857572655,-0.797640857572655,-0.797640857572655,-0.797640857572655,0.3528545032638245,0.3528545032638245,-0.7033676826920172,-0.901855017471593,-0.901855017471593,-0.7033676826920172,-0.3327510165778624,-0.3327510165778624,-0.3327510165778624,-0.6173030170247277,-0.6173030170247277,0.2890181816638531,0.2890181816638531,0.2890181816638531,-1.096933728981207,-1.096933728981207,-1.096933728981207,-1.096933728981207,-1.0183565364195493,-1.096933728981207,-1.096933728981207,-1.096933728981207,0.870409541606602,0.870409541606602,0.870409541606602,0.870409541606602,0.870409541606602,1.0537955191846062,1.1820624067301388,1.1820624067301388,1.1820624067301388,1.0537955191846062,1.0537955191846062,-0.2727860098355923,-0.2727860098355923,-0.2727860098355923,-1.096933728981207,-1.096933728981207,-1.096933728981207,1.0537955191846062,0.6900717010586743,0.6900717010586743,0.6900717010586743,0.6900717010586743,0.6900717010586743,1.0537955191846062,1.8704253214638973,1.8704253214638973,1.8704253214638973,1.7912768801465135,1.7912768801465135,1.7912768801465135,1.0537955191846062,-1.096933728981207,-1.096933728981207,-1.096933728981207,-1.096933728981207,1.0537955191846062,1.234133359732534,1.234133359732534,1.234133359732534,0.9909731594196948,0.9909731594196948,0.9909731594196948,1.0537955191846062,1.0537955191846062,1.0537955191846062,0.8519207849180238,0.8519207849180238,0.8519207849180238,0.8519207849180238,1.0537955191846062,1.0537955191846062,-1.096933728981207,-1.096933728981207,-1.096933728981207,1.3974169901573101,1.3974169901573101,1.3974169901573101,-1.096933728981207,-1.096933728981207,-1.096933728981207,1.0537955191846062,-1.096933728981207,-1.096933728981207,-1.096933728981207,1.4599084853319213,1.1686047884751642,1.1686047884751642,1.1686047884751642,-1.096933728981207,-1.096933728981207,-1.096933728981207,1.2955891273952507,1.2955891273952507,1.2955891273952507,1.0537955191846062,-0.538131199345661,-0.538131199345661,0.9238884943961923,0.9238884943961923,0.9238884943961923,0.9238884943961923,0.9238884943961923,0.9238884943961923,1.0070567606776377,1.0228830132458286,1.0228830132458286,0.9063814942978732,0.9063814942978732,1.0228830132458286,1.0228830132458286,1.2714630610014237,1.2714630610014237,1.2213703480254048,1.2213703480254048,-0.11203533773096849,-0.11203533773096849,-1.096933728981207,-1.096933728981207,-0.21624949762990653,0.10868034111592541,0.10868034111592541,0.10868034111592541,0.10868034111592541,0.10868034111592541,-0.21624949762990653,0.2207759744561858,0.1848040217649151,-0.901855017471593,-0.901855017471593,0.2890181816638531,-1.096933728981207,-1.096933728981207,0.25548548960086465,-1.096933728981207,-1.096933728981207,0.41281951000609457,-1.096933728981207,-1.096933728981207,0.32145124083595084,-0.901855017471593,-0.901855017471593,0.14747432049602588,-0.901855017471593,-0.901855017471593,-0.538131199345661,-0.3965873381778338,-0.3965873381778338,-0.3965873381778338,-0.3965873381778338,-0.3965873381778338,-0.3965873381778338,-0.3965873381778338,-0.4648295453855011,-0.4648295453855011,-0.4648295453855011,-0.4648295453855011,-0.4648295453855011,-0.4648295453855011,-0.6173030170247277,-0.6173030170247277,-0.6173030170247277,-0.6173030170247277,-0.6173030170247277,-0.6173030170247277,-0.6173030170247277,-0.797640857572655,-1.096933728981207,-1.096933728981207
-1.0,-1.0,1.0,1.0,1.0,1.0,1.0,1.0,1.0,1.0,1.0,1.0,-1.0,-1.0,-1.0,-1.0,-1.0,-1.0,-1.0,-1.0,-1.0,-1.0,-1.0,-1.0,-1.0,-1.0,-1.0,-1.0,-1.0,-1.0,-1.0,-1.0,-1.0,-1.0,-1.0,-1.0,-1.0,-1.0,-1.0,-1.0,-1.0,-1.0,-1.0,-1.0,-1.0,-1.0,-1.0,-1.0,-1.0,-1.0,-1.0,-1.0,-1.0,-1.0,-1.0,-1.0,-1.0,-1.0,-1.0,-1.0,-1.0,-1.0,-1.0,-1.0,-1.0,-1.0,-1.0,-1.0,-1.0,-1.0,-1.0,-1.0,-1.0,-1.0,-1.0,-1.0,-1.0,-1.0,-1.0,1.0,1.0,1.0,1.0,1.0,1.0,1.0,1.0,1.0,1.0,1.0,1.0,1.0,1.0,-1.0,-1.0,-1.0,1.0,-1.0,-1.0,-1.0,-1.0,-1.0,1.0,1.0,1.0,1.0,1.0,1.0,1.0,1.0,-1.0,-1.0,-1.0,-1.0,1.0,1.0,1.0,1.0,1.0,1.0,1.0,1.0,1.0,1.0,1.0,1.0,1.0,1.0,1.0,1.0,-1.0,-1.0,-1.0,1.0,1.0,1.0,-1.0,-1.0,-1.0,1.0,-1.0,-1.0,-1.0,1.0,1.0,1.0,1.0,-1.0,-1.0,-1.0,1.0,1.0,1.0,1.0,-1.0,-1.0,-1.0,-1.0,-1.0,-1.0,-1.0,-1.0,1.0,1.0,1.0,1.0,1.0,1.0,1.0,1.0,1.0,1.0,1.0,-1.0,-1.0,-1.0,-1.0,-1.0,1.0,1.0,1.0,1.0,1.0,-1.0,-1.0,-1.0,-1.0,-1.0,-1.0,-1.0,-1.0,-1.0,-1.0,-1.0,-1.0,-1.0,-1.0,-1.0,-1.0,-1.0,-1.0,-1.0,-1.0,-1.0,-1.0,-1.0,-1.0,-1.0,-1.0,-1.0,-1.0,-1.0,-1.0,-1.0,-1.0,-1.0,-1.0,1.0,1.0,-1.0,-1.0,-1.0,-1.0,-1.0,-1.0,-1.0,-1.0
-1.0,-1.0,-1.0,-1.0,-1.0,-1.0,-1.0,-1.0,-1.0,-1.0,-1.0,-1.0,-1.0,-1.0,-1.0,-1.0,-1.0,-1.0,-1.0,-1.0,-1.0,-1.0,-1.0,-1.0,-1.0,-1.0,-1.0,-1.0,-1.0,-1.0,-1.0,-1.0,-1.0,-1.0,-1.0,-1.0,-1.0,-1.0,-1.0,-1.0,-1.0,-1.0,-1.0,-1.0,-1.0,-1.0,-1.0,-1.0,-1.0,-1.0,-1.0,-1.0,-1.0,-1.0,-1.0,-1.0,-1.0,-1.0,-1.0,-1.0,-1.0,-1.0,-1.0,-1.0,-1.0,-1.0,-1.0,-1.0,-1.0,-1.0,-1.0,-1.0,-1.0,-1.0,-1.0,-1.0,-1.0,-1.0,-1.0,-1.0,-1.0,-1.0,-1.0,-1.0,-1.0,-1.0,-1.0,-1.0,-1.0,-1.0,-1.0,-1.0,-1.0,-1.0,-1.0,-1.0,-1.0,-1.0,-1.0,-1.0,-1.0,-1.0,-1.0,-1.0,-1.0,-1.0,-1.0,-1.0,-1.0,-1.0,-1.0,-1.0,-1.0,-1.0,-1.0,-1.0,-1.0,-1.0,-1.0,-1.0,-1.0,-1.0,-1.0,-1.0,-1.0,-1.0,-1.0,-1.0,-1.0,-1.0,-1.0,-1.0,-1.0,-1.0,-1.0,-1.0,-1.0,-1.0,-1.0,-1.0,-1.0,-1.0,-1.0,-1.0,-1.0,-1.0,-1.0,-1.0,-1.0,-1.0,-1.0,-1.0,-1.0,-1.0,-1.0,-1.0,-1.0,-1.0,-1.0,-1.0,-1.0,-1.0,-1.0,-1.0,-1.0,-1.0,-1.0,-1.0,-1.0,-1.0,-1.0,-1.0,-1.0,-1.0,-1.0,-1.0,-1.0,-1.0,-1.0,-1.0,-1.0,-1.0,-1.0,-1.0,-1.0,-1.0,-1.0,-1.0,-1.0,-1.0,-1.0,-1.0,-1.0,-1.0,-1.0,-1.0,-1.0,-1.0,-1.0,-1.0,-1.0,-1.0,-1.0,-1.0,-1.0,-1.0,-1.0,-1.0,-1.0,-1.0,-1.0,-1.0,-1.0,-1.0,-1.0,-1.0,-1.0,-1.0,-1.0,-1.0,-1.0,-1.0,-1.0,-1.0,-1.0,-1.0,-1.0
1.0,-1.0,-1.0,-1.0,-1.0,-1.0,-1.0,-1.0,-1.0,-1.0,-1.0,-1.0,-1.0,-1.0,-1.0,-1.0,-1.0,-1.0,-1.0,-1.0,-1.0,-1.0,-1.0,-1.0,-1.0,-1.0,-1.0,-1.0,-1.0,-1.0,-1.0,-1.0,-1.0,-1.0,-1.0,-1.0,-1.0,-1.0,-1.0,-1.0,-1.0,-1.0,-1.0,-1.0,-1.0,-1.0,-1.0,-1.0,-1.0,-1.0,-1.0,-1.0,-1.0,-1.0,-1.0,-1.0,-1.0,-1.0,-1.0,-1.0,-1.0,-1.0,-1.0,-1.0,-1.0,-1.0,-1.0,-1.0,-1.0,-1.0,-1.0,-1.0,-1.0,-1.0,-1.0,-1.0,-1.0,-1.0,-1.0,-1.0,-1.0,-1.0,-1.0,-1.0,-1.0,-1.0,-1.0,-1.0,-1.0,-1.0,-1.0,-1.0,-1.0,-1.0,-1.0,-1.0,-1.0,-1.0,-1.0,-1.0,-1.0,-1.0,-1.0,-1.0,-1.0,-1.0,-1.0,-1.0,-1.0,-1.0,-1.0,-1.0,-1.0,-1.0,-1.0,-1.0,-1.0,-1.0,-1.0,-1.0,-1.0,-1.0,-1.0,-1.0,-1.0,-1.0,-1.0,-1.0,-1.0,-1.0,-1.0,-1.0,-1.0,-1.0,-1.0,-1.0,-1.0,-1.0,-1.0,-1.0,-1.0,-1.0,-1.0,-1.0,-1.0,-1.0,-1.0,-1.0,-1.0,-1.0,-1.0,-1.0,-1.0,-1.0,-1.0,-1.0,-1.0,-1.0,-1.0,-1.0,-1.0,-1.0,-1.0,-1.0,-1.0,-1.0,-1.0,-1.0,-1.0,-1.0,-1.0,-1.0,-1.0,-1.0,-1.0,-1.0,-1.0,-1.0,-1.0,-1.0,-1.0,-1.0,-1.0,-1.0,-1.0,-1.0,-1.0,-1.0,-1.0,-1.0,-1.0,-1.0,-1.0,-1.0,-1.0,-1.0,-1.0,-1.0,-1.0,-1.0,-1.0,-1.0,-1.0,1.0,-1.0,-1.0,-1.0,-1.0,-1.0,-1.0,-1.0,-1.0,-1.0,-1.0,-1.0,-1.0,-1.0,-1.0,-1.0,1.0,1.0,1.0,1.0,1.0,-1.0,-1.0,-1.0
-1.0,-1.0,-1.0,-1.0,-1.0,-1.0,-1.0,-1.0,-1.0,-1.0,-1.0,-1.0,-1.0,-1.0,-1.0,-1.0,-1.0,-1.0,-1.0,-1.0,-1.0,-1.0,-1.0,-1.0,-1.0,-1.0,-1.0,-1.0,-1.0,-1.0,-1.0,-1.0,-1.0,-1.0,-1.0,-1.0,-1.0,-1.0,-1.0,-1.0,-1.0,-1.0,-1.0,-1.0,-1.0,-1.0,-1.0,-1.0,-1.0,-1.0,-1.0,-1.0,-1.0,-1.0,-1.0,-1.0,-1.0,-1.0,-1.0,-1.0,-1.0,-1.0,-1.0,-1.0,-1.0,-1.0,-1.0,-1.0,-1.0,-1.0,-1.0,-1.0,-1.0,-1.0,-1.0,-1.0,-1.0,-1.0,-1.0,-1.0,-1.0,-1.0,-1.0,-1.0,-1.0,-1.0,-1.0,-1.0,-1.0,-1.0,-1.0,-1.0,-1.0,-1.0,-1.0,-1.0,-1.0,-1.0,-1.0,-1.0,-1.0,-1.0,-1.0,-1.0,-1.0,-1.0,-1.0,-1.0,-1.0,-1.0,-1.0,-1.0,-1.0,-1.0,-1.0,-1.0,-1.0,-1.0,-1.0,-1.0,-1.0,-1.0,-1.0,-1.0,-1.0,-1.0,-1.0,-1.0,-1.0,-1.0,-1.0,-1.0,-1.0,-1.0,-1.0,-1.0,-1.0,-1.0,-1.0,-1.0,-1.0,-1.0,-1.0,-1.0,-1.0,-1.0,-1.0,-1.0,-1.0,-1.0,-1.0,-1.0,-1.0,-1.0,-1.0,-1.0,-1.0,-1.0,-1.0,-1.0,-1.0,-1.0,-1.0,-1.0,-1.0,-1.0,-1.0,-1.0,-1.0,-1.0,-1.0,-1.0,-1.0,-1.0,-1.0,-1.0,-1.0,-1.0,-1.0,-1.0,-1.0,-1.0,-1.0,-1.0,-1.0,-1.0,-1.0,-1.0,-1.0,-1.0,-1.0,-1.0,-1.0,-1.0,-1.0,-1.0,-1.0,-1.0,-1.0,-1.0,-1.0,-1.0,-1.0,-1.0,-1.0,-1.0,-1.0,-1.0,-1.0,-1.0,-1.0,-1.0,-1.0,-1.0,-1.0,-1.0,-1.0,-1.0,-1.0,-1.0,-1.0,-1.0,-1.0,-1.0,-1.0,-1.0,-1.0
-1.0,-1.0,-1.0,-1.0,-1.0,-1.0,-1.0,-1.0,-1.0,-1.0,-1.0,-1.0,-1.0,-1.0,-1.0,-1.0,-1.0,-1.0,-1.0,-1.0,-1.0,-1.0,-1.0,-1.0,-1.0,-1.0,-1.0,-1.0,-1.0,-1.0,-1.0,-1.0,-1.0,-1.0,-1.0,-1.0,-1.0,-1.0,-1.0,-1.0,-1.0,-1.0,-1.0,-1.0,-1.0,-1.0,-1.0,-1.0,-1.0,-1.0,-1.0,-1.0,-1.0,-1.0,-1.0,-1.0,-1.0,-1.0,-1.0,-1.0,-1.0,-1.0,-1.0,-1.0,-1.0,-1.0,-1.0,-1.0,-1.0,-1.0,-1.0,-1.0,-1.0,-1.0,-1.0,-1.0,-1.0,-1.0,-1.0,-1.0,-1.0,-1.0,-1.0,-1.0,-1.0,-1.0,-1.0,-1.0,-1.0,-1.0,-1.0,-1.0,-1.0,-1.0,-1.0,-1.0,-1.0,-1.0,-1.0,-1.0,-1.0,-1.0,-1.0,-1.0,-1.0,-1.0,-1.0,-1.0,-1.0,-1.0,-1.0,-1.0,-1.0,-1.0,-1.0,-1.0,-1.0,-1.0,-1.0,-1.0,-1.0,-1.0,-1.0,-1.0,-1.0,-1.0,-1.0,-1.0,-1.0,-1.0,-1.0,-1.0,-1.0,-1.0,-1.0,-1.0,-1.0,-1.0,-1.0,-1.0,-1.0,-1.0,-1.0,-1.0,-1.0,-1.0,-1.0,-1.0,-1.0,-1.0,-1.0,-1.0,-1.0,-1.0,-1.0,-1.0,-1.0,-1.0,-1.0,-1.0,-1.0,-1.0,-1.0,-1.0,-1.0,-1.0,-1.0,-1.0,-1.0,-1.0,-1.0,-1.0,-1.0,-1.0,-1.0,-1.0,-1.0,-1.0,-1.0,-1.0,-1.0,-1.0,-1.0,-1.0,-1.0,-1.0,-1.0,-1.0,-1.0,-1.0,-1.0,-1.0,-1.0,-1.0,-1.0,-1.0,-1.0,-1.0,-1.0,-1.0,-1.0,-1.0,-1.0,-1.0,-1.0,-1.0,-1.0,-1.0,-1.0,-1.0,-1.0,-1.0,-1.0,-1.0,-1.0,-1.0,-1.0,-1.0,-1.0,-1.0,-1.0,-1.0,-1.0,-1.0,-1.0,-1.0,-1.0
1.0,1.0,1.0,1.0,1.0,1.0,1.0,1.0,1.0,-1.0,-1.0,-1.0,1.0,-1.0,-1.0,-1.0,-1.0,-1.0,-1.0,-1.0,-1.0,-1.0,-1.0,-1.0,-1.0,-1.0,-1.0,-1.0,-1.0,-1.0,-1.0,-1.0,-1.0,-1.0,-1.0,-1.0,-1.0,-1.0,-1.0,-1.0,-1.0,-1.0,-1.0,-1.0,-1.0,-1.0,-1.0,-1.0,-1.0,-1.0,-1.0,-1.0,-1.0,-1.0,-1.0,-1.0,-1.0,1.0,1.0,1.0,-1.0,-1.0,1.0,-1.0,-1.0,-1.0,-1.0,-1.0,-1.0,-1.0,-1.0,-1.0,-1.0,-1.0,-1.0,-1.0,-1.0,-1.0,-1.0,-1.0,-1.0,-1.0,-1.0,-1.0,1.0,-1.0,-1.0,-1.0,1.0,1.0,-1.0,-1.0,-1.0,-1.0,-1.0,-1.0,1.0,-1.0,-1.0,-1.0,-1.0,-1.0,1.0,-1.0,-1.0,-1.0,-1.0,-1.0,-1.0,1.0,-1.0,-1.0,-1.0,-1.0,1.0,1.0,1.0,1.0,-1.0,-1.0,-1.0,1.0,1.0,1.0,-1.0,-1.0,-1.0,-1.0,1.0,1.0,-1.0,-1.0,-1.0,1.0,1.0,1.0,-1.0,-1.0,-1.0,1.0,-1.0,-1.0,-1.0,-1.0,-1.0,-1.0,-1.0,-1.0,-1.0,-1.0,-1.0,-1.0,-1.0,1.0,-1.0,-1.0,-1.0,-1.0,-1.0,-1.0,-1.0,-1.0,-1.0,-1.0,-1.0,-1.0,-1.0,-1.0,-1.0,-1.0,-1.0,-1.0,-1.0,-1.0,-1.0,-1.0,-1.0,-1.0,-1.0,-1.0,-1.0,-1.0,-1.0,-1.0,-1.0,-1.0,-1.0,-1.0,-1.0,-1.0,-1.0,-1.0,-1.0,-1.0,-1.0,-1.0,-1.0,-1.0,-1.0,-1.0,-1.0,-1.0,-1.0,1.0,-1.0,-1.0,-1.0,-1.0,-1.0,-1.0,-1.0,-1.0,-1.0,-1.0,-1.0,-1.0,-1.0,-1.0,-1.0,1.0,1.0,1.0,1.0,1.0,-1.0,-1.0,-1.0
-0.5724356620524145,-0.5740647705589167,-0.6590370015488569,-0.6590370015488569,-0.6590370015488569,-0.6590370015488569,-0.6590370015488569,-0.6590370015488569,-0.6590370015488569,-0.5995564398558987,-0.5995564398558987,-0.5995564398558987,-0.5740647705589167,0.8740789958866608,0.8740789958866608,0.2614955008421626,1.337810426714739,1.337810426714739,0.5305742323103066,0.5305742323103066,1.1763631878338527,1.337810426714739,1.337810426714739,1.337810426714739,1.337810426714739,1.337810426714739,1.337810426714739,1.337810426714739,1.337810426714739,1.337810426714739,1.337810426714739,1.337810426714739,1.337810426714739,1.337810426714739,1.337810426714739,1.337810426714739,1.337810426714739,1.337810426714739,1.337810426714739,1.337810426714739,1.337810426714739,1.337810426714739,1.337810426714739,1.337810426714739,1.337810426714739,1.337810426714739,1.337810426714739,1.337810426714739,1.337810426714739,1.337810426714739,1.337810426714739,1.337810426714739,1.337810426714739,1.337810426714739,1.337810426714739,1.337810426714739,1.337810426714739,-0.5995564398558987,-0.5995564398558987,0.12695613510809048,0.5305742323103066,0.5305742323103066,0.12695613510809048,-0.1152147232132392,0.12695613510809048,0.12695613510809048,0.12695613510809048,0.12695613510809048,-0.629827797146065,-0.629827797146065,-0.629827797146065,1.337810426714739,1.337810426714739,1.337810426714739,1.337810426714739,0.12695613510809048,1.337810426714739,1.337810426714739,1.337810426714739,-0.8510415619588181,-0.8510415619588181,-0.8510415619588181,-0.8510415619588181,-0.8510415619588181,-0.8174394711011846,-0.8013654884570068,-0.8013654884570068,-0.8013654884570068,-0.8174394711011846,-0.8174394711011846,-0.54574069356227,-0.54574069356227,-0.54574069356227,1.337810426714739,1.337810426714739,1.337810426714739,-0.8174394711011846,-0.3439316449611617,-0.3439316449611617,-0.3439316449611617,-0.3439316449611617,-0.3439316449611617,-0.8174394711011846,-1.0003909639739617,-1.0003909639739617,-1.0003909639739617,-0.9721269911194829,-0.9721269911194829,-0.9721269911194829,-0.8174394711011846,0.12695613510809048,1.337810426714739,1.337810426714739,1.337810426714739,-0.8174394711011846,-0.7873624116152973,-0.7873624116152973,-0.7873624116152973,-0.9564398100136478,-0.9564398100136478,-0.9564398100136478,-0.8174394711011846,-0.8174394711011846,-0.8174394711011846,-0.5649606029528517,-0.5649606029528517,-0.5649606029528517,-0.5649606029528517,-0.8174394711011846,-0.8174394711011846,1.337810426714739,1.337810426714739,1.337810426714739,-0.9245752233924203,-0.9245752233924203,-0.9245752233924203,1.337810426714739,1.337810426714739,1.337810426714739,-0.8174394711011846,1.337810426714739,1.337810426714739,1.337810426714739,-0.954740365393849,-0.9657660304881535,-0.9657660304881535,-0.9657660304881535,1.337810426714739,1.337810426714739,1.337810426714739,-0.6113696524569392,-0.6113696524569392,-0.6113696524569392,-0.8174394711011846,1.337810426714739,1.337810426714739,-0.7714196296323262,-0.7714196296323262,-0.7714196296323262,-0.7714196296323262,-0.7714196296323262,-0.7714196296323262,-0.5847673798057411,-0.308951409870303,-0.308951409870303,-0.5740647705589167,-0.5740647705589167,-0.8901614698414944,-0.8901614698414944,-0.47847101069523384,-0.47847101069523384,-0.8244293797257048,-0.8244293797257048,-0.04602304940714509,-0.04602304940714509,0.12695613510809048,0.12695613510809048,-0.38082147104953634,-0.6181849674190778,-0.6181849674190778,-0.6181849674190778,-0.6181849674190778,-0.6181849674190778,-0.38082147104953634,-0.19429092184877544,-0.32711422424440273,1.337810426714739,1.337810426714739,-0.32711422424440273,1.337810426714739,1.337810426714739,-0.5140843722130765,1.337810426714739,1.337810426714739,0.12695613510809048,1.337810426714739,1.337810426714739,0.12695613510809048,1.337810426714739,1.337810426714739,-0.4381092009750122,1.337810426714739,1.337810426714739,0.8050345384078138,1.1648312421995037,1.1648312421995037,1.1648312421995037,1.1648312421995037,1.1648312421995037,1.1648312421995037,1.1648312421995037,0.48308975028651663,0.48308975028651663,0.48308975028651663,0.48308975028651663,0.48308975028651663,0.48308975028651663,0.8534687100720798,0.8534687100720798,0.7996529637784509,0.7996529637784509,0.7996529637784509,0.7996529637784509,0.7996529637784509,0.3691269934294201,1.337810426714739,1.337810426714739
-0.7527170888115446,-0.7533716725540432,-0.7846188181161998,-0.7846188181161998,-0.7846188181161998,-0.7846188181161998,-0.7846188181161998,-0.7846188181161998,-0.7846188181161998,-0.7633423526379678,-0.7633423526379678,-0.7633423526379678,-0.7533716725540432,0.6526341428115009,0.6526341428115009,-0.14349998555932486,1.4516825767754173,1.4516825767754173,0.16983944632785655,0.16983944632785655,1.1542949705115835,1.4516825767754173,1.4516825767754173,1.4516825767754173,1.4516825767754173,1.4516825767754173,1.4516825767754173,1.4516825767754173,1.4516825767754173,1.4516825767754173,1.4516825767754173,1.4516825767754173,1.4516825767754173,1.4516825767754173,1.4516825767754173,1.4516825767754173,1.4516825767754173,1.4516825767754173,1.4516825767754173,1.4516825767754173,1.4516825767754173,1.4516825767754173,1.4516825767754173,1.4516825767754173,1.4516825767754173,1.4516825767754173,1.4516825767754173,1.4516825767754173,1.4516825767754173,1.4516825767754173,1.4516825767754173,1.4516825767754173,1.4516825767754173,1.4516825767754173,1.4516825767754173,1.4516825767754173,1.4516825767754173,-0.7633423526379678,-0.7633423526379678,-0.2788056493287897,0.16983944632785655,0.16983944632785655,-0.2788056493287897,-0.4864642364612945,-0.2788056493287897,-0.2788056493287897,-0.2788056493287897,-0.2788056493287897,-0.7745184224315574,-0.7745184224315574,-0.7745184224315574,1.4516825767754173,1.4516825767754173,1.4516825767754173,1.4516825767754173,-0.2788056493287897,1.4516825767754173,1.4516825767754173,1.4516825767754173,-0.8343026094835426,-0.8343026094835426,-0.8343026094835426,-0.8343026094835426,-0.8343026094835426,-0.8277016847382538,-0.8242299013342268,-0.8242299013342268,-0.8242299013342268,-0.8277016847382538,-0.8277016847382538,-0.7416934464348534,-0.7416934464348534,-0.7416934464348534,1.4516825767754173,1.4516825767754173,1.4516825767754173,-0.8277016847382538,-0.6402141986077547,-0.6402141986077547,-0.6402141986077547,-0.6402141986077547,-0.6402141986077547,-0.8277016847382538,-0.8528915174418383,-0.8528915174418383,-0.8528915174418383,-0.8507200618850441,-0.8507200618850441,-0.8507200618850441,-0.8277016847382538,-0.2788056493287897,1.4516825767754173,1.4516825767754173,1.4516825767754173,-0.8277016847382538,-0.8210397082371884,-0.8210397082371884,-0.8210397082371884,-0.8492435964379329,-0.8492435964379329,-0.8492435964379329,-0.8277016847382538,-0.8277016847382538,-0.8277016847382538,-0.7496867992891182,-0.7496867992891182,-0.7496867992891182,-0.7496867992891182,-0.8277016847382538,-0.8277016847382538,1.4516825767754173,1.4516825767754173,1.4516825767754173,-0.845648399292287,-0.845648399292287,-0.845648399292287,1.4516825767754173,1.4516825767754173,1.4516825767754173,-0.8277016847382538,1.4516825767754173,1.4516825767754173,1.4516825767754173,-0.8490720212023006,-0.8501447126766987,-0.8501447126766987,-0.8501447126766987,1.4516825767754173,1.4516825767754173,1.4516825767754173,-0.7677895323742975,-0.7677895323742975,-0.7677895323742975,-0.8277016847382538,1.4516825767754173,1.4516825767754173,-0.8172197800313474,-0.8172197800313474,-0.8172197800313474,-0.8172197800313474,-0.8172197800313474,-0.8172197800313474,-0.757620108098761,-0.6193657322260977,-0.6193657322260977,-0.7533716725540432,-0.7533716725540432,-0.8408682251674362,-0.8408682251674362,-0.7114277058548415,-0.7114277058548415,-0.8291479933449236,-0.8291479933449236,-0.43184202306589653,-0.43184202306589653,-0.2788056493287897,-0.2788056493287897,-0.6611577131610409,-0.7703052638435941,-0.7703052638435941,-0.7703052638435941,-0.7703052638435941,-0.7703052638435941,-0.6611577131610409,-0.5442769098931586,-0.6303110702562068,1.4516825767754173,1.4516825767754173,-0.6303110702562068,1.4516825767754173,1.4516825767754173,-0.727894289321231,1.4516825767754173,1.4516825767754173,-0.2788056493287897,1.4516825767754173,1.4516825767754173,-0.2788056493287897,1.4516825767754173,1.4516825767754173,-0.6915591373329043,1.4516825767754173,1.4516825767754173,0.5481369909855409,1.1338378005521959,1.1338378005521959,1.1338378005521959,1.1338378005521959,1.1338378005521959,1.1338378005521959,1.1338378005521959,0.11040450533132616,0.11040450533132616,0.11040450533132616,0.11040450533132616,0.11040450533132616,0.11040450533132616,0.6210482282453983,0.6210482282453983,0.5401496840127076,0.5401496840127076,0.5401496840127076,0.5401496840127076,0.5401496840127076,-0.02500070950017269,1.4516825767754173,1.4516825767754173
-0.7524822657252276,-0.7526859997153369,-0.7616112651956579,-0.7616112651956579,-0.7616112651956579,-0.7616112651956579,-0.7616112651956579,-0.7616112651956579,-0.7616112651956579,-0.7557075453598672,-0.7557075453598672,-0.7557075453598672,-0.7526859997153369,0.42610195484509267,0.42610195484509267,-0.38456011932561657,1.4965912411460476,1.4965912411460476,-0.10114161965190568,-0.10114161965190568,1.0720988473929915,1.4965912411460476,1.4965912411460476,1.4965912411460476,1.4965912411460476,1.4965912411460476,1.4965912411460476,1.4965912411460476,1.4965912411460476,1.4965912411460476,1.4965912411460476,1.4965912411460476,1.4965912411460476,1.4965912411460476,1.4965912411460476,1.4965912411460476,1.4965912411460476,1.4965912411460476,1.4965912411460476,1.4965912411460476,1.4965912411460476,1.4965912411460476,1.4965912411460476,1.4965912411460476,1.4965912411460476,1.4965912411460476,1.4965912411460476,1.4965912411460476,1.4965912411460476,1.4965912411460476,1.4965912411460476,1.4965912411460476,1.4965912411460476,1.4965912411460476,1.4965912411460476,1.4965912411460476,1.4965912411460476,-0.7557075453598672,-0.7557075453598672,-0.49006343445140743,-0.10114161965190568,-0.10114161965190568,-0.49006343445140743,-0.62856164612163,-0.49006343445140743,-0.49006343445140743,-0.49006343445140743,-0.49006343445140743,-0.7589048177284068,-0.7589048177284068,-0.7589048177284068,1.4965912411460476,1.4965912411460476,1.4965912411460476,1.4965912411460476,-0.49006343445140743,1.4965912411460476,1.4965912411460476,1.4965912411460476,-0.771852812368138,-0.771852812368138,-0.771852812368138,-0.771852812368138,-0.771852812368138,-0.7708468515119269,-0.7702658349138485,-0.7702658349138485,-0.7702658349138485,-0.7708468515119269,-0.7708468515119269,-0.7489553331918166,-0.7489553331918166,-0.7489553331918166,1.4965912411460476,1.4965912411460476,1.4965912411460476,-0.7708468515119269,-0.7090996066752009,-0.7090996066752009,-0.7090996066752009,-0.7090996066752009,-0.7090996066752009,-0.7708468515119269,-0.7737781515413225,-0.7737781515413225,-0.7737781515413225,-0.7736480227216576,-0.7736480227216576,-0.7736480227216576,-0.7708468515119269,-0.49006343445140743,1.4965912411460476,1.4965912411460476,1.4965912411460476,-0.7708468515119269,-0.7697027449062744,-0.7697027449062744,-0.7697027449062744,-0.7735402257895485,-0.7735402257895485,-0.7735402257895485,-0.7708468515119269,-0.7708468515119269,-0.7708468515119269,-0.7515306887157955,-0.7515306887157955,-0.7515306887157955,-0.7515306887157955,-0.7708468515119269,-0.7708468515119269,1.4965912411460476,1.4965912411460476,1.4965912411460476,-0.7732247228653106,-0.7732247228653106,-0.7732247228653106,1.4965912411460476,1.4965912411460476,1.4965912411460476,-0.7708468515119269,1.4965912411460476,1.4965912411460476,1.4965912411460476,-0.7735268076827371,-0.7736077014851209,-0.7736077014851209,-0.7736077014851209,1.4965912411460476,1.4965912411460476,1.4965912411460476,-0.757004444231974,-0.757004444231974,-0.757004444231974,-0.7708468515119269,1.4965912411460476,1.4965912411460476,-0.7689936110954461,-0.7689936110954461,-0.7689936110954461,-0.7689936110954461,-0.7689936110954461,-0.7689936110954461,-0.7539923733015748,-0.6994727304967839,-0.6994727304967839,-0.7526859997153369,-0.7526859997153369,-0.7727087684580085,-0.7727087684580085,-0.7383952689010893,-0.7383952689010893,-0.7710786756841378,-0.7710786756841378,-0.5951467929690571,-0.5951467929690571,-0.49006343445140743,-0.49006343445140743,-0.7183119436974378,-0.7577237821877965,-0.7577237821877965,-0.7577237821877965,-0.7577237821877965,-0.7577237821877965,-0.7183119436974378,-0.6613217359422708,-0.7045822289425389,1.4965912411460476,1.4965912411460476,-0.7045822289425389,1.4965912411460476,1.4965912411460476,-0.7442946934233594,1.4965912411460476,1.4965912411460476,-0.49006343445140743,1.4965912411460476,1.4965912411460476,-0.49006343445140743,1.4965912411460476,1.4965912411460476,-0.730816549212699,1.4965912411460476,1.4965912411460476,0.30358126859366874,1.0439881143023126,1.0439881143023126,1.0439881143023126,1.0439881143023126,1.0439881143023126,1.0439881143023126,1.0439881143023126,-0.15877139395966813,-0.15877139395966813,-0.15877139395966813,-0.15877139395966813,-0.15877139395966813,-0.15877139395966813,0.38860554778426726,0.38860554778426726,0.2943984842883285,0.2943984842883285,0.2943984842883285,0.2943984842883285,0.2943984842883285,-0.2834513481892721,1.4965912411460476,1.4965912411460476
1.0,-1.0,-1.0,-1.0,-1.0,-1.0,-1.0,-1.0,-1.0,-1.0,-1.0,-1.0,-1.0,1.0,1.0,-1.0,-1.0,-1.0,-1.0,-1.0,-1.0,-1.0,-1.0,-1.0,-1.0,-1.0,-1.0,-1.0,-1.0,-1.0,-1.0,-1.0,-1.0,-1.0,-1.0,-1.0,-1.0,-1.0,-1.0,-1.0,-1.0,-1.0,-1.0,-1.0,-1.0,-1.0,-1.0,-1.0,-1.0,-1.0,-1.0,-1.0,-1.0,-1.0,-1.0,-1.0,-1.0,-1.0,-1.0,-1.0,-1.0,-1.0,-1.0,-1.0,-1.0,-1.0,-1.0,-1.0,-1.0,-1.0,-1.0,-1.0,-1.0,-1.0,-1.0,-1.0,-1.0,-1.0,-1.0,-1.0,-1.0,-1.0,-1.0,-1.0,-1.0,-1.0,-1.0,-1.0,-1.0,-1.0,-1.0,-1.0,-1.0,-1.0,-1.0,-1.0,-1.0,-1.0,-1.0,-1.0,-1.0,-1.0,-1.0,-1.0,-1.0,-1.0,-1.0,-1.0,-1.0,-1.0,-1.0,-1.0,-1.0,-1.0,-1.0,-1.0,-1.0,-1.0,-1.0,-1.0,-1.0,-1.0,-1.0,-1.0,-1.0,-1.0,-1.0,-1.0,-1.0,-1.0,-1.0,-1.0,-1.0,-1.0,-1.0,-1.0,-1.0,-1.0,-1.0,-1.0,-1.0,-1.0,-1.0,-1.0,-1.0,-1.0,-1.0,-1.0,-1.0,-1.0,-1.0,-1.0,-1.0,-1.0,-1.0,-1.0,-1.0,-1.0,-1.0,-1.0,-1.0,-1.0,-1.0,-1.0,-1.0,-1.0,-1.0,-1.0,-1.0,-1.0,-1.0,-1.0,-1.0,-1.0,-1.0,-1.0,-1.0,1.0,-1.0,-1.0,-1.0,-1.0,-1.0,1.0,-1.0,-1.0,-1.0,-1.0,-1.0,-1.0,-1.0,-1.0,-1.0,-1.0,-1.0,-1.0,-1.0,-1.0,-1.0,-1.0,-1.0,-1.0,-1.0,-1.0,-1.0,-1.0,-1.0,-1.0,-1.0,-1.0,-1.0,-1.0,-1.0,-1.0,-1.0,-1.0,-1.0,-1.0,-1.0,-1.0,-1.0,-1.0,-1.0,-1.0,-1.0,-1.0,-1.0
-1.0,-1.0,-1.0,-1.0,-1.0,-1.0,-1.0,-1.0,-1.0,-1.0,-1.0,-1.0,-1.0,-1.0,-1.0,-1.0,-1.0,-1.0,-1.0,-1.0,-1.0,-1.0,-1.0,-1.0,-1.0,-1.0,-1.0,-1.0,-1.0,-1.0,-1.0,-1.0,-1.0,-1.0,-1.0,-1.0,-1.0,-1.0,-1.0,-1.0,-1.0,-1.0,-1.0,-1.0,-1.0,-1.0,-1.0,-1.0,-1.0,-1.0,-1.0,-1.0,-1.0,-1.0,-1.0,-1.0,-1.0,-1.0,-1.0,-1.0,-1.0,-1.0,-1.0,-1.0,-1.0,-1.0,-1.0,-1.0,-1.0,-1.0,-1.0,-1.0,-1.0,-1.0,-1.0,-1.0,-1.0,-1.0,-1.0,-1.0,-1.0,-1.0,-1.0,-1.0,-1.0,-1.0,-1.0,-1.0,-1.0,-1.0,-1.0,-1.0,-1.0,-1.0,-1.0,-1.0,-1.0,-1.0,-1.0,-1.0,-1.0,-1.0,-1.0,-1.0,-1.0,-1.0,-1.0,-1.0,-1.0,-1.0,-1.0,-1.0,-1.0,-1.0,-1.0,-1.0,-1.0,-1.0,-1.0,-1.0,-1.0,-1.0,-1.0,-1.0,-1.0,-1.0,-1.0,-1.0,-1.0,-1.0,-1.0,-1.0,-1.0,-1.0,-1.0,-1.0,-1.0,-1.0,-1.0,-1.0,-1.0,-1.0,-1.0,-1.0,-1.0,-1.0,-1.0,-1.0,-1.0,-1.0,-1.0,-1.0,-1.0,-1.0,-1.0,-1.0,-1.0,-1.0,-1.0,-1.0,-1.0,-1.0,-1.0,-1.0,-1.0,-1.0,-1.0,-1.0,-1.0,-1.0,-1.0,-1.0,-1.0,-1.0,-1.0,-1.0,-1.0,-1.0,-1.0,-1.0,-1.0,-1.0,-1.0,-1.0,-1.0,-1.0,-1.0,-1.0,-1.0,-1.0,-1.0,-1.0,-1.0,-1.0,-1.0,-1.0,-1.0,-1.0,-1.0,-1.0,-1.0,-1.0,-1.0,-1.0,-1.0,-1.0,-1.0,-1.0,-1.0,-1.0,-1.0,-1.0,-1.0,-1.0,-1.0,-1.0,-1.0,-1.0,-1.0,-1.0,-1.0,-1.0,-1.0,-1.0,-1.0,-1.0,-1.0
-1.0,1.0,-1.0,-1.0,-1.0,-1.0,-1.0,-1.0,-1.0,-1.0,-1.0,-1.0,1.0,1.0,1.0,1.0,-1.0,-1.0,1.0,1.0,-1.0,-1.0,-1.0,-1.0,-1.0,-1.0,-1.0,-1.0,-1.0,-1.0,-1.0,-1.0,-1.0,-1.0,-1.0,-1.0,-1.0,-1.0,-1.0,1.0,1.0,1.0,1.0,1.0,1.0,1.0,1.0,1.0,1.0,1.0,1.0,1.0,1.0,1.0,1.0,1.0,1.0,1.0,1.0,1.0,-1.0,-1.0,1.0,1.0,-1.0,-1.0,-1.0,-1.0,1.0,1.0,1.0,1.0,1.0,1.0,1.0,-1.0,-1.0,-1.0,-1.0,-1.0,-1.0,-1.0,-1.0,-1.0,1.0,-1.0,-1.0,-1.0,1.0,1.0,-1.0,-1.0,-1.0,-1.0,-1.0,-1.0,1.0,-1.0,-1.0,-1.0,-1.0,-1.0,1.0,-1.0,-1.0,-1.0,-1.0,-1.0,-1.0,1.0,-1.0,-1.0,-1.0,-1.0,1.0,-1.0,-1.0,-1.0,-1.0,-1.0,-1.0,1.0,1.0,1.0,-1.0,-1.0,-1.0,-1.0,1.0,1.0,-1.0,-1.0,-1.0,-1.0,-1.0,-1.0,-1.0,-1.0,-1.0,1.0,-1.0,-1.0,-1.0,-1.0,-1.0,-1.0,-1.0,-1.0,-1.0,-1.0,-1.0,-1.0,-1.0,1.0,-1.0,-1.0,-1.0,-1.0,-1.0,-1.0,-1.0,-1.0,1.0,-1.0,-1.0,-1.0,-1.0,-1.0,-1.0,-1.0,-1.0,-1.0,-1.0,-1.0,-1.0,1.0,1.0,1.0,1.0,1.0,1.0,1.0,1.0,1.0,1.0,1.0,1.0,1.0,1.0,1.0,1.0,1.0,1.0,1.0,1.0,1.0,1.0,1.0,1.0,1.0,1.0,1.0,1.0,1.0,-1.0,-1.0,-1.0,-1.0,-1.0,-1.0,-1.0,-1.0,-1.0,-1.0,-1.0,-1.0,-1.0,-1.0,-1.0,1.0,1.0,1.0,1.0,1.0,1.0,-1.0,-1.0
-1.0,-1.0,1.0,1.0,1.0,1.0,1.0,1.0,1.0,1.0,1.0,1.0,-1.0,-1.0,-1.0,-1.0,-1.0,-1.0,-1.0,-1.0,-1.0,-1.0,-1.0,-1.0,-1.0,-1.0,-1.0,-1.0,-1.0,-1.0,-1.0,-1.0,-1.0,-1.0,-1.0,-1.0,-1.0,-1.0,-1.0,-1.0,-1.0,-1.0,-1.0,-1.0,-1.0,-1.0,-1.0,-1.0,-1.0,-1.0,-1.0,-1.0,-1.0,-1.0,-1.0,-1.0,-1.0,-1.0,-1.0,-1.0,-1.0,-1.0,-1.0,-1.0,-1.0,-1.0,-1.0,-1.0,-1.0,-1.0,-1.0,-1.0,-1.0,-1.0,-1.0,-1.0,-1.0,-1.0,-1.0,1.0,1.0,1.0,1.0,1.0,-1.0,1.0,1.0,1.0,-1.0,-1.0,-1.0,-1.0,-1.0,-1.0,-1.0,-1.0,-1.0,1.0,1.0,1.0,1.0,1.0,-1.0,1.0,1.0,1.0,1.0,1.0,1.0,-1.0,-1.0,-1.0,-1.0,-1.0,-1.0,1.0,1.0,1.0,1.0,1.0,1.0,-1.0,-1.0,-1.0,1.0,1.0,1.0,1.0,-1.0,-1.0,-1.0,-1.0,-1.0,-1.0,-1.0,-1.0,-1.0,-1.0,-1.0,-1.0,-1.0,-1.0,-1.0,-1.0,-1.0,-1.0,-1.0,-1.0,-1.0,-1.0,1.0,1.0,1.0,-1.0,-1.0,-1.0,-1.0,-1.0,-1.0,-1.0,-1.0,-1.0,-1.0,-1.0,-1.0,-1.0,-1.0,-1.0,-1.0,-1.0,-1.0,-1.0,-1.0,-1.0,-1.0,-1.0,-1.0,-1.0,-1.0,-1.0,-1.0,-1.0,-1.0,-1.0,-1.0,-1.0,-1.0,-1.0,-1.0,-1.0,-1.0,-1.0,-1.0,-1.0,-1.0,-1.0,-1.0,-1.0,-1.0,-1.0,-1.0,-1.0,-1.0,-1.0,-1.0,-1.0,-1.0,-1.0,-1.0,-1.0,-1.0,-1.0,-1.0,-1.0,-1.0,-1.0,-1.0,-1.0,-1.0,-1.0,-1.0,-1.0,-1.0,-1.0,-1.0,-1.0,-1.0
-1.0,-1.0,-1.0,-1.0,-1.0,-1.0,-1.0,-1.0,-1.0,-1.0,-1.0,-1.0,-1.0,-1.0,-1.0,-1.0,-1.0,-1.0,-1.0,-1.0,-1.0,-1.0,-1.0,-1.0,-1.0,-1.0,-1.0,-1.0,-1.0,-1.0,-1.0,-1.0,-1.0,-1.0,-1.0,-1.0,-1.0,-1.0,-1.0,-1.0,-1.0,-1.0,-1.0,-1.0,-1.0,-1.0,-1.0,-1.0,-1.0,-1.0,-1.0,-1.0,-1.0,-1.0,-1.0,-1.0,-1.0,-1.0,-1.0,-1.0,-1.0,-1.0,-1.0,-1.0,-1.0,-1.0,-1.0,-1.0,-1.0,-1.0,-1.0,-1.0,-1.0,-1.0,-1.0,-1.0,-1.0,-1.0,-1.0,-1.0,-1.0,-1.0,-1.0,-1.0,-1.0,-1.0,-1.0,-1.0,-1.0,-1.0,-1.0,-1.0,-1.0,-1.0,-1.0,-1.0,-1.0,-1.0,-1.0,-1.0,-1.0,-1.0,-1.0,-1.0,-1.0,-1.0,-1.0,-1.0,-1.0,-1.0,-1.0,-1.0,-1.0,-1.0,-1.0,-1.0,-1.0,-1.0,-1.0,-1.0,-1.0,-1.0,-1.0,-1.0,-1.0,-1.0,-1.0,-1.0,-1.0,-1.0,-1.0,-1.0,-1.0,-1.0,-1.0,-1.0,-1.0,-1.0,-1.0,-1.0,-1.0,-1.0,-1.0,-1.0,-1.0,-1.0,-1.0,-1.0,-1.0,-1.0,-1.0,-1.0,-1.0,-1.0,-1.0,-1.0,-1.0,-1.0,-1.0,-1.0,-1.0,-1.0,-1.0,-1.0,-1.0,-1.0,-1.0,-1.0,-1.0,-1.0,-1.0,-1.0,-1.0,-1.0,-1.0,-1.0,-1.0,-1.0,-1.0,-1.0,-1.0,-1.0,-1.0,-1.0,-1.0,-1.0,-1.0,-1.0,-1.0,-1.0,-1.0,-1.0,-1.0,-1.0,-1.0,-1.0,-1.0,-1.0,-1.0,-1.0,-1.0,-1.0,-1.0,-1.0,-1.0,-1.0,-1.0,-1.0,-1.0,-1.0,-1.0,-1.0,-1.0,-1.0,-1.0,-1.0,-1.0,-1.0,-1.0,-1.0,-1.0,-1.0,-1.0,-1.0,-1.0,-1.0,-1.0
-1.0,-1.0,-1.0,-1.0,-1.0,-1.0,-1.0,-1.0,-1.0,-1.0,-1.0,-1.0,-1.0,-1.0,-1.0,-1.0,-1.0,-1.0,-1.0,-1.0,-1.0,-1.0,-1.0,-1.0,-1.0,-1.0,-1.0,-1.0,-1.0,-1.0,-1.0,-1.0,-1.0,-1.0,-1.0,-1.0,-1.0,-1.0,-1.0,-1.0,-1.0,-1.0,-1.0,-1.0,-1.0,-1.0,-1.0,-1.0,-1.0,-1.0,-1.0,-1.0,-1.0,-1.0,-1.0,-1.0,-1.0,-1.0,-1.0,-1.0,-1.0,-1.0,-1.0,-1.0,-1.0,-1.0,-1.0,-1.0,-1.0,-1.0,-1.0,-1.0,-1.0,-1.0,-1.0,-1.0,-1.0,-1.0,-1.0,-1.0,-1.0,-1.0,-1.0,-1.0,-1.0,-1.0,-1.0,-1.0,-1.0,-1.0,-1.0,-1.0,-1.0,-1.0,-1.0,-1.0,-1.0,-1.0,-1.0,-1.0,-1.0,-1.0,-1.0,-1.0,-1.0,-1.0,-1.0,-1.0,-1.0,-1.0,-1.0,-1.0,-1.0,-1.0,-1.0,-1.0,-1.0,-1.0,-1.0,-1.0,-1.0,-1.0,-1.0,-1.0,-1.0,-1.0,-1.0,-1.0,-1.0,-1.0,-1.0,-1.0,-1.0,-1.0,-1.0,-1.0,-1.0,-1.0,-1.0,-1.0,-1.0,-1.0,-1.0,-1.0,-1.0,-1.0,-1.0,-1.0,-1.0,-1.0,-1.0,-1.0,-1.0,-1.0,-1.0,-1.0,-1.0,-1.0,-1.0,-1.0,-1.0,-1.0,-1.0,-1.0,-1.0,-1.0,-1.0,-1.0,-1.0,-1.0,-1.0,-1.0,-1.0,-1.0,-1.0,-1.0,-1.0,-1.0,-1.0,-1.0,-1.0,-1.0,-1.0,-1.0,-1.0,-1.0,-1.0,-1.0,-1.0,-1.0,-1.0,-1.0,-1.0,-1.0,-1.0,-1.0,-1.0,-1.0,-1.0,-1.0,-1.0,-1.0,-1.0,-1.0,-1.0,-1.0,-1.0,-1.0,-1.0,-1.0,-1.0,-1.0,-1.0,-1.0,-1.0,-1.0,-1.0,-1.0,-1.0,-1.0,-1.0,-1.0,-1.0,-1.0,-1.0,-1.0,-1.0
1.0,-1.0,-1.0,-1.0,-1.0,-1.0,-1.0,-1.0,-1.0,-1.0,-1.0,-1.0,-1.0,-1.0,-1.0,-1.0,-1.0,-1.0,-1.0,-1.0,-1.0,-1.0,-1.0,-1.0,-1.0,-1.0,-1.0,-1.0,-1.0,-1.0,-1.0,-1.0,-1.0,-1.0,-1.0,-1.0,-1.0,-1.0,-1.0,-1.0,-1.0,-1.0,-1.0,-1.0,-1.0,-1.0,-1.0,-1.0,-1.0,-1.0,-1.0,-1.0,-1.0,-1.0,-1.0,-1.0,-1.0,-1.0,-1.0,-1.0,-1.0,-1.0,-1.0,-1.0,-1.0,-1.0,-1.0,-1.0,-1.0,-1.0,-1.0,-1.0,-1.0,-1.0,-1.0,-1.0,-1.0,-1.0,-1.0,-1.0,-1.0,-1.0,-1.0,-1.0,-1.0,-1.0,-1.0,-1.0,-1.0,-1.0,-1.0,-1.0,-1.0,-1.0,-1.0,-1.0,-1.0,-1.0,-1.0,-1.0,-1.0,-1.0,-1.0,-1.0,-1.0,-1.0,-1.0,-1.0,-1.0,-1.0,-1.0,-1.0,-1.0,-1.0,-1.0,-1.0,-1.0,-1.0,-1.0,-1.0,-1.0,-1.0,-1.0,-1.0,-1.0,-1.0,-1.0,-1.0,-1.0,-1.0,-1.0,-1.0,-1.0,-1.0,-1.0,-1.0,-1.0,-1.0,-1.0,-1.0,-1.0,-1.0,-1.0,-1.0,-1.0,-1.0,-1.0,-1.0,-1.0,-1.0,-1.0,-1.0,-1.0,-1.0,-1.0,-1.0,-1.0,-1.0,-1.0,-1.0,-1.0,-1.0,-1.0,-1.0,-1.0,-1.0,-1.0,-1.0,-1.0,-1.0,-1.0,-1.0,-1.0,-1.0,-1.0,-1.0,-1.0,-1.0,-1.0,-1.0,-1.0,-1.0,-1.0,-1.0,-1.0,-1.0,-1.0,-1.0,-1.0,-1.0,-1.0,-1.0,-1.0,-1.0,-1.0,-1.0,-1.0,-1.0,-1.0,-1.0,-1.0,-1.0,-1.0,-1.0,-1.0,-1.0,-1.0,-1.0,-1.0,-1.0,-1.0,-1.0,-1.0,-1.0,-1.0,-1.0,-1.0,-1.0,-1.0,-1.0,-1.0,-1.0,-1.0,-1.0,-1.0,-1.0,-1.0
-1.0,-1.0,-1.0,-1.0,-1.0,-1.0,-1.0,-1.0,-1.0,-1.0,-1.0,-1.0,-1.0,-1.0,-1.0,-1.0,1.0,1.0,-1.0,-1.0,-1.0,1.0,1.0,1.0,1.0,1.0,1.0,1.0,1.0,1.0,1.0,1.0,1.0,1.0,1.0,1.0,1.0,1.0,1.0,1.0,1.0,1.0,1.0,1.0,1.0,1.0,1.0,1.0,1.0,1.0,1.0,1.0,1.0,1.0,1.0,1.0,1.0,-1.0,-1.0,-1.0,-1.0,-1.0,-1.0,-1.0,1.0,1.0,-1.0,-1.0,-1.0,-1.0,-1.0,1.0,1.0,1.0,1.0,-1.0,-1.0,-1.0,-1.0,-1.0,-1.0,-1.0,-1.0,-1.0,-1.0,-1.0,-1.0,-1.0,-1.0,-1.0,-1.0,-1.0,-1.0,-1.0,-1.0,-1.0,-1.0,-1.0,-1.0,-1.0,-1.0,-1.0,-1.0,-1.0,-1.0,-1.0,-1.0,-1.0,-1.0,-1.0,-1.0,-1.0,-1.0,-1.0,-1.0,-1.0,-1.0,-1.0,-1.0,-1.0,-1.0,-1.0,-1.0,-1.0,-1.0,-1.0,-1.0,-1.0,-1.0,-1.0,-1.0,-1.0,-1.0,1.0,1.0,1.0,-1.0,-1.0,-1.0,-1.0,-1.0,-1.0,-1.0,1.0,-1.0,-1.0,-1.0,-1.0,-1.0,-1.0,-1.0,-1.0,-1.0,-1.0,-1.0,-1.0,1.0,1.0,1.0,1.0,1.0,1.0,-1.0,-1.0,-1.0,-1.0,-1.0,-1.0,-1.0,-1.0,-1.0,-1.0,-1.0,-1.0,-1.0,-1.0,-1.0,-1.0,-1.0,-1.0,-1.0,-1.0,-1.0,-1.0,-1.0,-1.0,-1.0,-1.0,-1.0,-1.0,-1.0,-1.0,-1.0,-1.0,-1.0,-1.0,-1.0,-1.0,-1.0,-1.0,-1.0,-1.0,-1.0,-1.0,1.0,1.0,1.0,1.0,1.0,1.0,1.0,1.0,1.0,1.0,1.0,1.0,1.0,-1.0,-1.0,-1.0,-1.0,-1.0,-1.0,-1.0,-1.0,1.0,1.0
-1.0,-1.0,-1.0,-1.0,-1.0,-1.0,-1.0,-1.0,-1.0,-1.0,-1.0,-1.0,-1.0,-1.0,-1.0,-1.0,-1.0,-1.0,-1.0,-1.0,-1.0,-1.0,-1.0,-1.0,-1.0,-1.0,-1.0,-1.0,-1.0,-1.0,-1.0,-1.0,-1.0,-1.0,-1.0,-1.0,-1.0,-1.0,-1.0,-1.0,-1.0,-1.0,-1.0,-1.0,-1.0,-1.0,-1.0,-1.0,-1.0,-1.0,-1.0,-1.0,-1.0,-1.0,-1.0,-1.0,-1.0,-1.0,-1.0,1.0,1.0,1.0,1.0,-1.0,-1.0,-1.0,-1.0,-1.0,-1.0,-1.0,-1.0,-1.0,-1.0,-1.0,-1.0,1.0,-1.0,-1.0,-1.0,-1.0,-1.0,-1.0,-1.0,-1.0,-1.0,-1.0,-1.0,-1.0,-1.0,-1.0,-1.0,-1.0,-1.0,-1.0,-1.0,-1.0,-1.0,-1.0,-1.0,-1.0,-1.0,-1.0,-1.0,-1.0,-1.0,-1.0,-1.0,-1.0,-1.0,-1.0,1.0,-1.0,-1.0,-1.0,-1.0,-1.0,-1.0,-1.0,-1.0,-1.0,-1.0,-1.0,-1.0,-1.0,-1.0,-1.0,-1.0,-1.0,-1.0,-1.0,1.0,1.0,1.0,-1.0,-1.0,-1.0,1.0,1.0,1.0,-1.0,1.0,1.0,1.0,-1.0,-1.0,-1.0,-1.0,1.0,1.0,1.0,-1.0,-1.0,-1.0,-1.0,-1.0,-1.0,-1.0,-1.0,-1.0,-1.0,-1.0,-1.0,-1.0,1.0,1.0,1.0,1.0,1.0,1.0,1.0,1.0,1.0,1.0,-1.0,-1.0,1.0,1.0,-1.0,-1.0,-1.0,-1.0,-1.0,-1.0,-1.0,-1.0,-1.0,1.0,1.0,-1.0,1.0,1.0,-1.0,1.0,1.0,-1.0,1.0,1.0,-1.0,1.0,1.0,-1.0,1.0,1.0,-1.0,-1.0,-1.0,-1.0,-1.0,-1.0,-1.0,-1.0,-1.0,-1.0,-1.0,-1.0,-1.0,-1.0,-1.0,-1.0,-1.0,-1.0,-1.0,-1.0,-1.0,-1.0,-1.0,-1.0
-1.0,-1.0,-1.0,-1.0,-1.0,-1.0,-1.0,-1.0,-1.0,-1.0,-1.0,-1.0,-1.0,-1.0,-1.0,-1.0,-1.0,-1.0,-1.0,-1.0,-1.0,-1.0,-1.0,-1.0,-1.0,-1.0,-1.0,-1.0,-1.0,-1.0,-1.0,-1.0,-1.0,-1.0,-1.0,-1.0,-1.0,-1.0,-1.0,-1.0,-1.0,-1.0,-1.0,-1.0,-1.0,-1.0,-1.0,-1.0,-1.0,-1.0,-1.0,-1.0,-1.0,-1.0,-1.0,-1.0,-1.0,-1.0,-1.0,-1.0,-1.0,-1.0,-1.0,-1.0,-1.0,-1.0,1.0,1.0,-1.0,-1.0,-1.0,-1.0,-1.0,-1.0,-1.0,-1.0,-1.0,-1.0,-1.0,-1.0,-1.0,-1.0,-1.0,-1.0,-1.0,-1.0,-1.0,-1.0,-1.0,-1.0,-1.0,-1.0,-1.0,-1.0,-1.0,-1.0,-1.0,-1.0,-1.0,-1.0,-1.0,-1.0,-1.0,-1.0,-1.0,-1.0,-1.0,-1.0,-1.0,-1.0,-1.0,-1.0,-1.0,-1.0,-1.0,-1.0,-1.0,-1.0,-1.0,-1.0,-1.0,-1.0,-1.0,-1.0,-1.0,-1.0,-1.0,-1.0,-1.0,-1.0,-1.0,-1.0,-1.0,1.0,1.0,1.0,-1.0,-1.0,-1.0,-1.0,-1.0,-1.0,-1.0,-1.0,1.0,1.0,1.0,-1.0,-1.0,-1.0,-1.0,-1.0,-1.0,-1.0,-1.0,-1.0,-1.0,-1.0,-1.0,-1.0,-1.0,-1.0,-1.0,1.0,1.0,1.0,1.0,1.0,1.0,1.0,1.0,1.0,1.0,-1.0,-1.0,-1.0,-1.0,-1.0,-1.0,-1.0,-1.0,-1.0,-1.0,-1.0,-1.0,-1.0,-1.0,-1.0,-1.0,-1.0,-1.0,-1.0,-1.0,-1.0,-1.0,-1.0,-1.0,-1.0,-1.0,-1.0,-1.0,-1.0,-1.0,-1.0,-1.0,-1.0,-1.0,-1.0,-1.0,-1.0,-1.0,-1.0,-1.0,-1.0,-1.0,-1.0,-1.0,-1.0,-1.0,-1.0,-1.0,-1.0,-1.0,-1.0,-1.0,-1.0,-1.0
-1.0,-1.0,-1.0,-1.0,-1.0,-1.0,-1.0,-1.0,-1.0,-1.0,-1.0,-1.0,-1.0,-1.0,-1.0,-1.0,-1.0,-1.0,-1.0,-1.0,-1.0,-1.0,-1.0,-1.0,-1.0,-1.0,-1.0,-1.0,-1.0,-1.0,-1.0,-1.0,-1.0,-1.0,-1.0,-1.0,-1.0,-1.0,-1.0,-1.0,-1.0,-1.0,-1.0,-1.0,-1.0,-1.0,-1.0,-1.0,-1.0,-1.0,-1.0,-1.0,-1.0,-1.0,-1.0,-1.0,-1.0,-1.0,-1.0,-1.0,-1.0,-1.0,-1.0,-1.0,-1.0,-1.0,-1.0,-1.0,-1.0,-1.0,-1.0,-1.0,-1.0,-1.0,-1.0,-1.0,-1.0,-1.0,-1.0,-1.0,-1.0,-1.0,-1.0,-1.0,-1.0,-1.0,-1.0,-1.0,-1.0,-1.0,-1.0,-1.0,-1.0,-1.0,-1.0,-1.0,-1.0,-1.0,-1.0,-1.0,-1.0,-1.0,-1.0,-1.0,-1.0,-1.0,-1.0,-1.0,-1.0,-1.0,-1.0,-1.0,-1.0,-1.0,-1.0,1.0,1.0,1.0,-1.0,-1.0,-1.0,-1.0,-1.0,-1.0,-1.0,-1.0,-1.0,-1.0,-1.0,-1.0,-1.0,-1.0,-1.0,-1.0,-1.0,-1.0,-1.0,-1.0,-1.0,-1.0,-1.0,-1.0,-1.0,-1.0,-1.0,-1.0,-1.0,-1.0,-1.0,-1.0,-1.0,-1.0,-1.0,-1.0,-1.0,-1.0,-1.0,-1.0,-1.0,-1.0,-1.0,-1.0,-1.0,-1.0,-1.0,-1.0,-1.0,-1.0,-1.0,-1.0,-1.0,-1.0,-1.0,-1.0,-1.0,-1.0,-1.0,-1.0,-1.0,-1.0,-1.0,-1.0,-1.0,-1.0,-1.0,-1.0,-1.0,-1.0,-1.0,-1.0,-1.0,-1.0,-1.0,-1.0,-1.0,-1.0,-1.0,-1.0,-1.0,-1.0,-1.0,-1.0,-1.0,-1.0,-1.0,-1.0,-1.0,-1.0,-1.0,-1.0,-1.0,-1.0,-1.0,-1.0,-1.0,-1.0,-1.0,-1.0,-1.0,-1.0,-1.0,-1.0,-1.0,-1.0,-1.0,-1.0,-1.0
-1.0,-1.0,-1.0,-1.0,-1.0,-1.0,-1.0,-1.0,-1.0,-1.0,-1.0,-1.0,-1.0,-1.0,-1.0,-1.0,-1.0,-1.0,-1.0,-1.0,-1.0,-1.0,-1.0,-1.0,-1.0,-1.0,-1.0,-1.0,-1.0,-1.0,-1.0,-1.0,-1.0,-1.0,-1.0,-1.0,-1.0,-1.0,-1.0,-1.0,-1.0,-1.0,-1.0,-1.0,-1.0,-1.0,-1.0,-1.0,-1.0,-1.0,-1.0,-1.0,-1.0,-1.0,-1.0,-1.0,-1.0,-1.0,-1.0,-1.0,-1.0,-1.0,-1.0,-1.0,-1.0,-1.0,-1.0,-1.0,-1.0,-1.0,-1.0,-1.0,-1.0,-1.0,-1.0,-1.0,-1.0,-1.0,-1.0,-1.0,-1.0,-1.0,-1.0,-1.0,-1.0,-1.0,-1.0,-1.0,-1.0,-1.0,-1.0,-1.0,-1.0,-1.0,-1.0,-1.0,-1.0,-1.0,-1.0,-1.0,-1.0,-1.0,-1.0,-1.0,-1.0,-1.0,-1.0,-1.0,-1.0,-1.0,-1.0,-1.0,-1.0,-1.0,-1.0,-1.0,-1.0,-1.0,-1.0,-1.0,-1.0,-1.0,-1.0,-1.0,-1.0,-1.0,-1.0,-1.0,-1.0,-1.0,-1.0,-1.0,-1.0,-1.0,-1.0,-1.0,-1.0,-1.0,-1.0,-1.0,-1.0,-1.0,-1.0,-1.0,-1.0,-1.0,-1.0,-1.0,-1.0,-1.0,-1.0,-1.0,-1.0,-1.0,-1.0,-1.0,-1.0,-1.0,-1.0,-1.0,-1.0,-1.0,-1.0,-1.0,-1.0,-1.0,-1.0,-1.0,-1.0,-1.0,-1.0,-1.0,-1.0,-1.0,-1.0,-1.0,-1.0,-1.0,-1.0,-1.0,-1.0,-1.0,-1.0,-1.0,-1.0,-1.0,-1.0,-1.0,-1.0,-1.0,-1.0,-1.0,-1.0,-1.0,-1.0,-1.0,-1.0,-1.0,-1.0,-1.0,-1.0,-1.0,-1.0,-1.0,-1.0,-1.0,-1.0,-1.0,-1.0,-1.0,-1.0,-1.0,-1.0,-1.0,-1.0,-1.0,-1.0,-1.0,-1.0,-1.0,-1.0,-1.0,-1.0,-1.0,-1.0,-1.0,-1.0
-1.0,-1.0,-1.0,-1.0,-1.0,-1.0,-1.0,-1.0,-1.0,-1.0,-1.0,-1.0,-1.0,-1.0,-1.0,-1.0,-1.0,-1.0,-1.0,-1.0,-1.0,-1.0,-1.0,-1.0,-1.0,-1.0,-1.0,-1.0,-1.0,-1.0,-1.0,-1.0,-1.0,-1.0,-1.0,-1.0,-1.0,-1.0,-1.0,-1.0,-1.0,-1.0,-1.0,-1.0,-1.0,-1.0,-1.0,-1.0,-1.0,-1.0,-1.0,-1.0,-1.0,-1.0,-1.0,-1.0,-1.0,-1.0,-1.0,-1.0,-1.0,-1.0,-1.0,-1.0,-1.0,-1.0,-1.0,-1.0,-1.0,-1.0,-1.0,-1.0,-1.0,-1.0,-1.0,-1.0,-1.0,-1.0,-1.0,-1.0,-1.0,-1.0,-1.0,-1.0,-1.0,-1.0,-1.0,-1.0,-1.0,-1.0,-1.0,-1.0,-1.0,-1.0,-1.0,-1.0,-1.0,-1.0,-1.0,-1.0,-1.0,-1.0,-1.0,-1.0,-1.0,-1.0,-1.0,-1.0,-1.0,-1.0,-1.0,-1.0,-1.0,-1.0,-1.0,-1.0,-1.0,-1.0,-1.0,-1.0,-1.0,-1.0,-1.0,-1.0,-1.0,-1.0,-1.0,-1.0,-1.0,-1.0,-1.0,-1.0,-1.0,-1.0,-1.0,-1.0,-1.0,-1.0,-1.0,-1.0,-1.0,-1.0,-1.0,-1.0,-1.0,-1.0,-1.0,-1.0,-1.0,-1.0,-1.0,-1.0,-1.0,-1.0,-1.0,-1.0,-1.0,-1.0,-1.0,-1.0,-1.0,-1.0,-1.0,-1.0,-1.0,-1.0,-1.0,-1.0,-1.0,-1.0,-1.0,-1.0,-1.0,-1.0,-1.0,-1.0,-1.0,-1.0,-1.0,-1.0,-1.0,-1.0,-1.0,-1.0,-1.0,-1.0,-1.0,-1.0,-1.0,-1.0,-1.0,-1.0,-1.0,-1.0,-1.0,-1.0,-1.0,-1.0,-1.0,-1.0,-1.0,-1.0,-1.0,-1.0,-1.0,-1.0,-1.0,-1.0,-1.0,-1.0,-1.0,-1.0,-1.0,-1.0,-1.0,-1.0,-1.0,-1.0,-1.0,-1.0,-1.0,-1.0,-1.0,-1.0,-1.0,-1.0,-1.0
-1.0,-1.0,-1.0,-1.0,-1.0,-1.0,-1.0,-1.0,-1.0,-1.0,-1.0,-1.0,-1.0,-1.0,-1.0,-1.0,-1.0,-1.0,-1.0,-1.0,-1.0,-1.0,-1.0,-1.0,-1.0,-1.0,-1.0,-1.0,-1.0,-1.0,-1.0,-1.0,-1.0,-1.0,-1.0,-1.0,-1.0,-1.0,-1.0,-1.0,-1.0,-1.0,-1.0,-1.0,-1.0,-1.0,-1.0,-1.0,-1.0,-1.0,-1.0,-1.0,-1.0,-1.0,-1.0,-1.0,-1.0,-1.0,-1.0,-1.0,-1.0,-1.0,-1.0,-1.0,-1.0,-1.0,1.0,1.0,-1.0,-1.0,-1.0,-1.0,-1.0,-1.0,-1.0,-1.0,-1.0,-1.0,-1.0,-1.0,-1.0,-1.0,-1.0,-1.0,-1.0,-1.0,-1.0,-1.0,-1.0,-1.0,-1.0,-1.0,-1.0,-1.0,-1.0,-1.0,-1.0,-1.0,-1.0,-1.0,-1.0,-1.0,-1.0,-1.0,-1.0,-1.0,-1.0,-1.0,-1.0,-1.0,-1.0,-1.0,-1.0,-1.0,-1.0,-1.0,-1.0,-1.0,-1.0,-1.0,-1.0,-1.0,-1.0,-1.0,-1.0,-1.0,-1.0,-1.0,-1.0,-1.0,-1.0,-1.0,-1.0,-1.0,-1.0,-1.0,-1.0,-1.0,-1.0,-1.0,-1.0,-1.0,-1.0,-1.0,-1.0,-1.0,-1.0,-1.0,-1.0,-1.0,-1.0,-1.0,-1.0,-1.0,-1.0,-1.0,-1.0,-1.0,-1.0,-1.0,-1.0,-1.0,-1.0,1.0,1.0,1.0,1.0,1.0,1.0,1.0,1.0,1.0,1.0,-1.0,-1.0,-1.0,-1.0,-1.0,-1.0,-1.0,-1.0,-1.0,-1.0,-1.0,-1.0,-1.0,-1.0,-1.0,-1.0,-1.0,-1.0,-1.0,-1.0,-1.0,-1.0,-1.0,-1.0,-1.0,-1.0,-1.0,-1.0,-1.0,-1.0,-1.0,-1.0,-1.0,-1.0,-1.0,-1.0,-1.0,-1.0,-1.0,-1.0,-1.0,-1.0,-1.0,-1.0,1.0,1.0,-1.0,-1.0,-1.0,-1.0,-1.0,-1.0,-1.0,-1.0
-1.0,-1.0,-1.0,-1.0,-1.0,-1.0,-1.0,-1.0,-1.0,-1.0,-1.0,-1.0,-1.0,-1.0,-1.0,-1.0,-1.0,-1.0,-1.0,-1.0,-1.0,-1.0,-1.0,-1.0,-1.0,-1.0,-1.0,-1.0,-1.0,-1.0,-1.0,-1.0,-1.0,-1.0,-1.0,-1.0,-1.0,-1.0,-1.0,-1.0,-1.0,-1.0,-1.0,-1.0,-1.0,-1.0,-1.0,-1.0,-1.0,-1.0,-1.0,-1.0,-1.0,-1.0,-1.0,-1.0,-1.0,-1.0,-1.0,-1.0,-1.0,-1.0,-1.0,-1.0,-1.0,-1.0,-1.0,-1.0,-1.0,-1.0,-1.0,-1.0,-1.0,-1.0,-1.0,-1.0,-1.0,-1.0,-1.0,-1.0,-1.0,-1.0,-1.0,-1.0,-1.0,-1.0,-1.0,-1.0,-1.0,-1.0,-1.0,-1.0,-1.0,-1.0,-1.0,-1.0,-1.0,-1.0,-1.0,-1.0,-1.0,-1.0,-1.0,-1.0,-1.0,-1.0,-1.0,-1.0,-1.0,-1.0,-1.0,-1.0,-1.0,-1.0,-1.0,-1.0,-1.0,-1.0,-1.0,-1.0,-1.0,-1.0,-1.0,-1.0,-1.0,-1.0,-1.0,-1.0,-1.0,-1.0,-1.0,-1.0,-1.0,-1.0,-1.0,-1.0,-1.0,-1.0,-1.0,-1.0,-1.0,-1.0,-1.0,-1.0,-1.0,-1.0,-1.0,-1.0,-1.0,-1.0,-1.0,-1.0,-1.0,-1.0,-1.0,-1.0,-1.0,-1.0,-1.0,-1.0,-1.0,-1.0,-1.0,-1.0,-1.0,-1.0,-1.0,-1.0,-1.0,-1.0,-1.0,-1.0,-1.0,-1.0,-1.0,-1.0,-1.0,-1.0,-1.0,-1.0,-1.0,-1.0,-1.0,-1.0,-1.0,-1.0,-1.0,-1.0,-1.0,-1.0,-1.0,-1.0,-1.0,-1.0,-1.0,-1.0,-1.0,-1.0,-1.0,-1.0,-1.0,-1.0,-1.0,-1.0,-1.0,-1.0,-1.0,-1.0,-1.0,-1.0,-1.0,-1.0,-1.0,-1.0,-1.0,-1.0,-1.0,-1.0,-1.0,-1.0,-1.0,-1.0,-1.0,-1.0,-1.0,-1.0,-1.0
-1.0,-1.0,-1.0,-1.0,-1.0,-1.0,-1.0,-1.0,-1.0,-1.0,-1.0,-1.0,-1.0,-1.0,-1.0,-1.0,1.0,1.0,-1.0,-1.0,-1.0,1.0,1.0,1.0,1.0,1.0,1.0,1.0,1.0,1.0,1.0,1.0,1.0,1.0,1.0,1.0,1.0,1.0,1.0,1.0,1.0,1.0,1.0,1.0,1.0,1.0,1.0,1.0,1.0,1.0,1.0,1.0,1.0,1.0,1.0,1.0,1.0,-1.0,-1.0,-1.0,-1.0,-1.0,-1.0,-1.0,1.0,1.0,-1.0,-1.0,-1.0,-1.0,-1.0,1.0,1.0,1.0,1.0,-1.0,-1.0,-1.0,-1.0,-1.0,-1.0,-1.0,-1.0,-1.0,-1.0,-1.0,-1.0,-1.0,-1.0,-1.0,-1.0,-1.0,-1.0,-1.0,-1.0,-1.0,-1.0,-1.0,-1.0,-1.0,-1.0,-1.0,-1.0,-1.0,-1.0,-1.0,-1.0,-1.0,-1.0,-1.0,-1.0,-1.0,-1.0,-1.0,-1.0,-1.0,-1.0,-1.0,-1.0,-1.0,-1.0,-1.0,-1.0,-1.0,-1.0,-1.0,-1.0,-1.0,-1.0,-1.0,-1.0,-1.0,-1.0,1.0,1.0,1.0,-1.0,-1.0,-1.0,-1.0,-1.0,-1.0,-1.0,1.0,-1.0,-1.0,-1.0,-1.0,-1.0,-1.0,-1.0,-1.0,-1.0,-1.0,-1.0,-1.0,1.0,1.0,1.0,1.0,1.0,1.0,-1.0,-1.0,-1.0,-1.0,-1.0,-1.0,-1.0,-1.0,-1.0,-1.0,-1.0,-1.0,-1.0,-1.0,-1.0,-1.0,-1.0,-1.0,-1.0,-1.0,-1.0,-1.0,-1.0,-1.0,-1.0,-1.0,-1.0,-1.0,-1.0,-1.0,-1.0,-1.0,-1.0,-1.0,-1.0,-1.0,-1.0,-1.0,-1.0,-1.0,-1.0,-1.0,1.0,1.0,1.0,1.0,1.0,1.0,1.0,1.0,1.0,1.0,1.0,1.0,1.0,-1.0,-1.0,-1.0,-1.0,-1.0,-1.0,-1.0,-1.0,1.0,1.0
-1.0,-1.0,-1.0,-1.0,-1.0,-1.0,-1.0,-1.0,-1.0,-1.0,-1.0,-1.0,-1.0,-1.0,-1.0,-1.0,-1.0,-1.0,-1.0,-1.0,-1.0,-1.0,-1.0,-1.0,-1.0,-1.0,-1.0,-1.0,-1.0,-1.0,-1.0,-1.0,-1.0,-1.0,-1.0,-1.0,-1.0,-1.0,-1.0,-1.0,-1.0,-1.0,-1.0,-1.0,-1.0,-1.0,-1.0,-1.0,-1.0,-1.0,-1.0,-1.0,-1.0,-1.0,-1.0,-1.0,-1.0,-1.0,-1.0,-1.0,-1.0,-1.0,-1.0,-1.0,-1.0,-1.0,-1.0,-1.0,-1.0,-1.0,-1.0,-1.0,-1.0,-1.0,-1.0,-1.0,-1.0,-1.0,-1.0,-1.0,-1.0,-1.0,-1.0,-1.0,-1.0,-1.0,-1.0,-1.0,-1.0,-1.0,-1.0,-1.0,-1.0,-1.0,-1.0,-1.0,-1.0,-1.0,-1.0,-1.0,-1.0,-1.0,-1.0,-1.0,-1.0,-1.0,-1.0,-1.0,-1.0,-1.0,-1.0,-1.0,-1.0,-1.0,-1.0,-1.0,-1.0,-1.0,-1.0,-1.0,-1.0,-1.0,-1.0,-1.0,-1.0,-1.0,-1.0,-1.0,-1.0,-1.0,-1.0,-1.0,-1.0,-1.0,-1.0,-1.0,-1.0,-1.0,-1.0,-1.0,-1.0,-1.0,-1.0,-1.0,-1.0,-1.0,-1.0,-1.0,-1.0,-1.0,-1.0,-1.0,-1.0,-1.0,-1.0,-1.0,-1.0,-1.0,-1.0,-1.0,-1.0,-1.0,-1.0,-1.0,-1.0,-1.0,-1.0,-1.0,-1.0,-1.0,-1.0,-1.0,-1.0,-1.0,-1.0,-1.0,-1.0,-1.0,-1.0,-1.0,-1.0,-1.0,-1.0,-1.0,-1.0,-1.0,-1.0,-1.0,-1.0,-1.0,-1.0,-1.0,-1.0,-1.0,-1.0,-1.0,-1.0,-1.0,-1.0,-1.0,-1.0,-1.0,-1.0,-1.0,-1.0,-1.0,-1.0,-1.0,-1.0,-1.0,-1.0,-1.0,-1.0,-1.0,-1.0,-1.0,-1.0,-1.0,-1.0,-1.0,-1.0,-1.0,-1.0,-1.0,-1.0,-1.0,-1.0
-1.0,-1.0,-1.0,-1.0,-1.0,-1.0,-1.0,-1.0,-1.0,-1.0,-1.0,-1.0,-1.0,-1.0,-1.0,-1.0,-1.0,-1.0,-1.0,-1.0,-1.0,-1.0,-1.0,-1.0,-1.0,-1.0,-1.0,-1.0,-1.0,-1.0,-1.0,-1.0,-1.0,-1.0,-1.0,-1.0,-1.0,-1.0,-1.0,-1.0,-1.0,-1.0,-1.0,-1.0,-1.0,-1.0,-1.0,-1.0,-1.0,-1.0,-1.0,-1.0,-1.0,-1.0,-1.0,-1.0,-1.0,-1.0,-1.0,-1.0,-1.0,-1.0,-1.0,-1.0,-1.0,-1.0,-1.0,-1.0,-1.0,-1.0,-1.0,-1.0,-1.0,-1.0,-1.0,-1.0,-1.0,-1.0,-1.0,-1.0,-1.0,-1.0,-1.0,-1.0,-1.0,-1.0,-1.0,-1.0,-1.0,-1.0,-1.0,-1.0,-1.0,-1.0,-1.0,-1.0,-1.0,-1.0,-1.0,-1.0,-1.0,-1.0,-1.0,-1.0,-1.0,-1.0,-1.0,-1.0,-1.0,-1.0,-1.0,-1.0,-1.0,-1.0,-1.0,-1.0,-1.0,-1.0,-1.0,-1.0,-1.0,-1.0,-1.0,-1.0,-1.0,-1.0,-1.0,-1.0,-1.0,-1.0,-1.0,-1.0,-1.0,-1.0,-1.0,-1.0,-1.0,-1.0,-1.0,-1.0,-1.0,-1.0,-1.0,-1.0,-1.0,-1.0,-1.0,-1.0,-1.0,-1.0,-1.0,-1.0,-1.0,-1.0,-1.0,-1.0,-1.0,-1.0,-1.0,-1.0,-1.0,-1.0,-1.0,-1.0,-1.0,-1.0,-1.0,-1.0,-1.0,-1.0,-1.0,-1.0,-1.0,-1.0,-1.0,-1.0,-1.0,1.0,-1.0,-1.0,-1.0,-1.0,-1.0,1.0,-1.0,-1.0,-1.0,-1.0,-1.0,-1.0,-1.0,-1.0,-1.0,-1.0,-1.0,-1.0,-1.0,-1.0,-1.0,-1.0,-1.0,-1.0,-1.0,-1.0,-1.0,-1.0,-1.0,-1.0,-1.0,-1.0,-1.0,-1.0,-1.0,-1.0,-1.0,-1.0,-1.0,-1.0,-1.0,-1.0,-1.0,-1.0,-1.0,-1.0,-1.0,-1.0,-1.0
-1.0,-1.0,-1.0,-1.0,-1.0,-1.0,-1.0,-1.0,-1.0,-1.0,-1.0,-1.0,-1.0,-1.0,-1.0,-1.0,-1.0,-1.0,-1.0,-1.0,-1.0,-1.0,-1.0,-1.0,-1.0,-1.0,-1.0,-1.0,-1.0,-1.0,-1.0,-1.0,-1.0,-1.0,-1.0,-1.0,-1.0,-1.0,-1.0,-1.0,-1.0,-1.0,-1.0,-1.0,-1.0,-1.0,-1.0,-1.0,-1.0,-1.0,-1.0,-1.0,-1.0,-1.0,-1.0,-1.0,-1.0,-1.0,-1.0,-1.0,-1.0,-1.0,-1.0,-1.0,-1.0,-1.0,-1.0,-1.0,-1.0,-1.0,-1.0,-1.0,-1.0,-1.0,-1.0,-1.0,-1.0,-1.0,-1.0,-1.0,-1.0,-1.0,-1.0,-1.0,-1.0,-1.0,-1.0,-1.0,-1.0,-1.0,-1.0,-1.0,-1.0,-1.0,-1.0,-1.0,-1.0,-1.0,-1.0,-1.0,-1.0,-1.0,-1.0,-1.0,-1.0,-1.0,-1.0,-1.0,-1.0,-1.0,-1.0,-1.0,-1.0,-1.0,-1.0,-1.0,-1.0,-1.0,-1.0,-1.0,-1.0,-1.0,-1.0,-1.0,-1.0,-1.0,-1.0,-1.0,-1.0,-1.0,-1.0,-1.0,-1.0,-1.0,-1.0,-1.0,-1.0,-1.0,-1.0,-1.0,-1.0,-1.0,-1.0,-1.0,-1.0,-1.0,-1.0,-1.0,-1.0,-1.0,-1.0,-1.0,-1.0,-1.0,-1.0,-1.0,-1.0,-1.0,-1.0,-1.0,-1.0,-1.0,-1.0,-1.0,-1.0,-1.0,-1.0,-1.0,-1.0,-1.0,-1.0,-1.0,-1.0,-1.0,-1.0,-1.0,-1.0,-1.0,-1.0,-1.0,-1.0,-1.0,-1.0,-1.0,-1.0,-1.0,-1.0,-1.0,-1.0,-1.0,-1.0,-1.0,-1.0,-1.0,-1.0,-1.0,-1.0,-1.0,-1.0,-1.0,-1.0,-1.0,-1.0,-1.0,-1.0,-1.0,-1.0,-1.0,-1.0,-1.0,-1.0,-1.0,-1.0,-1.0,-1.0,-1.0,-1.0,-1.0,-1.0,-1.0,-1.0,-1.0,-1.0,-1.0,-1.0,-1.0,-1.0
-1.0,-1.0,-1.0,-1.0,-1.0,-1.0,-1.0,-1.0,-1.0,-1.0,-1.0,-1.0,-1.0,-1.0,-1.0,-1.0,-1.0,-1.0,-1.0,-1.0,-1.0,-1.0,-1.0,-1.0,-1.0,-1.0,-1.0,-1.0,-1.0,-1.0,-1.0,-1.0,-1.0,-1.0,-1.0,-1.0,-1.0,-1.0,-1.0,-1.0,-1.0,-1.0,-1.0,-1.0,-1.0,-1.0,-1.0,-1.0,-1.0,-1.0,-1.0,-1.0,-1.0,-1.0,-1.0,-1.0,-1.0,-1.0,-1.0,-1.0,-1.0,-1.0,-1.0,-1.0,-1.0,-1.0,-1.0,-1.0,-1.0,-1.0,-1.0,-1.0,-1.0,-1.0,-1.0,-1.0,-1.0,-1.0,-1.0,-1.0,-1.0,-1.0,-1.0,-1.0,-1.0,-1.0,-1.0,-1.0,-1.0,-1.0,-1.0,-1.0,-1.0,-1.0,-1.0,-1.0,-1.0,-1.0,-1.0,-1.0,-1.0,-1.0,-1.0,-1.0,-1.0,-1.0,-1.0,-1.0,-1.0,-1.0,-1.0,-1.0,-1.0,-1.0,-1.0,-1.0,-1.0,-1.0,-1.0,-1.0,-1.0,-1.0,-1.0,-1.0,-1.0,-1.0,-1.0,-1.0,-1.0,-1.0,-1.0,-1.0,-1.0,-1.0,-1.0,-1.0,-1.0,-1.0,-1.0,-1.0,-1.0,-1.0,-1.0,-1.0,-1.0,-1.0,-1.0,-1.0,-1.0,-1.0,-1.0,-1.0,-1.0,-1.0,-1.0,-1.0,-1.0,-1.0,-1.0,-1.0,-1.0,-1.0,-1.0,-1.0,-1.0,-1.0,-1.0,-1.0,-1.0,-1.0,-1.0,-1.0,-1.0,-1.0,-1.0,-1.0,-1.0,-1.0,-1.0,-1.0,-1.0,-1.0,-1.0,-1.0,-1.0,-1.0,-1.0,-1.0,-1.0,-1.0,-1.0,-1.0,-1.0,-1.0,-1.0,-1.0,-1.0,-1.0,-1.0,-1.0,-1.0,-1.0,-1.0,-1.0,-1.0,-1.0,-1.0,-1.0,-1.0,-1.0,-1.0,-1.0,-1.0,-1.0,-1.0,-1.0,-1.0,-1.0,-1.0,-1.0,-1.0,-1.0,-1.0,-1.0,-1.0,-1.0,-1.0
-1.0,-1.0,-1.0,-1.0,-1.0,-1.0,-1.0,-1.0,-1.0,-1.0,-1.0,-1.0,-1.0,-1.0,-1.0,-1.0,-1.0,-1.0,-1.0,-1.0,-1.0,-1.0,-1.0,-1.0,-1.0,-1.0,-1.0,-1.0,-1.0,-1.0,-1.0,-1.0,-1.0,-1.0,-1.0,-1.0,-1.0,-1.0,-1.0,-1.0,-1.0,-1.0,-1.0,-1.0,-1.0,-1.0,-1.0,-1.0,-1.0,-1.0,-1.0,-1.0,-1.0,-1.0,-1.0,-1.0,-1.0,-1.0,-1.0,-1.0,-1.0,-1.0,-1.0,-1.0,-1.0,-1.0,-1.0,-1.0,-1.0,-1.0,-1.0,-1.0,-1.0,-1.0,-1.0,-1.0,-1.0,-1.0,-1.0,-1.0,-1.0,-1.0,-1.0,-1.0,-1.0,-1.0,-1.0,-1.0,-1.0,-1.0,-1.0,-1.0,-1.0,-1.0,-1.0,-1.0,-1.0,-1.0,-1.0,-1.0,-1.0,-1.0,-1.0,-1.0,-1.0,-1.0,-1.0,-1.0,-1.0,-1.0,-1.0,-1.0,-1.0,-1.0,-1.0,-1.0,-1.0,-1.0,-1.0,-1.0,-1.0,-1.0,-1.0,-1.0,-1.0,-1.0,-1.0,-1.0,-1.0,-1.0,-1.0,-1.0,-1.0,-1.0,-1.0,-1.0,-1.0,-1.0,-1.0,-1.0,-1.0,-1.0,-1.0,-1.0,-1.0,-1.0,-1.0,-1.0,-1.0,-1.0,-1.0,-1.0,-1.0,-1.0,-1.0,-1.0,-1.0,-1.0,-1.0,-1.0,-1.0,-1.0,-1.0,-1.0,-1.0,-1.0,-1.0,-1.0,-1.0,-1.0,-1.0,-1.0,-1.0,-1.0,-1.0,-1.0,-1.0,-1.0,-1.0,-1.0,-1.0,-1.0,-1.0,-1.0,-1.0,-1.0,-1.0,-1.0,-1.0,-1.0,-1.0,-1.0,-1.0,-1.0,-1.0,-1.0,-1.0,-1.0,-1.0,-1.0,-1.0,-1.0,-1.0,-1.0,-1.0,-1.0,-1.0,-1.0,-1.0,-1.0,-1.0,-1.0,-1.0,-1.0,-1.0,-1.0,-1.0,-1.0,-1.0,-1.0,-1.0,-1.0,-1.0,-1.0,-1.0,-1.0,-1.0
0.0,1.0,1.0,1.0,1.0,1.0,1.0,1.0,1.0,1.0,1.0,1.0,1.0,1.0,1.0,1.0,1.0,1.0,1.0,1.0,1.0,1.0,1.0,1.0,1.0,1.0,1.0,1.0,1.0,1.0,1.0,1.0,1.0,1.0,1.0,1.0,1.0,1.0,1.0,1.0,1.0,1.0,1.0,1.0,1.0,1.0,1.0,1.0,1.0,1.0,1.0,1.0,1.0,1.0,1.0,1.0,1.0,1.0,1.0,1.0,1.0,1.0,1.0,1.0,1.0,1.0,1.0,1.0,1.0,1.0,1.0,1.0,1.0,1.0,1.0,1.0,1.0,1.0,1.0,1.0,1.0,1.0,1.0,1.0,1.0,1.0,1.0,1.0,1.0,1.0,1.0,1.0,1.0,1.0,1.0,1.0,1.0,1.0,1.0,1.0,1.0,1.0,1.0,1.0,1.0,1.0,1.0,1.0,1.0,1.0,1.0,1.0,1.0,1.0,1.0,1.0,1.0,1.0,1.0,1.0,1.0,1.0,1.0,1.0,1.0,1.0,1.0,1.0,1.0,1.0,1.0,1.0,1.0,1.0,1.0,1.0,1.0,1.0,1.0,1.0,1.0,1.0,1.0,1.0,1.0,1.0,1.0,1.0,1.0,1.0,1.0,1.0,1.0,1.0,1.0,1.0,1.0,1.0,1.0,1.0,1.0,1.0,1.0,1.0,1.0,1.0,1.0,1.0,1.0,1.0,1.0,1.0,1.0,1.0,1.0,1.0,1.0,1.0,1.0,1.0,1.0,1.0,1.0,1.0,1.0,1.0,1.0,1.0,1.0,1.0,1.0,1.0,1.0,1.0,1.0,1.0,1.0,1.0,1.0,1.0,1.0,1.0,1.0,1.0,1.0,1.0,1.0,1.0,1.0,1.0,1.0,1.0,1.0,1.0,1.0,1.0,1.0,1.0,1.0,1.0,1.0,1.0,1.0,1.0,1.0,1.0,1.0
0.0,1.0,0.0,0.0,0.0,0.0,0.0,0.0,0.0,0.0,0.0,0.0,1.0,0.0,0.0,0.0,0.0,0.0,0.0,0.0,0.0,0.0,0.0,0.0,0.0,0.0,0.0,0.0,0.0,0.0,0.0,0.0,0.0,0.0,0.0,0.0,0.0,0.0,0.0,0.0,0.0,0.0,0.0,0.0,0.0,0.0,0.0,0.0,0.0,0.0,0.0,0.0,0.0,0.0,0.0,0.0,0.0,0.0,0.0,0.0,0.0,0.0,0.0,0.0,0.0,0.0,0.0,0.0,0.0,0.0,0.0,0.0,0.0,0.0,0.0,0.0,0.0,0.0,0.0,0.0,0.0,0.0,0.0,0.0,0.0,0.0,0.0,0.0,0.0,0.0,0.0,0.0,0.0,0.0,0.0,0.0,0.0,0.0,0.0,0.0,0.0,0.0,0.0,0.0,0.0,0.0,0.0,0.0,0.0,0.0,0.0,0.0,0.0,0.0,0.0,0.0,0.0,0.0,0.0,0.0,0.0,0.0,0.0,0.0,0.0,0.0,0.0,0.0,0.0,0.0,0.0,0.0,0.0,0.0,0.0,0.0,0.0,0.0,0.0,0.0,0.0,0.0,0.0,0.0,0.0,0.0,0.0,0.0,0.0,0.0,0.0,0.0,0.0,0.0,0.0,0.0,0.0,0.0,0.0,0.0,0.0,0.0,0.0,0.0,0.0,0.0,0.0,0.0,0.0,0.0,0.0,0.0,0.0,0.0,0.0,0.0,0.0,0.0,0.0,0.0,0.0,0.0,0.0,0.0,0.0,0.0,0.0,0.0,0.0,0.0,0.0,0.0,0.0,0.0,0.0,0.0,0.0,0.0,0.0,0.0,0.0,0.0,0.0,0.0,0.0,0.0,0.0,0.0,0.0,0.0,0.0,0.0,0.0,0.0,0.0,0.0,0.0,0.0,0.0,0.0,0.0,0.0,0.0,0.0,0.0,0.0,0.0
0.0,-0.4299565700434299,-0.8293216630196937,-0.8293216630196937,-0.8293216630196937,-0.8293216630196937,-0.8293216630196937,-0.8293216630196937,-0.8293216630196937,-0.8293216630196937,-0.8293216630196937,-0.8293216630196937,-0.4299565700434299,0.7954070981210857,0.7954070981210857,0.27659574468085113,1.0,1.0,0.27659574468085113,0.27659574468085113,0.6643356643356644,0.8755980861244019,0.8755980861244019,0.8755980861244019,0.8755980861244019,0.8755980861244019,0.8755980861244019,0.8755980861244019,0.8755980861244019,0.8755980861244019,0.8755980861244019,0.8755980861244019,0.8755980861244019,0.8755980861244019,0.8755980861244019,0.8755980861244019,0.8755980861244019,0.8755980861244019,0.8755980861244019,0.7954070981210857,0.7954070981210857,0.7954070981210857,0.7954070981210857,0.7954070981210857,0.7954070981210857,0.7954070981210857,0.7954070981210857,0.7954070981210857,0.7954070981210857,0.7954070981210857,0.7954070981210857,0.7954070981210857,0.7954070981210857,0.7954070981210857,0.7954070981210857,0.7954070981210857,0.7954070981210857,-0.4300254452926209,-0.4300254452926209,-0.8020833333333334,-0.13636363636363635,-0.13636363636363635,-0.8020833333333334,-0.4300254452926209,-0.07462686567164178,-0.07462686567164178,1.0,1.0,-0.5593220338983051,-0.5593220338983051,-0.5593220338983051,-0.5593220338983051,-0.5593220338983051,-0.5593220338983051,-0.5593220338983051,-0.7995247995247995,-0.25,-0.25,-0.25,-0.9042956411876184,-0.9042956411876184,-0.9042956411876184,-0.9042956411876184,-0.9042956411876184,-0.7995247995247995,-0.9042956411876184,-0.9042956411876184,-0.9042956411876184,-0.7995247995247995,-0.7995247995247995,-0.030303030303030276,-0.030303030303030276,-0.030303030303030276,-0.030303030303030276,-0.030303030303030276,-0.030303030303030276,-0.7995247995247995,-0.9042956411876184,-0.9042956411876184,-0.9042956411876184,-0.9042956411876184,-0.9042956411876184,-0.7995247995247995,-0.9042956411876184,-0.9042956411876184,-0.9042956411876184,-0.9042956411876184,-0.9042956411876184,-0.9042956411876184,-0.7995247995247995,-0.9042956411876184,-0.1724137931034483,-0.1724137931034483,-0.1724137931034483,-0.7995247995247995,-0.9042956411876184,-0.9042956411876184,-0.9042956411876184,-0.9042956411876184,-0.9042956411876184,-0.9042956411876184,-0.7995247995247995,-0.7995247995247995,-0.7995247995247995,-0.9042956411876184,-0.9042956411876184,-0.9042956411876184,-0.9042956411876184,-0.7995247995247995,-0.7995247995247995,-0.9042956411876184,-0.9042956411876184,-0.9042956411876184,-0.9042956411876184,-0.9042956411876184,-0.9042956411876184,-0.9042956411876184,-0.9042956411876184,-0.9042956411876184,-0.7995247995247995,-0.9042956411876184,-0.9042956411876184,-0.9042956411876184,-0.9042956411876184,-0.8299595141700404,-0.8299595141700404,-0.8299595141700404,-0.9042956411876184,-0.9042956411876184,-0.9042956411876184,-0.9042956411876184,-0.9042956411876184,-0.9042956411876184,-0.7995247995247995,0.945945945945946,0.945945945945946,0.945945945945946,0.945945945945946,0.945945945945946,0.945945945945946,0.945945945945946,0.945945945945946,0.5584699453551913,1.0,1.0,1.0,1.0,1.0,1.0,1.0,1.0,1.0,1.0,-0.7309417040358744,-0.7309417040358744,-0.6721311475409837,-0.6721311475409837,-0.7309417040358744,-0.6721311475409837,-0.6721311475409837,-0.6721311475409837,-0.6721311475409837,-0.6721311475409837,-0.7309417040358744,-0.523323276862381,0.9236111111111112,0.9636363636363636,0.9636363636363636,0.9236111111111112,0.9565217391304348,0.9565217391304348,0.9236111111111112,0.9540229885057472,0.9540229885057472,0.9236111111111112,0.9607843137254901,0.9607843137254901,0.9236111111111112,0.9578947368421054,0.9578947368421054,0.9236111111111112,0.95,0.95,-0.4136247877758913,1.0,1.0,1.0,1.0,1.0,1.0,1.0,1.0,1.0,1.0,1.0,1.0,1.0,0.346938775510204,0.346938775510204,0.7837837837837838,0.7837837837837838,0.7837837837837838,0.7837837837837838,0.7837837837837838,-0.4136247877758913,-0.032258064516129004,-0.032258064516129004
0.0,-0.4775130935520587,-0.4775130935520587,-0.4775130935520587,-0.4775130935520587,-0.4775130935520587,-0.4775130935520587,-0.4775130935520587,-0.4775130935520587,-0.4775130935520587,-0.4775130935520587,-0.4775130935520587,-0.4775130935520587,0.04722599305560278,0.04722599305560278,-1.0022521801597202,-1.0022521801597202,-1.0022521801597202,-1.0022521801597202,-1.0022521801597202,0.04722599305560278,0.5719650796632643,0.5719650796632643,0.5719650796632643,0.5719650796632643,0.5719650796632643,0.5719650796632643,0.5719650796632643,0.5719650796632643,0.5719650796632643,0.5719650796632643,0.5719650796632643,0.5719650796632643,0.5719650796632643,0.5719650796632643,0.5719650796632643,0.5719650796632643,0.5719650796632643,0.5719650796632643,0.04722599305560278,0.04722599305560278,0.04722599305560278,0.04722599305560278,0.04722599305560278,0.04722599305560278,0.04722599305560278,0.04722599305560278,0.04722599305560278,0.04722599305560278,0.04722599305560278,0.04722599305560278,0.04722599305560278,0.04722599305560278,0.04722599305560278,0.04722599305560278,0.04722599305560278,0.04722599305560278,-0.4775130935520587,-0.4775130935520587,-0.4775130935520587,-1.0022521801597202,-1.0022521801597202,-0.4775130935520587,-0.4775130935520587,0.04722599305560278,0.04722599305560278,-0.4775130935520587,-0.4775130935520587,0.04722599305560278,0.04722599305560278,0.04722599305560278,0.04722599305560278,0.04722599305560278,0.04722599305560278,0.04722599305560278,0.04722599305560278,0.5719650796632643,0.5719650796632643,0.5719650796632643,0.04722599305560278,0.04722599305560278,0.04722599305560278,0.04722599305560278,0.04722599305560278,0.04722599305560278,0.04722599305560278,0.04722599305560278,0.04722599305560278,0.04722599305560278,0.04722599305560278,0.04722599305560278,0.04722599305560278,0.04722599305560278,0.04722599305560278,0.04722599305560278,0.04722599305560278,0.04722599305560278,0.04722599305560278,0.04722599305560278,0.04722599305560278,0.04722599305560278,0.04722599305560278,0.04722599305560278,0.04722599305560278,0.04722599305560278,0.04722599305560278,0.04722599305560278,0.04722599305560278,0.04722599305560278,0.04722599305560278,0.04722599305560278,0.5719650796632643,0.5719650796632643,0.5719650796632643,0.04722599305560278,0.04722599305560278,0.04722599305560278,0.04722599305560278,0.04722599305560278,0.04722599305560278,0.04722599305560278,0.04722599305560278,0.04722599305560278,0.04722599305560278,0.04722599305560278,0.04722599305560278,0.04722599305560278,0.04722599305560278,0.04722599305560278,0.04722599305560278,0.04722599305560278,0.04722599305560278,0.04722599305560278,0.04722599305560278,0.04722599305560278,0.04722599305560278,0.04722599305560278,0.04722599305560278,0.04722599305560278,0.04722599305560278,0.04722599305560278,0.04722599305560278,0.04722599305560278,0.04722599305560278,0.04722599305560278,0.04722599305560278,0.04722599305560278,0.04722599305560278,0.04722599305560278,0.04722599305560278,0.04722599305560278,0.04722599305560278,0.04722599305560278,0.04722599305560278,-0.4775130935520587,-0.4775130935520587,-0.4775130935520587,-0.4775130935520587,-0.4775130935520587,-0.4775130935520587,-0.4775130935520587,-0.4775130935520587,-0.4775130935520587,-0.4775130935520587,-0.4775130935520587,-0.4775130935520587,-0.4775130935520587,-0.4775130935520587,-0.4775130935520587,-0.4775130935520587,-0.4775130935520587,-0.4775130935520587,-0.4775130935520587,-0.4775130935520587,-0.4775130935520587,-0.4775130935520587,-0.4775130935520587,-0.4775130935520587,-0.4775130935520587,-0.4775130935520587,-0.4775130935520587,-0.4775130935520587,-0.4775130935520587,-0.4775130935520587,-0.4775130935520587,0.04722599305560278,0.04722599305560278,0.04722599305560278,0.04722599305560278,-0.4775130935520587,-0.4775130935520587,0.04722599305560278,-0.4775130935520587,-0.4775130935520587,0.04722599305560278,0.04722599305560278,0.04722599305560278,0.04722599305560278,0.04722599305560278,0.04722599305560278,0.04722599305560278,-0.4775130935520587,-0.4775130935520587,-0.4775130935520587,0.04722599305560278,0.04722599305560278,0.04722599305560278,0.04722599305560278,0.04722599305560278,0.04722599305560278,0.04722599305560278,0.04722599305560278,0.04722599305560278,0.04722599305560278,0.04722599305560278,0.04722599305560278,0.04722599305560278,-0.4775130935520587,-0.4775130935520587,0.04722599305560278,0.04722599305560278,0.04722599305560278,0.04722599305560278,0.04722599305560278,-0.4775130935520587,0.04722599305560278,0.04722599305560278
0.0,1.0,1.0,1.0,1.0,1.0,1.0,1.0,1.0,1.0,1.0,1.0,1.0,1.0,1.0,1.0,1.0,1.0,1.0,1.0,1.0,-1.0,-1.0,-1.0,-1.0,-1.0,-1.0,-1.0,-1.0,-1.0,-1.0,-1.0,-1.0,-1.0,-1.0,-1.0,-1.0,-1.0,-1.0,1.0,1.0,1.0,1.0,1.0,1.0,1.0,1.0,1.0,1.0,1.0,1.0,1.0,1.0,1.0,1.0,1.0,1.0,1.0,1.0,1.0,-1.0,-1.0,1.0,1.0,1.0,1.0,1.0,1.0,1.0,1.0,1.0,1.0,1.0,1.0,1.0,1.0,1.0,1.0,1.0,1.0,1.0,1.0,1.0,1.0,1.0,1.0,1.0,1.0,1.0,1.0,1.0,1.0,1.0,1.0,1.0,1.0,1.0,1.0,1.0,1.0,1.0,1.0,1.0,1.0,1.0,1.0,1.0,1.0,1.0,1.0,1.0,-1.0,-1.0,-1.0,1.0,1.0,1.0,1.0,1.0,1.0,1.0,1.0,1.0,1.0,1.0,1.0,1.0,1.0,1.0,1.0,1.0,1.0,1.0,1.0,1.0,1.0,1.0,1.0,1.0,1.0,1.0,1.0,1.0,1.0,1.0,1.0,1.0,1.0,1.0,1.0,1.0,1.0,1.0,1.0,1.0,1.0,1.0,1.0,1.0,1.0,1.0,1.0,1.0,1.0,1.0,1.0,1.0,1.0,1.0,1.0,1.0,1.0,1.0,1.0,1.0,1.0,1.0,1.0,1.0,1.0,1.0,1.0,1.0,1.0,1.0,1.0,1.0,1.0,1.0,1.0,1.0,1.0,1.0,1.0,1.0,1.0,1.0,1.0,1.0,1.0,1.0,1.0,1.0,1.0,1.0,1.0,1.0,1.0,1.0,1.0,1.0,1.0,1.0,1.0,1.0,1.0,1.0,1.0,1.0,1.0,1.0,1.0,1.0,1.0,1.0,1.0,1.0
0.0,-0.6746500105288425,-0.7249320161096005,-0.7249320161096005,-0.7249320161096005,-0.7249320161096005,-0.7249320161096005,-0.7249320161096005,-0.7249320161096005,-0.7249320161096005,-0.7249320161096005,-0.7249320161096005,-0.6746500105288425,-2.1772669037870576,-2.1772669037870576,-0.8109875735775016,-0.2659690429474603,-0.2659690429474603,-0.8109875735775016,-0.8109875735775016,-2.0285821632829135,-2.446043165467626,-2.446043165467626,-2.446043165467626,-2.446043165467626,-2.446043165467626,-2.446043165467626,-2.446043165467626,-2.446043165467626,-2.446043165467626,-2.446043165467626,-2.446043165467626,-2.446043165467626,-2.446043165467626,-2.446043165467626,-2.446043165467626,-2.446043165467626,-2.446043165467626,-2.446043165467626,-2.1772669037870576,-2.1772669037870576,-2.1772669037870576,-2.1772669037870576,-2.1772669037870576,-2.1772669037870576,-2.1772669037870576,-2.1772669037870576,-2.1772669037870576,-2.1772669037870576,-2.1772669037870576,-2.1772669037870576,-2.1772669037870576,-2.1772669037870576,-2.1772669037870576,-2.1772669037870576,-2.1772669037870576,-2.1772669037870576,-0.8577034476315052,-0.8577034476315052,-1.1379986919555263,-2.446043165467626,-2.446043165467626,-1.1379986919555263,-0.8577034476315052,-0.577408203307484,-0.577408203307484,-0.2659690429474603,-0.2659690429474603,-0.8109875735775016,-0.8109875735775016,-0.8109875735775016,-0.8109875735775016,-0.8109875735775016,-0.8109875735775016,-0.8109875735775016,-0.5637933766250784,-0.8109875735775016,-0.8109875735775016,-0.8109875735775016,-0.5610326291502871,-0.5610326291502871,-0.5610326291502871,-0.5610326291502871,-0.5610326291502871,-0.5637933766250784,-0.5610326291502871,-0.5610326291502871,-0.5610326291502871,-0.5637933766250784,-0.5637933766250784,0.17004578155657307,0.17004578155657307,0.17004578155657307,0.17004578155657307,0.17004578155657307,0.17004578155657307,-0.5637933766250784,-0.5610326291502871,-0.5610326291502871,-0.5610326291502871,-0.5610326291502871,-0.5610326291502871,-0.5637933766250784,-0.5610326291502871,-0.5610326291502871,-0.5610326291502871,-0.5610326291502871,-0.5610326291502871,-0.5610326291502871,-0.5637933766250784,-0.5610326291502871,-2.446043165467626,-2.446043165467626,-2.446043165467626,-0.5637933766250784,-0.5610326291502871,-0.5610326291502871,-0.5610326291502871,-0.5610326291502871,-0.5610326291502871,-0.5610326291502871,-0.5637933766250784,-0.5637933766250784,-0.5637933766250784,-0.5610326291502871,-0.5610326291502871,-0.5610326291502871,-0.5610326291502871,-0.5637933766250784,-0.5637933766250784,-0.5610326291502871,-0.5610326291502871,-0.5610326291502871,-0.5610326291502871,-0.5610326291502871,-0.5610326291502871,-0.5610326291502871,-0.5610326291502871,-0.5610326291502871,-0.5637933766250784,-0.5610326291502871,-0.5610326291502871,-0.5610326291502871,-0.5610326291502871,-0.6147809025506865,-0.6147809025506865,-0.6147809025506865,-0.5610326291502871,-0.5610326291502871,-0.5610326291502871,-0.5610326291502871,-0.5610326291502871,-0.5610326291502871,-0.5637933766250784,-0.5913532403385298,-0.5913532403385298,-0.5913532403385298,-0.5913532403385298,-0.5913532403385298,-0.5913532403385298,-0.5913532403385298,-0.5913532403385298,-0.08537118664401445,0.03822734624140017,0.03822734624140017,0.03822734624140017,0.03822734624140017,0.03822734624140017,0.03822734624140017,0.03822734624140017,0.03822734624140017,0.03822734624140017,0.03822734624140017,-0.38070978623799534,-0.38070978623799534,-0.5472689297242557,-0.5472689297242557,-0.38070978623799534,-0.5472689297242557,-0.5472689297242557,-0.5472689297242557,-0.5472689297242557,-0.5472689297242557,-0.38070978623799534,-0.5546199720616284,-1.0445669438475194,-0.4022236756049705,-0.4022236756049705,-1.0445669438475194,-0.8109875735775016,-0.8109875735775016,-1.0445669438475194,-1.676605239872273,-1.676605239872273,-1.0445669438475194,-1.2197514715500326,-1.2197514715500326,-1.0445669438475194,-0.8109875735775016,-0.8109875735775016,-1.0445669438475194,-1.1379986919555263,-1.1379986919555263,-0.6718561636469921,-1.602143505137239,-1.602143505137239,-1.602143505137239,-1.602143505137239,-1.602143505137239,-1.602143505137239,-1.602143505137239,-1.602143505137239,-1.602143505137239,-1.602143505137239,-1.602143505137239,-1.602143505137239,-1.602143505137239,-2.0826974783809313,-2.0826974783809313,-1.7920209287115763,-1.7920209287115763,-1.7920209287115763,-1.7920209287115763,-1.7920209287115763,-0.6718561636469921,-1.1379986919555263,-1.1379986919555263
0.0,1.0,-1.0,-1.0,-1.0,-1.0,-1.0,-1.0,-1.0,-1.0,-1.0,-1.0,1.0,-1.0,-1.0,-1.0,-1.0,-1.0,-1.0,-1.0,-1.0,-1.0,-1.0,-1.0,-1.0,-1.0,-1.0,-1.0,-1.0,-1.0,-1.0,-1.0,-1.0,-1.0,-1.0,-1.0,-1.0,-1.0,-1.0,-1.0,-1.0,-1.0,-1.0,-1.0,-1.0,-1.0,-1.0,-1.0,-1.0,-1.0,-1.0,-1.0,-1.0,-1.0,-1.0,-1.0,-1.0,1.0,1.0,1.0,1.0,1.0,1.0,1.0,-1.0,-1.0,-1.0,-1.0,-1.0,-1.0,-1.0,-1.0,-1.0,-1.0,-1.0,1.0,-1.0,-1.0,-1.0,1.0,1.0,1.0,1.0,1.0,1.0,1.0,1.0,1.0,1.0,1.0,-1.0,-1.0,-1.0,-1.0,-1.0,-1.0,1.0,1.0,1.0,1.0,1.0,1.0,1.0,1.0,1.0,1.0,1.0,1.0,1.0,1.0,1.0,-1.0,-1.0,-1.0,1.0,1.0,1.0,1.0,1.0,1.0,1.0,1.0,1.0,1.0,1.0,1.0,1.0,1.0,1.0,1.0,1.0,1.0,1.0,1.0,1.0,1.0,1.0,1.0,1.0,1.0,1.0,1.0,1.0,1.0,-1.0,-1.0,-1.0,1.0,1.0,1.0,1.0,1.0,1.0,1.0,-1.0,-1.0,-1.0,-1.0,-1.0,-1.0,-1.0,-1.0,-1.0,-1.0,-1.0,-1.0,-1.0,-1.0,-1.0,-1.0,-1.0,-1.0,-1.0,-1.0,-1.0,-1.0,-1.0,-1.0,-1.0,-1.0,-1.0,-1.0,-1.0,-1.0,1.0,1.0,1.0,1.0,1.0,1.0,1.0,1.0,1.0,1.0,1.0,1.0,1.0,1.0,1.0,1.0,1.0,1.0,1.0,1.0,-1.0,-1.0,-1.0,-1.0,-1.0,-1.0,-1.0,-1.0,-1.0,-1.0,-1.0,-1.0,-1.0,1.0,1.0,1.0,1.0,1.0,1.0,1.0,1.0,-1.0,-1.0
0.0,1.0,-1.0,-1.0,-1.0,-1.0,-1.0,-1.0,-1.0,-1.0,-1.0,-1.0,1.0,-1.0,-1.0,-1.0,-1.0,-1.0,-1.0,-1.0,-1.0,-1.0,-1.0,-1.0,-1.0,-1.0,-1.0,-1.0,-1.0,-1.0,-1.0,-1.0,-1.0,-1.0,-1.0,-1.0,-1.0,-1.0,-1.0,-1.0,-1.0,-1.0,-1.0,-1.0,-1.0,-1.0,-1.0,-1.0,-1.0,-1.0,-1.0,-1.0,-1.0,-1.0,-1.0,-1.0,-1.0,-1.0,-1.0,-1.0,-1.0,-1.0,-1.0,-1.0,-1.0,-1.0,-1.0,-1.0,-1.0,-1.0,-1.0,-1.0,-1.0,-1.0,-1.0,1.0,-1.0,-1.0,-1.0,1.0,1.0,1.0,1.0,1.0,1.0,1.0,1.0,1.0,1.0,1.0,-1.0,-1.0,-1.0,-1.0,-1.0,-1.0,1.0,1.0,1.0,1.0,1.0,1.0,1.0,1.0,1.0,1.0,1.0,1.0,1.0,1.0,1.0,-1.0,-1.0,-1.0,1.0,1.0,1.0,1.0,1.0,1.0,1.0,1.0,1.0,1.0,1.0,1.0,1.0,1.0,1.0,1.0,1.0,1.0,1.0,1.0,1.0,1.0,1.0,1.0,1.0,1.0,1.0,1.0,1.0,1.0,-1.0,-1.0,-1.0,1.0,1.0,1.0,1.0,1.0,1.0,1.0,-1.0,-1.0,-1.0,-1.0,-1.0,-1.0,-1.0,-1.0,-1.0,-1.0,-1.0,-1.0,-1.0,-1.0,-1.0,-1.0,-1.0,-1.0,-1.0,-1.0,-1.0,-1.0,-1.0,-1.0,-1.0,-1.0,-1.0,-1.0,-1.0,-1.0,1.0,-1.0,-1.0,-1.0,-1.0,-1.0,-1.0,-1.0,-1.0,-1.0,-1.0,-1.0,-1.0,-1.0,-1.0,-1.0,-1.0,-1.0,-1.0,1.0,1.0,1.0,1.0,1.0,1.0,1.0,1.0,1.0,1.0,1.0,1.0,1.0,1.0,-1.0,-1.0,1.0,1.0,1.0,1.0,1.0,1.0,-1.0,-1.0
0.0,1.4955098323002405,0.05826326677299304,0.05826326677299304,0.05826326677299304,0.05826326677299304,0.05826326677299304,0.05826326677299304,0.05826326677299304,0.05826326677299304,0.05826326677299304,0.05826326677299304,1.4955098323002405,0.08023392402379202,0.08023392402379202,-1.0046039244345522,-1.214393746886843,-1.214393746886843,-1.0046039244345522,-1.0046039244345522,-0.16075149027109703,-0.30732044300709765,-0.30732044300709765,-0.30732044300709765,-0.30732044300709765,-0.30732044300709765,-0.30732044300709765,-0.30732044300709765,-0.30732044300709765,-0.30732044300709765,-0.30732044300709765,-0.30732044300709765,-0.30732044300709765,-0.30732044300709765,-0.30732044300709765,-0.30732044300709765,-0.30732044300709765,-0.30732044300709765,-0.30732044300709765,0.08023392402379202,0.08023392402379202,0.08023392402379202,0.08023392402379202,0.08023392402379202,0.08023392402379202,0.08023392402379202,0.08023392402379202,0.08023392402379202,0.08023392402379202,0.08023392402379202,0.08023392402379202,0.08023392402379202,0.08023392402379202,0.08023392402379202,0.08023392402379202,0.08023392402379202,0.08023392402379202,-0.012238499126513466,-0.012238499126513466,-0.3469647794262703,-1.035425404711093,-1.035425404711093,-0.3469647794262703,-0.012238499126513466,-0.325558454178002,-0.325558454178002,-0.838928682527586,-0.838928682527586,-0.574446437165577,-0.574446437165577,-0.574446437165577,-0.574446437165577,-0.574446437165577,-0.574446437165577,-0.574446437165577,1.3153853269724387,-1.18423555943938,-1.18423555943938,-1.18423555943938,1.2866221593462164,1.2866221593462164,1.2866221593462164,1.2866221593462164,1.2866221593462164,1.3153853269724387,1.2866221593462164,1.2866221593462164,1.2866221593462164,1.3153853269724387,1.3153853269724387,-0.8459557280250349,-0.8459557280250349,-0.8459557280250349,-0.8459557280250349,-0.8459557280250349,-0.8459557280250349,1.3153853269724387,1.2866221593462164,1.2866221593462164,1.2866221593462164,1.2866221593462164,1.2866221593462164,1.3153853269724387,1.2866221593462164,1.2866221593462164,1.2866221593462164,1.2866221593462164,1.2866221593462164,1.2866221593462164,1.3153853269724387,1.2866221593462164,-1.2302355934642644,-1.2302355934642644,-1.2302355934642644,1.3153853269724387,1.2866221593462164,1.2866221593462164,1.2866221593462164,1.2866221593462164,1.2866221593462164,1.2866221593462164,1.3153853269724387,1.3153853269724387,1.3153853269724387,1.2866221593462164,1.2866221593462164,1.2866221593462164,1.2866221593462164,1.3153853269724387,1.3153853269724387,1.2866221593462164,1.2866221593462164,1.2866221593462164,1.2866221593462164,1.2866221593462164,1.2866221593462164,1.2866221593462164,1.2866221593462164,1.2866221593462164,1.3153853269724387,1.2866221593462164,1.2866221593462164,1.2866221593462164,1.2866221593462164,0.09464276504108543,0.09464276504108543,0.09464276504108543,1.2866221593462164,1.2866221593462164,1.2866221593462164,1.2866221593462164,1.2866221593462164,1.2866221593462164,1.3153853269724387,-0.04041915624379915,-0.04041915624379915,-0.04041915624379915,-0.04041915624379915,-0.04041915624379915,-0.04041915624379915,-0.04041915624379915,-0.04041915624379915,0.38267479685772005,0.2460256353134533,0.2460256353134533,0.2460256353134533,0.2460256353134533,0.2460256353134533,0.2460256353134533,0.2460256353134533,0.2460256353134533,0.2460256353134533,0.2460256353134533,-0.277022536700879,-0.277022536700879,-0.3693989939993358,-0.3693989939993358,-0.277022536700879,-0.3693989939993358,-0.3693989939993358,-0.3693989939993358,-0.3693989939993358,-0.3693989939993358,-0.277022536700879,1.4306580926055066,0.16640544892331377,-0.6072521655175623,-0.6072521655175623,0.16640544892331377,-0.690753001378953,-0.690753001378953,0.16640544892331377,-0.7168653651146805,-0.7168653651146805,0.16640544892331377,-0.642536068558752,-0.642536068558752,0.16640544892331377,-0.6757584618689061,-0.6757584618689061,0.16640544892331377,-0.7560623202458499,-0.7560623202458499,1.4724368719118537,-0.3469647794262703,-0.3469647794262703,-0.3469647794262703,-0.3469647794262703,-0.3469647794262703,-0.3469647794262703,-0.3469647794262703,-0.3469647794262703,-0.3469647794262703,-0.3469647794262703,-0.3469647794262703,-0.3469647794262703,-0.3469647794262703,-0.6612301501539382,-0.6612301501539382,-0.14469184377380367,-0.14469184377380367,-0.14469184377380367,-0.14469184377380367,-0.14469184377380367,1.4724368719118537,-1.199071399773296,-1.199071399773296
0.0,-1.0917363902447395,-0.6408117842928496,-0.6408117842928496,-0.6408117842928496,-0.6408117842928496,-0.6408117842928496,-0.6408117842928496,-0.6408117842928496,-0.6408117842928496,-0.6408117842928496,-0.6408117842928496,-1.0917363902447395,-1.0917363902447395,-1.0917363902447395,0.0,0.0,0.0,0.0,0.0,-1.0917363902447395,0.0,0.0,0.0,0.0,0.0,0.0,0.0,0.0,0.0,0.0,0.0,0.0,0.0,0.0,0.0,0.0,0.0,0.0,-1.0917363902447395,-1.0917363902447395,-1.0917363902447395,-1.0917363902447395,-1.0917363902447395,-1.0917363902447395,-1.0917363902447395,-1.0917363902447395,-1.0917363902447395,-1.0917363902447395,-1.0917363902447395,-1.0917363902447395,-1.0917363902447395,-1.0917363902447395,-1.0917363902447395,-1.0917363902447395,-1.0917363902447395,-1.0917363902447395,-1.0917363902447395,-1.0917363902447395,-0.8791591297003644,1.0776623691225948,1.0776623691225948,-0.8791591297003644,-1.0917363902447395,-1.0917363902447395,-1.0917363902447395,0.0,0.0,-1.0917363902447395,-1.0917363902447395,-1.0917363902447395,-1.0917363902447395,-1.0917363902447395,-1.0917363902447395,-1.0917363902447395,-1.0049060662986098,-0.20995619157541512,-0.20995619157541512,-0.20995619157541512,-0.9548961549446625,-0.9548961549446625,-0.9548961549446625,-0.9548961549446625,-0.9548961549446625,-1.0049060662986098,-0.9548961549446625,-0.9548961549446625,-0.9548961549446625,-1.0049060662986098,-1.0049060662986098,-1.0917363902447395,-1.0917363902447395,-1.0917363902447395,-1.0917363902447395,-1.0917363902447395,-1.0917363902447395,-1.0049060662986098,-0.9548961549446625,-0.9548961549446625,-0.9548961549446625,-0.9548961549446625,-0.9548961549446625,-1.0049060662986098,-0.9548961549446625,-0.9548961549446625,-0.9548961549446625,-0.9548961549446625,-0.9548961549446625,-0.9548961549446625,-1.0049060662986098,-0.9548961549446625,-0.04748503280362552,-0.04748503280362552,-0.04748503280362552,-1.0049060662986098,-0.9548961549446625,-0.9548961549446625,-0.9548961549446625,-0.9548961549446625,-0.9548961549446625,-0.9548961549446625,-1.0049060662986098,-1.0049060662986098,-1.0049060662986098,-0.9548961549446625,-0.9548961549446625,-0.9548961549446625,-0.9548961549446625,-1.0049060662986098,-1.0049060662986098,-0.9548961549446625,-0.9548961549446625,-0.9548961549446625,-0.9548961549446625,-0.9548961549446625,-0.9548961549446625,-0.9548961549446625,-0.9548961549446625,-0.9548961549446625,-1.0049060662986098,-0.9548961549446625,-0.9548961549446625,-0.9548961549446625,-0.9548961549446625,-0.9266088151495443,-0.9266088151495443,-0.9266088151495443,-0.9548961549446625,-0.9548961549446625,-0.9548961549446625,-0.9548961549446625,-0.9548961549446625,-0.9548961549446625,-1.0049060662986098,-1.0917363902447395,-1.0917363902447395,-1.0917363902447395,-1.0917363902447395,-1.0917363902447395,-1.0917363902447395,-1.0917363902447395,-1.0917363902447395,-0.6426165493970468,-0.4911730258376236,-0.4911730258376236,-0.4911730258376236,-0.4911730258376236,-0.4911730258376236,-0.4911730258376236,-0.4911730258376236,-0.4911730258376236,-0.4911730258376236,-0.4911730258376236,-1.0917363902447395,-1.0917363902447395,-0.7999219527050337,-0.7999219527050337,-1.0917363902447395,-0.7999219527050337,-0.7999219527050337,-0.7999219527050337,-0.7999219527050337,-0.7999219527050337,-1.0917363902447395,-1.079694843534236,-1.0917363902447395,-1.0917363902447395,-1.0917363902447395,-1.0917363902447395,0.0,0.0,-1.0917363902447395,0.0,0.0,-1.0917363902447395,0.0,0.0,-1.0917363902447395,0.0,0.0,-1.0917363902447395,0.0,0.0,-1.0917363902447395,0.0,0.0,0.0,0.0,0.0,0.0,0.0,0.0,0.0,0.0,0.0,0.0,0.0,-0.2439874492648732,-0.2439874492648732,-1.0917363902447395,-1.0917363902447395,-1.0917363902447395,-1.0917363902447395,-1.0917363902447395,-1.0917363902447395,0.0,0.0
0.0,1.969566382794139,1.969566382794139,1.969566382794139,1.969566382794139,1.969566382794139,1.969566382794139,1.969566382794139,1.969566382794139,1.969566382794139,1.969566382794139,1.969566382794139,1.969566382794139,-0.5077224524862195,-0.5077224524862195,-0.5077224524862195,-0.5077224524862195,-0.5077224524862195,-0.5077224524862195,-0.5077224524862195,-0.5077224524862195,-0.5077224524862195,-0.5077224524862195,-0.5077224524862195,-0.5077224524862195,-0.5077224524862195,-0.5077224524862195,-0.5077224524862195,-0.5077224524862195,-0.5077224524862195,-0.5077224524862195,-0.5077224524862195,-0.5077224524862195,-0.5077224524862195,-0.5077224524862195,-0.5077224524862195,-0.5077224524862195,-0.5077224524862195,-0.5077224524862195,-0.5077224524862195,-0.5077224524862195,-0.5077224524862195,-0.5077224524862195,-0.5077224524862195,-0.5077224524862195,-0.5077224524862195,-0.5077224524862195,-0.5077224524862195,-0.5077224524862195,-0.5077224524862195,-0.5077224524862195,-0.5077224524862195,-0.5077224524862195,-0.5077224524862195,-0.5077224524862195,-0.5077224524862195,-0.5077224524862195,1.969566382794139,1.969566382794139,1.969566382794139,1.969566382794139,1.969566382794139,1.969566382794139,1.969566382794139,-0.5077224524862195,-0.5077224524862195,-0.5077224524862195,-0.5077224524862195,-0.5077224524862195,-0.5077224524862195,-0.5077224524862195,-0.5077224524862195,-0.5077224524862195,-0.5077224524862195,-0.5077224524862195,1.969566382794139,-0.5077224524862195,-0.5077224524862195,-0.5077224524862195,1.969566382794139,1.969566382794139,1.969566382794139,1.969566382794139,1.969566382794139,1.969566382794139,1.969566382794139,1.969566382794139,1.969566382794139,1.969566382794139,1.969566382794139,-0.5077224524862195,-0.5077224524862195,-0.5077224524862195,-0.5077224524862195,-0.5077224524862195,-0.5077224524862195,1.969566382794139,1.969566382794139,1.969566382794139,1.969566382794139,1.969566382794139,1.969566382794139,1.969566382794139,1.969566382794139,1.969566382794139,1.969566382794139,1.969566382794139,1.969566382794139,1.969566382794139,1.969566382794139,1.969566382794139,-0.5077224524862195,-0.5077224524862195,-0.5077224524862195,1.969566382794139,1.969566382794139,1.969566382794139,1.969566382794139,1.969566382794139,1.969566382794139,1.969566382794139,1.969566382794139,1.969566382794139,1.969566382794139,1.969566382794139,1.969566382794139,1.969566382794139,1.969566382794139,1.969566382794139,1.969566382794139,1.969566382794139,1.969566382794139,1.969566382794139,1.969566382794139,1.969566382794139,1.969566382794139,1.969566382794139,1.969566382794139,1.969566382794139,1.969566382794139,1.969566382794139,1.969566382794139,1.969566382794139,1.969566382794139,1.969566382794139,1.969566382794139,1.969566382794139,1.969566382794139,1.969566382794139,1.969566382794139,1.969566382794139,1.969566382794139,1.969566382794139,1.969566382794139,1.969566382794139,1.969566382794139,1.969566382794139,1.969566382794139,1.969566382794139,1.969566382794139,1.969566382794139,1.969566382794139,1.969566382794139,1.969566382794139,1.969566382794139,1.969566382794139,1.969566382794139,1.969566382794139,1.969566382794139,1.969566382794139,1.969566382794139,1.969566382794139,1.969566382794139,-0.5077224524862195,-0.5077224524862195,-0.5077224524862195,-0.5077224524862195,-0.5077224524862195,-0.5077224524862195,-0.5077224524862195,-0.5077224524862195,-0.5077224524862195,-0.5077224524862195,-0.5077224524862195,1.969566382794139,-0.5077224524862195,-0.5077224524862195,-0.5077224524862195,-0.5077224524862195,-0.5077224524862195,-0.5077224524862195,-0.5077224524862195,-0.5077224524862195,-0.5077224524862195,-0.5077224524862195,-0.5077224524862195,-0.5077224524862195,-0.5077224524862195,-0.5077224524862195,-0.5077224524862195,-0.5077224524862195,-0.5077224524862195,-0.5077224524862195,1.969566382794139,-0.5077224524862195,-0.5077224524862195,-0.5077224524862195,-0.5077224524862195,-0.5077224524862195,-0.5077224524862195,-0.5077224524862195,-0.5077224524862195,-0.5077224524862195,-0.5077224524862195,-0.5077224524862195,-0.5077224524862195,-0.5077224524862195,1.969566382794139,1.969566382794139,1.969566382794139,1.969566382794139,1.969566382794139,1.969566382794139,1.969566382794139,1.969566382794139,-0.5077224524862195,-0.5077224524862195
0.0,-0.8346053624764167,-0.826998905455453,-0.826998905455453,-0.826998905455453,-0.826998905455453,-0.826998905455453,-0.826998905455453,-0.826998905455453,-0.826998905455453,-0.826998905455453,-0.826998905455453,-0.8346053624764167,-0.8700053950135924,-0.8700053950135924,-0.8700053950135924,-0.8700053950135924,-0.8700053950135924,-0.8700053950135924,-0.8700053950135924,-0.8700053950135924,-0.8700053950135924,-0.8700053950135924,-0.8700053950135924,-0.8700053950135924,-0.8700053950135924,-0.8700053950135924,-0.8700053950135924,-0.8700053950135924,-0.8700053950135924,-0.8700053950135924,-0.8700053950135924,-0.8700053950135924,-0.8700053950135924,-0.8700053950135924,-0.8700053950135924,-0.8700053950135924,-0.8700053950135924,-0.8700053950135924,-0.8700053950135924,-0.8700053950135924,-0.8700053950135924,-0.8700053950135924,-0.8700053950135924,-0.8700053950135924,-0.8700053950135924,-0.8700053950135924,-0.8700053950135924,-0.8700053950135924,-0.8700053950135924,-0.8700053950135924,-0.8700053950135924,-0.8700053950135924,-0.8700053950135924,-0.8700053950135924,-0.8700053950135924,-0.8700053950135924,-0.8033252737987673,-0.8033252737987673,-0.7335195219019973,-0.27443067598117743,-0.27443067598117743,-0.7335195219019973,-0.8033252737987673,-0.8700053950135924,-0.8700053950135924,-0.8700053950135924,-0.8700053950135924,-0.8700053950135924,-0.8700053950135924,-0.8700053950135924,-0.8700053950135924,-0.8700053950135924,-0.8700053950135924,-0.8700053950135924,-0.8271990148514764,-0.8700053950135924,-0.8700053950135924,-0.8700053950135924,-0.8265506381922127,-0.8265506381922127,-0.8265506381922127,-0.8265506381922127,-0.8265506381922127,-0.8271990148514764,-0.8265506381922127,-0.8265506381922127,-0.8265506381922127,-0.8271990148514764,-0.8271990148514764,-0.8700053950135924,-0.8700053950135924,-0.8700053950135924,-0.8700053950135924,-0.8700053950135924,-0.8700053950135924,-0.8271990148514764,-0.8265506381922127,-0.8265506381922127,-0.8265506381922127,-0.8265506381922127,-0.8265506381922127,-0.8271990148514764,-0.8265506381922127,-0.8265506381922127,-0.8265506381922127,-0.8265506381922127,-0.8265506381922127,-0.8265506381922127,-0.8271990148514764,-0.8265506381922127,-0.8700053950135924,-0.8700053950135924,-0.8700053950135924,-0.8271990148514764,-0.8265506381922127,-0.8265506381922127,-0.8265506381922127,-0.8265506381922127,-0.8265506381922127,-0.8265506381922127,-0.8271990148514764,-0.8271990148514764,-0.8271990148514764,-0.8265506381922127,-0.8265506381922127,-0.8265506381922127,-0.8265506381922127,-0.8271990148514764,-0.8271990148514764,-0.8265506381922127,-0.8265506381922127,-0.8265506381922127,-0.8265506381922127,-0.8265506381922127,-0.8265506381922127,-0.8265506381922127,-0.8265506381922127,-0.8265506381922127,-0.8271990148514764,-0.8265506381922127,-0.8265506381922127,-0.8265506381922127,-0.8265506381922127,-0.8235891466679487,-0.8235891466679487,-0.8235891466679487,-0.8265506381922127,-0.8265506381922127,-0.8265506381922127,-0.8265506381922127,-0.8265506381922127,-0.8265506381922127,-0.8271990148514764,-0.8345928441522056,-0.8345928441522056,-0.8345928441522056,-0.8345928441522056,-0.8345928441522056,-0.8345928441522056,-0.8345928441522056,-0.8345928441522056,-0.8664254376860752,-0.865209405328851,-0.865209405328851,-0.865209405328851,-0.865209405328851,-0.865209405328851,-0.865209405328851,-0.865209405328851,-0.865209405328851,-0.865209405328851,-0.865209405328851,-0.8700053950135924,-0.8700053950135924,-0.8700053950135924,-0.8700053950135924,-0.8700053950135924,-0.8700053950135924,-0.8700053950135924,-0.8700053950135924,-0.8700053950135924,-0.8700053950135924,-0.8700053950135924,-0.8331361547485897,-0.8700053950135924,-0.8700053950135924,-0.8700053950135924,-0.8700053950135924,-0.8700053950135924,-0.8700053950135924,-0.8700053950135924,-0.8700053950135924,-0.8700053950135924,-0.8700053950135924,-0.8700053950135924,-0.8700053950135924,-0.8700053950135924,-0.8700053950135924,-0.8700053950135924,-0.8700053950135924,-0.8700053950135924,-0.8700053950135924,-0.8348990965816626,-0.8700053950135924,-0.8700053950135924,-0.8700053950135924,-0.8700053950135924,-0.8700053950135924,-0.8700053950135924,-0.8700053950135924,-0.8700053950135924,-0.8700053950135924,-0.8700053950135924,-0.8700053950135924,-0.8700053950135924,-0.8700053950135924,-0.7363049478838667,-0.7363049478838667,-0.825739706436859,-0.825739706436859,-0.825739706436859,-0.825739706436859,-0.825739706436859,-0.8348990965816626,-0.8700053950135924,-0.8700053950135924
0.0,0.5485278398908471,0.3528545032638245,0.3528545032638245,0.3528545032638245,0.3528545032638245,0.3528545032638245,0.3528545032638245,0.3528545032638245,0.3528545032638245,0.3528545032638245,0.3528545032638245,0.5485278398908471,-0.797640857572655,-0.797640857572655,-0.901855017471593,-0.797640857572655,-0.797640857572655,-0.901855017471593,-0.901855017471593,-0.7033676826920172,-0.7033676826920172,-0.7033676826920172,-0.7033676826920172,-0.7033676826920172,-0.7033676826920172,-0.7033676826920172,-0.7033676826920172,-0.7033676826920172,-0.7033676826920172,-0.7033676826920172,-0.7033676826920172,-0.7033676826920172,-0.7033676826920172,-0.7033676826920172,-0.7033676826920172,-0.7033676826920172,-0.7033676826920172,-0.7033676826920172,-0.797640857572655,-0.797640857572655,-0.797640857572655,-0.797640857572655,-0.797640857572655,-0.797640857572655,-0.797640857572655,-0.797640857572655,-0.797640857572655,-0.797640857572655,-0.797640857572655,-0.797640857572655,-0.797640857572655,-0.797640857572655,-0.797640857572655,-0.797640857572655,-0.797640857572655,-0.797640857572655,-0.0637760259906795,-0.0637760259906795,0.3528545032638245,-0.7033676826920172,-0.7033676826920172,0.3528545032638245,-0.0637760259906795,-0.3327510165778624,-0.3327510165778624,-0.3327510165778624,-0.3327510165778624,-0.3327510165778624,-0.3327510165778624,-0.3327510165778624,-0.3327510165778624,-0.3327510165778624,-0.3327510165778624,-0.3327510165778624,1.0070567606776377,-1.0183565364195493,-1.0183565364195493,-1.0183565364195493,1.0537955191846062,1.0537955191846062,1.0537955191846062,1.0537955191846062,1.0537955191846062,1.0070567606776377,1.0537955191846062,1.0537955191846062,1.0537955191846062,1.0070567606776377,1.0070567606776377,-0.7033676826920172,-0.7033676826920172,-0.7033676826920172,-0.7033676826920172,-0.7033676826920172,-0.7033676826920172,1.0070567606776377,1.0537955191846062,1.0537955191846062,1.0537955191846062,1.0537955191846062,1.0537955191846062,1.0070567606776377,1.0537955191846062,1.0537955191846062,1.0537955191846062,1.0537955191846062,1.0537955191846062,1.0537955191846062,1.0070567606776377,1.0537955191846062,-1.096933728981207,-1.096933728981207,-1.096933728981207,1.0070567606776377,1.0537955191846062,1.0537955191846062,1.0537955191846062,1.0537955191846062,1.0537955191846062,1.0537955191846062,1.0070567606776377,1.0070567606776377,1.0070567606776377,1.0537955191846062,1.0537955191846062,1.0537955191846062,1.0537955191846062,1.0070567606776377,1.0070567606776377,1.0537955191846062,1.0537955191846062,1.0537955191846062,1.0537955191846062,1.0537955191846062,1.0537955191846062,1.0537955191846062,1.0537955191846062,1.0537955191846062,1.0070567606776377,1.0537955191846062,1.0537955191846062,1.0537955191846062,1.0537955191846062,1.4599084853319213,1.4599084853319213,1.4599084853319213,1.0537955191846062,1.0537955191846062,1.0537955191846062,1.0537955191846062,1.0537955191846062,1.0537955191846062,1.0070567606776377,0.7118114703156233,0.7118114703156233,0.7118114703156233,0.7118114703156233,0.7118114703156233,0.7118114703156233,0.7118114703156233,0.7118114703156233,0.5485278398908471,1.0984250298477816,1.0984250298477816,1.0984250298477816,1.0984250298477816,1.0984250298477816,1.0984250298477816,1.0984250298477816,1.0984250298477816,1.0984250298477816,1.0984250298477816,-0.21624949762990653,-0.21624949762990653,-0.21624949762990653,-0.21624949762990653,-0.21624949762990653,-0.21624949762990653,-0.21624949762990653,-0.21624949762990653,-0.21624949762990653,-0.21624949762990653,-0.21624949762990653,0.7942858609576123,0.2207759744561858,0.1848040217649151,0.1848040217649151,0.2207759744561858,0.2890181816638531,0.2890181816638531,0.2207759744561858,0.25548548960086465,0.25548548960086465,0.2207759744561858,0.41281951000609457,0.41281951000609457,0.2207759744561858,0.32145124083595084,0.32145124083595084,0.2207759744561858,0.14747432049602588,0.14747432049602588,0.5485278398908471,-0.4648295453855011,-0.4648295453855011,-0.4648295453855011,-0.4648295453855011,-0.4648295453855011,-0.4648295453855011,-0.4648295453855011,-0.4648295453855011,-0.4648295453855011,-0.4648295453855011,-0.4648295453855011,-0.4648295453855011,-0.4648295453855011,-0.6173030170247277,-0.6173030170247277,-0.538131199345661,-0.538131199345661,-0.538131199345661,-0.538131199345661,-0.538131199345661,0.5485278398908471,-0.797640857572655,-0.797640857572655
0.0,-1.0,-1.0,-1.0,-1.0,-1.0,-1.0,-1.0,-1.0,-1.0,-1.0,-1.0,-1.0,-1.0,-1.0,-1.0,-1.0,-1.0,-1.0,-1.0,-1.0,-1.0,-1.0,-1.0,-1.0,-1.0,-1.0,-1.0,-1.0,-1.0,-1.0,-1.0,-1.0,-1.0,-1.0,-1.0,-1.0,-1.0,-1.0,-1.0,-1.0,-1.0,-1.0,-1.0,-1.0,-1.0,-1.0,-1.0,-1.0,-1.0,-1.0,-1.0,-1.0,-1.0,-1.0,-1.0,-1.0,-1.0,-1.0,-1.0,-1.0,-1.0,-1.0,-1.0,-1.0,-1.0,-1.0,-1.0,-1.0,-1.0,-1.0,-1.0,-1.0,-1.0,-1.0,-1.0,-1.0,-1.0,-1.0,1.0,1.0,1.0,1.0,1.0,-1.0,1.0,1.0,1.0,-1.0,-1.0,-1.0,-1.0,-1.0,-1.0,-1.0,-1.0,-1.0,1.0,1.0,1.0,1.0,1.0,-1.0,1.0,1.0,1.0,1.0,1.0,1.0,-1.0,1.0,-1.0,-1.0,-1.0,-1.0,1.0,1.0,1.0,1.0,1.0,1.0,-1.0,-1.0,-1.0,1.0,1.0,1.0,1.0,-1.0,-1.0,1.0,1.0,1.0,1.0,1.0,1.0,1.0,1.0,1.0,-1.0,1.0,1.0,1.0,1.0,1.0,1.0,1.0,1.0,1.0,1.0,1.0,1.0,1.0,-1.0,-1.0,-1.0,-1.0,-1.0,-1.0,-1.0,-1.0,-1.0,-1.0,1.0,1.0,1.0,1.0,1.0,1.0,1.0,1.0,1.0,1.0,-1.0,-1.0,-1.0,-1.0,-1.0,-1.0,-1.0,-1.0,-1.0,-1.0,-1.0,-1.0,-1.0,-1.0,-1.0,-1.0,-1.0,-1.0,-1.0,-1.0,-1.0,-1.0,-1.0,-1.0,-1.0,-1.0,-1.0,-1.0,-1.0,-1.0,-1.0,-1.0,-1.0,-1.0,-1.0,-1.0,-1.0,-1.0,-1.0,-1.0,-1.0,-1.0,-1.0,-1.0,-1.0,-1.0,-1.0,-1.0,-1.0,-1.0,-1.0,-1.0,-1.0,-1.0
0.0,-1.0,-1.0,-1.0,-1.0,-1.0,-1.0,-1.0,-1.0,-1.0,-1.0,-1.0,-1.0,-1.0,-1.0,-1.0,-1.0,-1.0,-1.0,-1.0,-1.0,-1.0,-1.0,-1.0,-1.0,-1.0,-1.0,-1.0,-1.0,-1.0,-1.0,-1.0,-1.0,-1.0,-1.0,-1.0,-1.0,-1.0,-1.0,-1.0,-1.0,-1.0,-1.0,-1.0,-1.0,-1.0,-1.0,-1.0,-1.0,-1.0,-1.0,-1.0,-1.0,-1.0,-1.0,-1.0,-1.0,-1.0,-1.0,-1.0,-1.0,-1.0,-1.0,-1.0,-1.0,-1.0,-1.0,-1.0,-1.0,-1.0,-1.0,-1.0,-1.0,-1.0,-1.0,-1.0,-1.0,-1.0,-1.0,-1.0,-1.0,-1.0,-1.0,-1.0,-1.0,-1.0,-1.0,-1.0,-1.0,-1.0,-1.0,-1.0,-1.0,-1.0,-1.0,-1.0,-1.0,-1.0,-1.0,-1.0,-1.0,-1.0,-1.0,-1.0,-1.0,-1.0,-1.0,-1.0,-1.0,-1.0,-1.0,-1.0,-1.0,-1.0,-1.0,-1.0,-1.0,-1.0,-1.0,-1.0,-1.0,-1.0,-1.0,-1.0,-1.0,-1.0,-1.0,-1.0,-1.0,-1.0,-1.0,-1.0,-1.0,-1.0,-1.0,-1.0,-1.0,-1.0,-1.0,-1.0,-1.0,-1.0,-1.0,-1.0,-1.0,-1.0,-1.0,-1.0,-1.0,-1.0,-1.0,-1.0,-1.0,-1.0,-1.0,-1.0,-1.0,-1.0,-1.0,-1.0,-1.0,-1.0,-1.0,-1.0,-1.0,-1.0,-1.0,-1.0,-1.0,-1.0,-1.0,-1.0,-1.0,-1.0,-1.0,-1.0,-1.0,-1.0,-1.0,-1.0,-1.0,-1.0,-1.0,-1.0,-1.0,-1.0,-1.0,-1.0,-1.0,-1.0,-1.0,-1.0,-1.0,-1.0,-1.0,-1.0,-1.0,-1.0,-1.0,-1.0,-1.0,-1.0,-1.0,-1.0,-1.0,-1.0,-1.0,-1.0,-1.0,-1.0,-1.0,-1.0,-1.0,-1.0,-1.0,-1.0,-1.0,-1.0,-1.0,-1.0,-1.0,-1.0,-1.0,-1.0,-1.0,-1.0,-1.0
0.0,1.0,-1.0,-1.0,-1.0,-1.0,-1.0,-1.0,-1.0,-1.0,-1.0,-1.0,1.0,-1.0,-1.0,-1.0,-1.0,-1.0,-1.0,-1.0,-1.0,-1.0,-1.0,-1.0,-1.0,-1.0,-1.0,-1.0,-1.0,-1.0,-1.0,-1.0,-1.0,-1.0,-1.0,-1.0,-1.0,-1.0,-1.0,-1.0,-1.0,-1.0,-1.0,-1.0,-1.0,-1.0,-1.0,-1.0,-1.0,-1.0,-1.0,-1.0,-1.0,-1.0,-1.0,-1.0,-1.0,-1.0,-1.0,-1.0,-1.0,-1.0,-1.0,-1.0,-1.0,-1.0,-1.0,-1.0,-1.0,-1.0,-1.0,-1.0,-1.0,-1.0,-1.0,-1.0,-1.0,-1.0,-1.0,-1.0,-1.0,-1.0,-1.0,-1.0,-1.0,-1.0,-1.0,-1.0,-1.0,-1.0,-1.0,-1.0,-1.0,-1.0,-1.0,-1.0,-1.0,-1.0,-1.0,-1.0,-1.0,-1.0,-1.0,-1.0,-1.0,-1.0,-1.0,-1.0,-1.0,-1.0,-1.0,-1.0,-1.0,-1.0,-1.0,-1.0,-1.0,-1.0,-1.0,-1.0,-1.0,-1.0,-1.0,-1.0,-1.0,-1.0,-1.0,-1.0,-1.0,-1.0,-1.0,-1.0,-1.0,-1.0,-1.0,-1.0,-1.0,-1.0,-1.0,-1.0,-1.0,-1.0,-1.0,-1.0,-1.0,-1.0,-1.0,-1.0,-1.0,-1.0,-1.0,-1.0,-1.0,-1.0,-1.0,-1.0,-1.0,-1.0,-1.0,-1.0,-1.0,-1.0,-1.0,-1.0,-1.0,-1.0,-1.0,-1.0,-1.0,-1.0,-1.0,-1.0,-1.0,-1.0,-1.0,-1.0,-1.0,-1.0,-1.0,-1.0,-1.0,-1.0,-1.0,-1.0,-1.0,-1.0,-1.0,-1.0,-1.0,-1.0,-1.0,-1.0,-1.0,-1.0,-1.0,-1.0,-1.0,-1.0,-1.0,-1.0,-1.0,-1.0,-1.0,1.0,-1.0,-1.0,-1.0,-1.0,-1.0,-1.0,-1.0,-1.0,-1.0,-1.0,-1.0,-1.0,-1.0,1.0,1.0,1.0,1.0,1.0,1.0,1.0,1.0,-1.0,-1.0
0.0,-1.0,-1.0,-1.0,-1.0,-1.0,-1.0,-1.0,-1.0,-1.0,-1.0,-1.0,-1.0,-1.0,-1.0,-1.0,-1.0,-1.0,-1.0,-1.0,-1.0,-1.0,-1.0,-1.0,-1.0,-1.0,-1.0,-1.0,-1.0,-1.0,-1.0,-1.0,-1.0,-1.0,-1.0,-1.0,-1.0,-1.0,-1.0,-1.0,-1.0,-1.0,-1.0,-1.0,-1.0,-1.0,-1.0,-1.0,-1.0,-1.0,-1.0,-1.0,-1.0,-1.0,-1.0,-1.0,-1.0,-1.0,-1.0,-1.0,-1.0,-1.0,-1.0,-1.0,-1.0,-1.0,-1.0,-1.0,-1.0,-1.0,-1.0,-1.0,-1.0,-1.0,-1.0,-1.0,-1.0,-1.0,-1.0,-1.0,-1.0,-1.0,-1.0,-1.0,-1.0,-1.0,-1.0,-1.0,-1.0,-1.0,-1.0,-1.0,-1.0,-1.0,-1.0,-1.0,-1.0,-1.0,-1.0,-1.0,-1.0,-1.0,-1.0,-1.0,-1.0,-1.0,-1.0,-1.0,-1.0,-1.0,-1.0,-1.0,-1.0,-1.0,-1.0,-1.0,-1.0,-1.0,-1.0,-1.0,-1.0,-1.0,-1.0,-1.0,-1.0,-1.0,-1.0,-1.0,-1.0,-1.0,-1.0,-1.0,-1.0,-1.0,-1.0,-1.0,-1.0,-1.0,-1.0,-1.0,-1.0,-1.0,-1.0,-1.0,-1.0,-1.0,-1.0,-1.0,-1.0,-1.0,-1.0,-1.0,-1.0,-1.0,-1.0,-1.0,-1.0,-1.0,-1.0,-1.0,-1.0,-1.0,-1.0,-1.0,-1.0,-1.0,-1.0,-1.0,-1.0,-1.0,-1.0,-1.0,-1.0,-1.0,-1.0,-1.0,-1.0,-1.0,-1.0,-1.0,-1.0,-1.0,-1.0,-1.0,-1.0,-1.0,-1.0,-1.0,-1.0,-1.0,-1.0,-1.0,-1.0,-1.0,-1.0,-1.0,-1.0,-1.0,-1.0,-1.0,-1.0,-1.0,-1.0,-1.0,-1.0,-1.0,-1.0,-1.0,-1.0,-1.0,-1.0,-1.0,-1.0,-1.0,-1.0,-1.0,-1.0,-1.0,-1.0,-1.0,-1.0,-1.0,-1.0,-1.0,-1.0,-1.0,-1.0
0.0,-1.0,-1.0,-1.0,-1.0,-1.0,-1.0,-1.0,-1.0,-1.0,-1.0,-1.0,-1.0,-1.0,-1.0,-1.0,-1.0,-1.0,-1.0,-1.0,-1.0,-1.0,-1.0,-1.0,-1.0,-1.0,-1.0,-1.0,-1.0,-1.0,-1.0,-1.0,-1.0,-1.0,-1.0,-1.0,-1.0,-1.0,-1.0,-1.0,-1.0,-1.0,-1.0,-1.0,-1.0,-1.0,-1.0,-1.0,-1.0,-1.0,-1.0,-1.0,-1.0,-1.0,-1.0,-1.0,-1.0,-1.0,-1.0,-1.0,-1.0,-1.0,-1.0,-1.0,-1.0,-1.0,-1.0,-1.0,-1.0,-1.0,-1.0,-1.0,-1.0,-1.0,-1.0,-1.0,-1.0,-1.0,-1.0,-1.0,-1.0,-1.0,-1.0,-1.0,-1.0,-1.0,-1.0,-1.0,-1.0,-1.0,-1.0,-1.0,-1.0,-1.0,-1.0,-1.0,-1.0,-1.0,-1.0,-1.0,-1.0,-1.0,-1.0,-1.0,-1.0,-1.0,-1.0,-1.0,-1.0,-1.0,-1.0,-1.0,-1.0,-1.0,-1.0,-1.0,-1.0,-1.0,-1.0,-1.0,-1.0,-1.0,-1.0,-1.0,-1.0,-1.0,-1.0,-1.0,-1.0,-1.0,-1.0,-1.0,-1.0,-1.0,-1.0,-1.0,-1.0,-1.0,-1.0,-1.0,-1.0,-1.0,-1.0,-1.0,-1.0,-1.0,-1.0,-1.0,-1.0,-1.0,-1.0,-1.0,-1.0,-1.0,-1.0,-1.0,-1.0,-1.0,-1.0,-1.0,-1.0,-1.0,-1.0,-1.0,-1.0,-1.0,-1.0,-1.0,-1.0,-1.0,-1.0,-1.0,-1.0,-1.0,-1.0,-1.0,-1.0,-1.0,-1.0,-1.0,-1.0,-1.0,-1.0,-1.0,-1.0,-1.0,-1.0,-1.0,-1.0,-1.0,-1.0,-1.0,-1.0,-1.0,-1.0,-1.0,-1.0,-1.0,-1.0,-1.0,-1.0,-1.0,-1.0,-1.0,-1.0,-1.0,-1.0,-1.0,-1.0,-1.0,-1.0,-1.0,-1.0,-1.0,-1.0,-1.0,-1.0,-1.0,-1.0,-1.0,-1.0,-1.0,-1.0,-1.0,-1.0,-1.0,-1.0
0.0,1.0,1.0,1.0,1.0,1.0,1.0,1.0,1.0,1.0,1.0,1.0,1.0,-1.0,-1.0,-1.0,-1.0,-1.0,-1.0,-1.0,-1.0,-1.0,-1.0,-1.0,-1.0,-1.0,-1.0,-1.0,-1.0,-1.0,-1.0,-1.0,-1.0,-1.0,-1.0,-1.0,-1.0,-1.0,-1.0,-1.0,-1.0,-1.0,-1.0,-1.0,-1.0,-1.0,-1.0,-1.0,-1.0,-1.0,-1.0,-1.0,-1.0,-1.0,-1.0,-1.0,-1.0,1.0,1.0,1.0,1.0,1.0,1.0,1.0,-1.0,-1.0,-1.0,-1.0,-1.0,-1.0,-1.0,-1.0,-1.0,-1.0,-1.0,1.0,-1.0,-1.0,-1.0,1.0,1.0,1.0,1.0,1.0,1.0,1.0,1.0,1.0,1.0,1.0,-1.0,-1.0,-1.0,-1.0,-1.0,-1.0,1.0,1.0,1.0,1.0,1.0,1.0,1.0,1.0,1.0,1.0,1.0,1.0,1.0,1.0,1.0,-1.0,-1.0,-1.0,1.0,1.0,1.0,1.0,1.0,1.0,1.0,1.0,1.0,1.0,1.0,1.0,1.0,1.0,1.0,1.0,1.0,1.0,1.0,1.0,1.0,1.0,1.0,1.0,1.0,1.0,1.0,1.0,1.0,1.0,-1.0,-1.0,-1.0,1.0,1.0,1.0,1.0,1.0,1.0,1.0,-1.0,-1.0,-1.0,-1.0,-1.0,-1.0,-1.0,-1.0,-1.0,-1.0,-1.0,-1.0,-1.0,-1.0,-1.0,-1.0,-1.0,-1.0,-1.0,-1.0,-1.0,-1.0,-1.0,-1.0,-1.0,-1.0,-1.0,-1.0,-1.0,-1.0,1.0,-1.0,-1.0,-1.0,-1.0,-1.0,-1.0,-1.0,-1.0,-1.0,-1.0,-1.0,-1.0,-1.0,-1.0,-1.0,-1.0,-1.0,-1.0,1.0,-1.0,-1.0,-1.0,-1.0,-1.0,-1.0,-1.0,-1.0,-1.0,-1.0,-1.0,-1.0,-1.0,1.0,1.0,1.0,1.0,1.0,1.0,1.0,1.0,-1.0,-1.0
0.0,-0.5724356620524145,-0.5740647705589167,-0.5740647705589167,-0.5740647705589167,-0.5740647705589167,-0.5740647705589167,-0.5740647705589167,-0.5740647705589167,-0.5740647705589167,-0.5740647705589167,-0.5740647705589167,-0.5724356620524145,1.0392436150857023,1.0392436150857023,0.32876518370919866,0.2614955008421626,0.2614955008421626,0.32876518370919866,0.32876518370919866,0.8740789958866608,1.1763631878338527,1.1763631878338527,1.1763631878338527,1.1763631878338527,1.1763631878338527,1.1763631878338527,1.1763631878338527,1.1763631878338527,1.1763631878338527,1.1763631878338527,1.1763631878338527,1.1763631878338527,1.1763631878338527,1.1763631878338527,1.1763631878338527,1.1763631878338527,1.1763631878338527,1.1763631878338527,1.0392436150857023,1.0392436150857023,1.0392436150857023,1.0392436150857023,1.0392436150857023,1.0392436150857023,1.0392436150857023,1.0392436150857023,1.0392436150857023,1.0392436150857023,1.0392436150857023,1.0392436150857023,1.0392436150857023,1.0392436150857023,1.0392436150857023,1.0392436150857023,1.0392436150857023,1.0392436150857023,-0.357385581534569,-0.357385581534569,-0.5995564398558987,0.12695613510809048,0.12695613510809048,-0.5995564398558987,-0.357385581534569,-0.1152147232132392,-0.1152147232132392,0.12695613510809048,0.12695613510809048,-0.23630015237390417,-0.23630015237390417,-0.23630015237390417,-0.23630015237390417,-0.23630015237390417,-0.23630015237390417,-0.23630015237390417,-0.8015860447942758,0.12695613510809048,0.12695613510809048,0.12695613510809048,-0.8174394711011846,-0.8174394711011846,-0.8174394711011846,-0.8174394711011846,-0.8174394711011846,-0.8015860447942758,-0.8174394711011846,-0.8174394711011846,-0.8174394711011846,-0.8015860447942758,-0.8015860447942758,-0.357385581534569,-0.357385581534569,-0.357385581534569,-0.357385581534569,-0.357385581534569,-0.357385581534569,-0.8015860447942758,-0.8174394711011846,-0.8174394711011846,-0.8174394711011846,-0.8174394711011846,-0.8174394711011846,-0.8015860447942758,-0.8174394711011846,-0.8174394711011846,-0.8174394711011846,-0.8174394711011846,-0.8174394711011846,-0.8174394711011846,-0.8015860447942758,-0.8174394711011846,0.12695613510809048,0.12695613510809048,0.12695613510809048,-0.8015860447942758,-0.8174394711011846,-0.8174394711011846,-0.8174394711011846,-0.8174394711011846,-0.8174394711011846,-0.8174394711011846,-0.8015860447942758,-0.8015860447942758,-0.8015860447942758,-0.8174394711011846,-0.8174394711011846,-0.8174394711011846,-0.8174394711011846,-0.8015860447942758,-0.8015860447942758,-0.8174394711011846,-0.8174394711011846,-0.8174394711011846,-0.8174394711011846,-0.8174394711011846,-0.8174394711011846,-0.8174394711011846,-0.8174394711011846,-0.8174394711011846,-0.8015860447942758,-0.8174394711011846,-0.8174394711011846,-0.8174394711011846,-0.8174394711011846,-0.954740365393849,-0.954740365393849,-0.954740365393849,-0.8174394711011846,-0.8174394711011846,-0.8174394711011846,-0.8174394711011846,-0.8174394711011846,-0.8174394711011846,-0.8015860447942758,-0.6140144015467244,-0.6140144015467244,-0.6140144015467244,-0.6140144015467244,-0.6140144015467244,-0.6140144015467244,-0.6140144015467244,-0.6140144015467244,-0.5250423296031819,-0.6145747876587718,-0.6145747876587718,-0.6145747876587718,-0.6145747876587718,-0.6145747876587718,-0.6145747876587718,-0.6145747876587718,-0.6145747876587718,-0.6145747876587718,-0.6145747876587718,-0.3191480775890959,-0.3191480775890959,-0.38082147104953634,-0.38082147104953634,-0.3191480775890959,-0.38082147104953634,-0.38082147104953634,-0.38082147104953634,-0.38082147104953634,-0.38082147104953634,-0.3191480775890959,-0.7058753532652631,-0.19429092184877544,-0.32711422424440273,-0.32711422424440273,-0.19429092184877544,-0.32711422424440273,-0.32711422424440273,-0.19429092184877544,-0.5140843722130765,-0.5140843722130765,-0.19429092184877544,0.12695613510809048,0.12695613510809048,-0.19429092184877544,0.12695613510809048,0.12695613510809048,-0.19429092184877544,-0.4381092009750122,-0.4381092009750122,-0.572596920119551,0.7909730046988332,0.7909730046988332,0.7909730046988332,0.7909730046988332,0.7909730046988332,0.7909730046988332,0.7909730046988332,0.7909730046988332,0.7909730046988332,0.7909730046988332,0.7909730046988332,0.7909730046988332,0.7909730046988332,0.7996529637784509,0.7996529637784509,0.8050345384078138,0.8050345384078138,0.8050345384078138,0.8050345384078138,0.8050345384078138,-0.572596920119551,0.3691269934294201,0.3691269934294201
0.0,-0.7527170888115446,-0.7533716725540432,-0.7533716725540432,-0.7533716725540432,-0.7533716725540432,-0.7533716725540432,-0.7533716725540432,-0.7533716725540432,-0.7533716725540432,-0.7533716725540432,-0.7533716725540432,-0.7527170888115446,0.9178258224659189,0.9178258224659189,-0.07050614063106092,-0.14349998555932486,-0.14349998555932486,-0.07050614063106092,-0.07050614063106092,0.6526341428115009,1.1542949705115835,1.1542949705115835,1.1542949705115835,1.1542949705115835,1.1542949705115835,1.1542949705115835,1.1542949705115835,1.1542949705115835,1.1542949705115835,1.1542949705115835,1.1542949705115835,1.1542949705115835,1.1542949705115835,1.1542949705115835,1.1542949705115835,1.1542949705115835,1.1542949705115835,1.1542949705115835,0.9178258224659189,0.9178258224659189,0.9178258224659189,0.9178258224659189,0.9178258224659189,0.9178258224659189,0.9178258224659189,0.9178258224659189,0.9178258224659189,0.9178258224659189,0.9178258224659189,0.9178258224659189,0.9178258224659189,0.9178258224659189,0.9178258224659189,0.9178258224659189,0.9178258224659189,0.9178258224659189,-0.6479764708976872,-0.6479764708976872,-0.7633423526379678,-0.2788056493287897,-0.2788056493287897,-0.7633423526379678,-0.6479764708976872,-0.4864642364612945,-0.4864642364612945,-0.2788056493287897,-0.2788056493287897,-0.5729886477665049,-0.5729886477665049,-0.5729886477665049,-0.5729886477665049,-0.5729886477665049,-0.5729886477665049,-0.5729886477665049,-0.8242789144468471,-0.2788056493287897,-0.2788056493287897,-0.2788056493287897,-0.8277016847382538,-0.8277016847382538,-0.8277016847382538,-0.8277016847382538,-0.8277016847382538,-0.8242789144468471,-0.8277016847382538,-0.8277016847382538,-0.8277016847382538,-0.8242789144468471,-0.8242789144468471,-0.6479764708976872,-0.6479764708976872,-0.6479764708976872,-0.6479764708976872,-0.6479764708976872,-0.6479764708976872,-0.8242789144468471,-0.8277016847382538,-0.8277016847382538,-0.8277016847382538,-0.8277016847382538,-0.8277016847382538,-0.8242789144468471,-0.8277016847382538,-0.8277016847382538,-0.8277016847382538,-0.8277016847382538,-0.8277016847382538,-0.8277016847382538,-0.8242789144468471,-0.8277016847382538,-0.2788056493287897,-0.2788056493287897,-0.2788056493287897,-0.8242789144468471,-0.8277016847382538,-0.8277016847382538,-0.8277016847382538,-0.8277016847382538,-0.8277016847382538,-0.8277016847382538,-0.8242789144468471,-0.8242789144468471,-0.8242789144468471,-0.8277016847382538,-0.8277016847382538,-0.8277016847382538,-0.8277016847382538,-0.8242789144468471,-0.8242789144468471,-0.8277016847382538,-0.8277016847382538,-0.8277016847382538,-0.8277016847382538,-0.8277016847382538,-0.8277016847382538,-0.8277016847382538,-0.8277016847382538,-0.8277016847382538,-0.8242789144468471,-0.8277016847382538,-0.8277016847382538,-0.8277016847382538,-0.8277016847382538,-0.8490720212023006,-0.8490720212023006,-0.8490720212023006,-0.8277016847382538,-0.8277016847382538,-0.8277016847382538,-0.8277016847382538,-0.8277016847382538,-0.8277016847382538,-0.8242789144468471,-0.7687701259112018,-0.7687701259112018,-0.7687701259112018,-0.7687701259112018,-0.7687701259112018,-0.7687701259112018,-0.7687701259112018,-0.7687701259112018,-0.732760154401491,-0.7689771936137805,-0.7689771936137805,-0.7689771936137805,-0.7689771936137805,-0.7689771936137805,-0.7689771936137805,-0.7689771936137805,-0.7689771936137805,-0.7689771936137805,-0.7689771936137805,-0.6255424407088571,-0.6255424407088571,-0.6611577131610409,-0.6611577131610409,-0.6255424407088571,-0.6611577131610409,-0.6611577131610409,-0.6611577131610409,-0.6611577131610409,-0.6611577131610409,-0.6255424407088571,-0.7994139216104195,-0.5442769098931586,-0.6303110702562068,-0.6303110702562068,-0.5442769098931586,-0.6303110702562068,-0.6303110702562068,-0.5442769098931586,-0.727894289321231,-0.727894289321231,-0.5442769098931586,-0.2788056493287897,-0.2788056493287897,-0.5442769098931586,-0.2788056493287897,-0.2788056493287897,-0.5442769098931586,-0.6915591373329043,-0.6915591373329043,-0.7527819762144462,0.5273149499282169,0.5273149499282169,0.5273149499282169,0.5273149499282169,0.5273149499282169,0.5273149499282169,0.5273149499282169,0.5273149499282169,0.5273149499282169,0.5273149499282169,0.5273149499282169,0.5273149499282169,0.5273149499282169,0.5401496840127076,0.5401496840127076,0.5481369909855409,0.5481369909855409,0.5481369909855409,0.5481369909855409,0.5481369909855409,-0.7527819762144462,-0.02500070950017269,-0.02500070950017269
0.0,-0.7524822657252276,-0.7526859997153369,-0.7526859997153369,-0.7526859997153369,-0.7526859997153369,-0.7526859997153369,-0.7526859997153369,-0.7526859997153369,-0.7526859997153369,-0.7526859997153369,-0.7526859997153369,-0.7524822657252276,0.7561084678054011,0.7561084678054011,-0.32319495310162105,-0.38456011932561657,-0.38456011932561657,-0.32319495310162105,-0.32319495310162105,0.42610195484509267,1.0720988473929915,1.0720988473929915,1.0720988473929915,1.0720988473929915,1.0720988473929915,1.0720988473929915,1.0720988473929915,1.0720988473929915,1.0720988473929915,1.0720988473929915,1.0720988473929915,1.0720988473929915,1.0720988473929915,1.0720988473929915,1.0720988473929915,1.0720988473929915,1.0720988473929915,1.0720988473929915,0.7561084678054011,0.7561084678054011,0.7561084678054011,0.7561084678054011,0.7561084678054011,0.7561084678054011,0.7561084678054011,0.7561084678054011,0.7561084678054011,0.7561084678054011,0.7561084678054011,0.7561084678054011,0.7561084678054011,0.7561084678054011,0.7561084678054011,0.7561084678054011,0.7561084678054011,0.7561084678054011,-0.7125687581183223,-0.7125687581183223,-0.7557075453598672,-0.49006343445140743,-0.49006343445140743,-0.7557075453598672,-0.7125687581183223,-0.62856164612163,-0.62856164612163,-0.49006343445140743,-0.49006343445140743,-0.6765251661467686,-0.6765251661467686,-0.6765251661467686,-0.6765251661467686,-0.6765251661467686,-0.6765251661467686,-0.6765251661467686,-0.7702742719080912,-0.49006343445140743,-0.49006343445140743,-0.49006343445140743,-0.7708468515119269,-0.7708468515119269,-0.7708468515119269,-0.7708468515119269,-0.7708468515119269,-0.7702742719080912,-0.7708468515119269,-0.7708468515119269,-0.7708468515119269,-0.7702742719080912,-0.7702742719080912,-0.7125687581183223,-0.7125687581183223,-0.7125687581183223,-0.7125687581183223,-0.7125687581183223,-0.7125687581183223,-0.7702742719080912,-0.7708468515119269,-0.7708468515119269,-0.7708468515119269,-0.7708468515119269,-0.7708468515119269,-0.7702742719080912,-0.7708468515119269,-0.7708468515119269,-0.7708468515119269,-0.7708468515119269,-0.7708468515119269,-0.7708468515119269,-0.7702742719080912,-0.7708468515119269,-0.49006343445140743,-0.49006343445140743,-0.49006343445140743,-0.7702742719080912,-0.7708468515119269,-0.7708468515119269,-0.7708468515119269,-0.7708468515119269,-0.7708468515119269,-0.7708468515119269,-0.7702742719080912,-0.7702742719080912,-0.7702742719080912,-0.7708468515119269,-0.7708468515119269,-0.7708468515119269,-0.7708468515119269,-0.7702742719080912,-0.7702742719080912,-0.7708468515119269,-0.7708468515119269,-0.7708468515119269,-0.7708468515119269,-0.7708468515119269,-0.7708468515119269,-0.7708468515119269,-0.7708468515119269,-0.7708468515119269,-0.7702742719080912,-0.7708468515119269,-0.7708468515119269,-0.7708468515119269,-0.7708468515119269,-0.7735268076827371,-0.7735268076827371,-0.7735268076827371,-0.7708468515119269,-0.7708468515119269,-0.7708468515119269,-0.7708468515119269,-0.7708468515119269,-0.7708468515119269,-0.7702742719080912,-0.7572860732630853,-0.7572860732630853,-0.7572860732630853,-0.7572860732630853,-0.7572860732630853,-0.7572860732630853,-0.7572860732630853,-0.7572860732630853,-0.7459684290777524,-0.7573453412426129,-0.7573453412426129,-0.7573453412426129,-0.7573453412426129,-0.7573453412426129,-0.7573453412426129,-0.7573453412426129,-0.7573453412426129,-0.7573453412426129,-0.7573453412426129,-0.702371041568033,-0.702371041568033,-0.7183119436974378,-0.7183119436974378,-0.702371041568033,-0.7183119436974378,-0.7183119436974378,-0.7183119436974378,-0.7183119436974378,-0.7183119436974378,-0.702371041568033,-0.7652354431292802,-0.6613217359422708,-0.7045822289425389,-0.7045822289425389,-0.6613217359422708,-0.7045822289425389,-0.7045822289425389,-0.6613217359422708,-0.7442946934233594,-0.7442946934233594,-0.6613217359422708,-0.49006343445140743,-0.49006343445140743,-0.6613217359422708,-0.49006343445140743,-0.49006343445140743,-0.6613217359422708,-0.730816549212699,-0.730816549212699,-0.7525024904230698,0.2796977323580794,0.2796977323580794,0.2796977323580794,0.2796977323580794,0.2796977323580794,0.2796977323580794,0.2796977323580794,0.2796977323580794,0.2796977323580794,0.2796977323580794,0.2796977323580794,0.2796977323580794,0.2796977323580794,0.2943984842883285,0.2943984842883285,0.30358126859366874,0.30358126859366874,0.30358126859366874,0.30358126859366874,0.30358126859366874,-0.7525024904230698,-0.2834513481892721,-0.2834513481892721
0.0,1.0,-1.0,-1.0,-1.0,-1.0,-1.0,-1.0,-1.0,-1.0,-1.0,-1.0,1.0,1.0,1.0,-1.0,-1.0,-1.0,-1.0,-1.0,1.0,-1.0,-1.0,-1.0,-1.0,-1.0,-1.0,-1.0,-1.0,-1.0,-1.0,-1.0,-1.0,-1.0,-1.0,-1.0,-1.0,-1.0,-1.0,1.0,1.0,1.0,1.0,1.0,1.0,1.0,1.0,1.0,1.0,1.0,1.0,1.0,1.0,1.0,1.0,1.0,1.0,-1.0,-1.0,-1.0,-1.0,-1.0,-1.0,-1.0,-1.0,-1.0,-1.0,-1.0,-1.0,-1.0,-1.0,-1.0,-1.0,-1.0,-1.0,-1.0,-1.0,-1.0,-1.0,-1.0,-1.0,-1.0,-1.0,-1.0,-1.0,-1.0,-1.0,-1.0,-1.0,-1.0,-1.0,-1.0,-1.0,-1.0,-1.0,-1.0,-1.0,-1.0,-1.0,-1.0,-1.0,-1.0,-1.0,-1.0,-1.0,-1.0,-1.0,-1.0,-1.0,-1.0,-1.0,-1.0,-1.0,-1.0,-1.0,-1.0,-1.0,-1.0,-1.0,-1.0,-1.0,-1.0,-1.0,-1.0,-1.0,-1.0,-1.0,-1.0,-1.0,-1.0,-1.0,-1.0,-1.0,-1.0,-1.0,-1.0,-1.0,-1.0,-1.0,-1.0,-1.0,-1.0,-1.0,-1.0,-1.0,-1.0,-1.0,-1.0,-1.0,-1.0,-1.0,-1.0,-1.0,-1.0,-1.0,-1.0,-1.0,-1.0,-1.0,-1.0,-1.0,-1.0,1.0,-1.0,-1.0,-1.0,-1.0,-1.0,-1.0,-1.0,-1.0,-1.0,-1.0,1.0,1.0,1.0,1.0,1.0,1.0,1.0,1.0,1.0,1.0,1.0,1.0,-1.0,-1.0,-1.0,-1.0,-1.0,-1.0,-1.0,-1.0,-1.0,-1.0,-1.0,-1.0,-1.0,-1.0,-1.0,-1.0,-1.0,-1.0,1.0,-1.0,-1.0,-1.0,-1.0,-1.0,-1.0,-1.0,-1.0,-1.0,-1.0,-1.0,-1.0,-1.0,-1.0,-1.0,-1.0,-1.0,-1.0,-1.0,-1.0,1.0,-1.0,-1.0
1.0,1.0,1.0,1.0,1.0,1.0,1.0,1.0,1.0,1.0,1.0,1.0,1.0,1.0,1.0,1.0,1.0,1.0,1.0,1.0,1.0,1.0,1.0,1.0,1.0,1.0,1.0,1.0,1.0,1.0,1.0,1.0,1.0,1.0,1.0,1.0,1.0,1.0,1.0,1.0,1.0,1.0,1.0,1.0,1.0,1.0,1.0,1.0,1.0,1.0,1.0,1.0,1.0,1.0,1.0,1.0,1.0,1.0,1.0,1.0,1.0,1.0,1.0,1.0,1.0,1.0,1.0,1.0,1.0,1.0,1.0,1.0,1.0,1.0,1.0,1.0,1.0,1.0,1.0,1.0,1.0,1.0,1.0,1.0,1.0,1.0,1.0,1.0,1.0,1.0,1.0,1.0,1.0,1.0,1.0,1.0,1.0,1.0,1.0,1.0,1.0,1.0,1.0,1.0,1.0,1.0,1.0,1.0,1.0,1.0,1.0,1.0,1.0,1.0,1.0,1.0,1.0,1.0,1.0,1.0,1.0,1.0,1.0,1.0,1.0,1.0,1.0,1.0,1.0,1.0,1.0,1.0,1.0,1.0,1.0,1.0,1.0,1.0,1.0,1.0,1.0,1.0,1.0,1.0,1.0,1.0,1.0,1.0,1.0,1.0,1.0,1.0,1.0,1.0,1.0,1.0,1.0,1.0,1.0,1.0,1.0,1.0,1.0,1.0,1.0,1.0,1.0,1.0,1.0,1.0,1.0,1.0,1.0,1.0,1.0,1.0,1.0,1.0,1.0,1.0,1.0,1.0,1.0,1.0,1.0,1.0,1.0,1.0,1.0,1.0,1.0,1.0,1.0,1.0,1.0,1.0,1.0,1.0,1.0,1.0,1.0,1.0,1.0,1.0,1.0,1.0,1.0,1.0,1.0,1.0,1.0,1.0,1.0,1.0,1.0,1.0,1.0,1.0,1.0,1.0,1.0,1.0,1.0,1.0,1.0,1.0,1.0
-0.4299565700434299,-0.4299565700434299,-0.4299565700434299,-0.4299565700434299,-0.4299565700434299,-0.4299565700434299,-0.4299565700434299,-0.4299565700434299,-0.4299565700434299,-0.4299565700434299,-0.4299565700434299,-0.4299565700434299,-0.4299565700434299,-0.4299565700434299,-0.4299565700434299,-0.4299565700434299,-0.4299565700434299,-0.4299565700434299,-0.4299565700434299,-0.4299565700434299,-0.4299565700434299,-0.4299565700434299,-0.4299565700434299,-0.4299565700434299,-0.4299565700434299,-0.4299565700434299,-0.4299565700434299,-0.4299565700434299,-0.4299565700434299,-0.4299565700434299,-0.4299565700434299,-0.4299565700434299,-0.4299565700434299,-0.4299565700434299,-0.4299565700434299,-0.4299565700434299,-0.4299565700434299,-0.4299565700434299,-0.4299565700434299,-0.4299565700434299,-0.4299565700434299,-0.4299565700434299,-0.4299565700434299,-0.4299565700434299,-0.4299565700434299,-0.4299565700434299,-0.4299565700434299,-0.4299565700434299,-0.4299565700434299,-0.4299565700434299,-0.4299565700434299,-0.4299565700434299,-0.4299565700434299,-0.4299565700434299,-0.4299565700434299,-0.4299565700434299,-0.4299565700434299,-0.4299565700434299,-0.4299565700434299,-0.4299565700434299,-0.4299565700434299,-0.4299565700434299,-0.4299565700434299,-0.4299565700434299,-0.4299565700434299,-0.4299565700434299,-0.4299565700434299,-0.4299565700434299,-0.4299565700434299,-0.4299565700434299,-0.4299565700434299,-0.4299565700434299,-0.4299565700434299,-0.4299565700434299,-0.4299565700434299,-0.4299565700434299,-0.4299565700434299,-0.4299565700434299,-0.4299565700434299,-0.4299565700434299,-0.4299565700434299,-0.4299565700434299,-0.4299565700434299,-0.4299565700434299,-0.4299565700434299,-0.4299565700434299,-0.4299565700434299,-0.4299565700434299,-0.4299565700434299,-0.4299565700434299,-0.4299565700434299,-0.4299565700434299,-0.4299565700434299,-0.4299565700434299,-0.4299565700434299,-0.4299565700434299,-0.4299565700434299,-0.4299565700434299,-0.4299565700434299,-0.4299565700434299,-0.4299565700434299,-0.4299565700434299,-0.4299565700434299,-0.4299565700434299,-0.4299565700434299,-0.4299565700434299,-0.4299565700434299,-0.4299565700434299,-0.4299565700434299,-0.4299565700434299,-0.4299565700434299,-0.4299565700434299,-0.4299565700434299,-0.4299565700434299,-0.4299565700434299,-0.4299565700434299,-0.4299565700434299,-0.4299565700434299,-0.4299565700434299,-0.4299565700434299,-0.4299565700434299,-0.4299565700434299,-0.4299565700434299,-0.4299565700434299,-0.4299565700434299,-0.4299565700434299,-0.4299565700434299,-0.4299565700434299,-0.4299565700434299,-0.4299565700434299,-0.4299565700434299,-0.4299565700434299,-0.4299565700434299,-0.4299565700434299,-0.4299565700434299,-0.4299565700434299,-0.4299565700434299,-0.4299565700434299,-0.4299565700434299,-0.4299565700434299,-0.4299565700434299,-0.4299565700434299,-0.4299565700434299,-0.4299565700434299,-0.4299565700434299,-0.4299565700434299,-0.4299565700434299,-0.4299565700434299,-0.4299565700434299,-0.4299565700434299,-0.4299565700434299,-0.4299565700434299,-0.4299565700434299,-0.4299565700434299,-0.4299565700434299,-0.4299565700434299,-0.4299565700434299,-0.4299565700434299,-0.4299565700434299,-0.4299565700434299,-0.4299565700434299,-0.4299565700434299,-0.4299565700434299,-0.4299565700434299,-0.4299565700434299,-0.4299565700434299,-0.4299565700434299,-0.4299565700434299,-0.4299565700434299,-0.4299565700434299,-0.4299565700434299,-0.4299565700434299,-0.4299565700434299,-0.4299565700434299,-0.4299565700434299,-0.4299565700434299,-0.4299565700434299,-0.4299565700434299,-0.4299565700434299,-0.4299565700434299,-0.4299565700434299,-0.4299565700434299,-0.4299565700434299,-0.4299565700434299,-0.4299565700434299,-0.4299565700434299,-0.4299565700434299,-0.4299565700434299,-0.4299565700434299,-0.4299565700434299,-0.4299565700434299,-0.4299565700434299,-0.4299565700434299,-0.4299565700434299,-0.4299565700434299,-0.4299565700434299,-0.4299565700434299,-0.4299565700434299,-0.4299565700434299,-0.4299565700434299,-0.4299565700434299,-0.4299565700434299,-0.4299565700434299,-0.4299565700434299,-0.4299565700434299,-0.4299565700434299,-0.4299565700434299,-0.4299565700434299,-0.4299565700434299,-0.4299565700434299,-0.4299565700434299,-0.4299565700434299,-0.4299565700434299,-0.4299565700434299,-0.4299565700434299,-0.4299565700434299,-0.4299565700434299,-0.4299565700434299,-0.4299565700434299,-0.4299565700434299,-0.4299565700434299,-0.4299565700434299,-0.4299565700434299,-0.4299565700434299,-0.4299565700434299,-0.4299565700434299,-0.4299565700434299
-0.4775130935520587,-0.4775130935520587,-0.4775130935520587,-0.4775130935520587,-0.4775130935520587,-0.4775130935520587,-0.4775130935520587,-0.4775130935520587,-0.4775130935520587,-0.4775130935520587,-0.4775130935520587,-0.4775130935520587,-0.4775130935520587,-0.4775130935520587,-0.4775130935520587,-0.4775130935520587,-0.4775130935520587,-0.4775130935520587,-0.4775130935520587,-0.4775130935520587,-0.4775130935520587,-0.4775130935520587,-0.4775130935520587,-0.4775130935520587,-0.4775130935520587,-0.4775130935520587,-0.4775130935520587,-0.4775130935520587,-0.4775130935520587,-0.4775130935520587,-0.4775130935520587,-0.4775130935520587,-0.4775130935520587,-0.4775130935520587,-0.4775130935520587,-0.4775130935520587,-0.4775130935520587,-0.4775130935520587,-0.4775130935520587,-0.4775130935520587,-0.4775130935520587,-0.4775130935520587,-0.4775130935520587,-0.4775130935520587,-0.4775130935520587,-0.4775130935520587,-0.4775130935520587,-0.4775130935520587,-0.4775130935520587,-0.4775130935520587,-0.4775130935520587,-0.4775130935520587,-0.4775130935520587,-0.4775130935520587,-0.4775130935520587,-0.4775130935520587,-0.4775130935520587,-0.4775130935520587,-0.4775130935520587,-0.4775130935520587,-0.4775130935520587,-0.4775130935520587,-0.4775130935520587,-0.4775130935520587,-0.4775130935520587,-0.4775130935520587,-0.4775130935520587,-0.4775130935520587,-0.4775130935520587,-0.4775130935520587,-0.4775130935520587,-0.4775130935520587,-0.4775130935520587,-0.4775130935520587,-0.4775130935520587,-0.4775130935520587,-0.4775130935520587,-0.4775130935520587,-0.4775130935520587,-0.4775130935520587,-0.4775130935520587,-0.4775130935520587,-0.4775130935520587,-0.4775130935520587,-0.4775130935520587,-0.4775130935520587,-0.4775130935520587,-0.4775130935520587,-0.4775130935520587,-0.4775130935520587,-0.4775130935520587,-0.4775130935520587,-0.4775130935520587,-0.4775130935520587,-0.4775130935520587,-0.4775130935520587,-0.4775130935520587,-0.4775130935520587,-0.4775130935520587,-0.4775130935520587,-0.4775130935520587,-0.4775130935520587,-0.4775130935520587,-0.4775130935520587,-0.4775130935520587,-0.4775130935520587,-0.4775130935520587,-0.4775130935520587,-0.4775130935520587,-0.4775130935520587,-0.4775130935520587,-0.4775130935520587,-0.4775130935520587,-0.4775130935520587,-0.4775130935520587,-0.4775130935520587,-0.4775130935520587,-0.4775130935520587,-0.4775130935520587,-0.4775130935520587,-0.4775130935520587,-0.4775130935520587,-0.4775130935520587,-0.4775130935520587,-0.4775130935520587,-0.4775130935520587,-0.4775130935520587,-0.4775130935520587,-0.4775130935520587,-0.4775130935520587,-0.4775130935520587,-0.4775130935520587,-0.4775130935520587,-0.4775130935520587,-0.4775130935520587,-0.4775130935520587,-0.4775130935520587,-0.4775130935520587,-0.4775130935520587,-0.4775130935520587,-0.4775130935520587,-0.4775130935520587,-0.4775130935520587,-0.4775130935520587,-0.4775130935520587,-0.4775130935520587,-0.4775130935520587,-0.4775130935520587,-0.4775130935520587,-0.4775130935520587,-0.4775130935520587,-0.4775130935520587,-0.4775130935520587,-0.4775130935520587,-0.4775130935520587,-0.4775130935520587,-0.4775130935520587,-0.4775130935520587,-0.4775130935520587,-0.4775130935520587,-0.4775130935520587,-0.4775130935520587,-0.4775130935520587,-0.4775130935520587,-0.4775130935520587,-0.4775130935520587,-0.4775130935520587,-0.4775130935520587,-0.4775130935520587,-0.4775130935520587,-0.4775130935520587,-0.4775130935520587,-0.4775130935520587,-0.4775130935520587,-0.4775130935520587,-0.4775130935520587,-0.4775130935520587,-0.4775130935520587,-0.4775130935520587,-0.4775130935520587,-0.4775130935520587,-0.4775130935520587,-0.4775130935520587,-0.4775130935520587,-0.4775130935520587,-0.4775130935520587,-0.4775130935520587,-0.4775130935520587,-0.4775130935520587,-0.4775130935520587,-0.4775130935520587,-0.4775130935520587,-0.4775130935520587,-0.4775130935520587,-0.4775130935520587,-0.4775130935520587,-0.4775130935520587,-0.4775130935520587,-0.4775130935520587,-0.4775130935520587,-0.4775130935520587,-0.4775130935520587,-0.4775130935520587,-0.4775130935520587,-0.4775130935520587,-0.4775130935520587,-0.4775130935520587,-0.4775130935520587,-0.4775130935520587,-0.4775130935520587,-0.4775130935520587,-0.4775130935520587,-0.4775130935520587,-0.4775130935520587,-0.4775130935520587,-0.4775130935520587,-0.4775130935520587,-0.4775130935520587,-0.4775130935520587,-0.4775130935520587,-0.4775130935520587,-0.4775130935520587,-0.4775130935520587,-0.4775130935520587,-0.4775130935520587,-0.4775130935520587,-0.4775130935520587
1.0,1.0,1.0,1.0,1.0,1.0,1.0,1.0,1.0,1.0,1.0,1.0,1.0,1.0,1.0,1.0,1.0,1.0,1.0,1.0,1.0,1.0,1.0,1.0,1.0,1.0,1.0,1.0,1.0,1.0,1.0,1.0,1.0,1.0,1.0,1.0,1.0,1.0,1.0,1.0,1.0,1.0,1.0,1.0,1.0,1.0,1.0,1.0,1.0,1.0,1.0,1.0,1.0,1.0,1.0,1.0,1.0,1.0,1.0,1.0,1.0,1.0,1.0,1.0,1.0,1.0,1.0,1.0,1.0,1.0,1.0,1.0,1.0,1.0,1.0,1.0,1.0,1.0,1.0,1.0,1.0,1.0,1.0,1.0,1.0,1.0,1.0,1.0,1.0,1.0,1.0,1.0,1.0,1.0,1.0,1.0,1.0,1.0,1.0,1.0,1.0,1.0,1.0,1.0,1.0,1.0,1.0,1.0,1.0,1.0,1.0,1.0,1.0,1.0,1.0,1.0,1.0,1.0,1.0,1.0,1.0,1.0,1.0,1.0,1.0,1.0,1.0,1.0,1.0,1.0,1.0,1.0,1.0,1.0,1.0,1.0,1.0,1.0,1.0,1.0,1.0,1.0,1.0,1.0,1.0,1.0,1.0,1.0,1.0,1.0,1.0,1.0,1.0,1.0,1.0,1.0,1.0,1.0,1.0,1.0,1.0,1.0,1.0,1.0,1.0,1.0,1.0,1.0,1.0,1.0,1.0,1.0,1.0,1.0,1.0,1.0,1.0,1.0,1.0,1.0,1.0,1.0,1.0,1.0,1.0,1.0,1.0,1.0,1.0,1.0,1.0,1.0,1.0,1.0,1.0,1.0,1.0,1.0,1.0,1.0,1.0,1.0,1.0,1.0,1.0,1.0,1.0,1.0,1.0,1.0,1.0,1.0,1.0,1.0,1.0,1.0,1.0,1.0,1.0,1.0,1.0,1.0,1.0,1.0,1.0,1.0,1.0
-0.6746500105288425,-0.6746500105288425,-0.6746500105288425,-0.6746500105288425,-0.6746500105288425,-0.6746500105288425,-0.6746500105288425,-0.6746500105288425,-0.6746500105288425,-0.6746500105288425,-0.6746500105288425,-0.6746500105288425,-0.6746500105288425,-0.6746500105288425,-0.6746500105288425,-0.6746500105288425,-0.6746500105288425,-0.6746500105288425,-0.6746500105288425,-0.6746500105288425,-0.6746500105288425,-0.6746500105288425,-0.6746500105288425,-0.6746500105288425,-0.6746500105288425,-0.6746500105288425,-0.6746500105288425,-0.6746500105288425,-0.6746500105288425,-0.6746500105288425,-0.6746500105288425,-0.6746500105288425,-0.6746500105288425,-0.6746500105288425,-0.6746500105288425,-0.6746500105288425,-0.6746500105288425,-0.6746500105288425,-0.6746500105288425,-0.6746500105288425,-0.6746500105288425,-0.6746500105288425,-0.6746500105288425,-0.6746500105288425,-0.6746500105288425,-0.6746500105288425,-0.6746500105288425,-0.6746500105288425,-0.6746500105288425,-0.6746500105288425,-0.6746500105288425,-0.6746500105288425,-0.6746500105288425,-0.6746500105288425,-0.6746500105288425,-0.6746500105288425,-0.6746500105288425,-0.6746500105288425,-0.6746500105288425,-0.6746500105288425,-0.6746500105288425,-0.6746500105288425,-0.6746500105288425,-0.6746500105288425,-0.6746500105288425,-0.6746500105288425,-0.6746500105288425,-0.6746500105288425,-0.6746500105288425,-0.6746500105288425,-0.6746500105288425,-0.6746500105288425,-0.6746500105288425,-0.6746500105288425,-0.6746500105288425,-0.6746500105288425,-0.6746500105288425,-0.6746500105288425,-0.6746500105288425,-0.6746500105288425,-0.6746500105288425,-0.6746500105288425,-0.6746500105288425,-0.6746500105288425,-0.6746500105288425,-0.6746500105288425,-0.6746500105288425,-0.6746500105288425,-0.6746500105288425,-0.6746500105288425,-0.6746500105288425,-0.6746500105288425,-0.6746500105288425,-0.6746500105288425,-0.6746500105288425,-0.6746500105288425,-0.6746500105288425,-0.6746500105288425,-0.6746500105288425,-0.6746500105288425,-0.6746500105288425,-0.6746500105288425,-0.6746500105288425,-0.6746500105288425,-0.6746500105288425,-0.6746500105288425,-0.6746500105288425,-0.6746500105288425,-0.6746500105288425,-0.6746500105288425,-0.6746500105288425,-0.6746500105288425,-0.6746500105288425,-0.6746500105288425,-0.6746500105288425,-0.6746500105288425,-0.6746500105288425,-0.6746500105288425,-0.6746500105288425,-0.6746500105288425,-0.6746500105288425,-0.6746500105288425,-0.6746500105288425,-0.6746500105288425,-0.6746500105288425,-0.6746500105288425,-0.6746500105288425,-0.6746500105288425,-0.6746500105288425,-0.6746500105288425,-0.6746500105288425,-0.6746500105288425,-0.6746500105288425,-0.6746500105288425,-0.6746500105288425,-0.6746500105288425,-0.6746500105288425,-0.6746500105288425,-0.6746500105288425,-0.6746500105288425,-0.6746500105288425,-0.6746500105288425,-0.6746500105288425,-0.6746500105288425,-0.6746500105288425,-0.6746500105288425,-0.6746500105288425,-0.6746500105288425,-0.6746500105288425,-0.6746500105288425,-0.6746500105288425,-0.6746500105288425,-0.6746500105288425,-0.6746500105288425,-0.6746500105288425,-0.6746500105288425,-0.6746500105288425,-0.6746500105288425,-0.6746500105288425,-0.6746500105288425,-0.6746500105288425,-0.6746500105288425,-0.6746500105288425,-0.6746500105288425,-0.6746500105288425,-0.6746500105288425,-0.6746500105288425,-0.6746500105288425,-0.6746500105288425,-0.6746500105288425,-0.6746500105288425,-0.6746500105288425,-0.6746500105288425,-0.6746500105288425,-0.6746500105288425,-0.6746500105288425,-0.6746500105288425,-0.6746500105288425,-0.6746500105288425,-0.6746500105288425,-0.6746500105288425,-0.6746500105288425,-0.6746500105288425,-0.6746500105288425,-0.6746500105288425,-0.6746500105288425,-0.6746500105288425,-0.6746500105288425,-0.6746500105288425,-0.6746500105288425,-0.6746500105288425,-0.6746500105288425,-0.6746500105288425,-0.6746500105288425,-0.6746500105288425,-0.6746500105288425,-0.6746500105288425,-0.6746500105288425,-0.6746500105288425,-0.6746500105288425,-0.6746500105288425,-0.6746500105288425,-0.6746500105288425,-0.6746500105288425,-0.6746500105288425,-0.6746500105288425,-0.6746500105288425,-0.6746500105288425,-0.6746500105288425,-0.6746500105288425,-0.6746500105288425,-0.6746500105288425,-0.6746500105288425,-0.6746500105288425,-0.6746500105288425,-0.6746500105288425,-0.6746500105288425,-0.6746500105288425,-0.6746500105288425,-0.6746500105288425,-0.6746500105288425,-0.6746500105288425,-0.6746500105288425,-0.6746500105288425,-0.6746500105288425,-0.6746500105288425,-0.6746500105288425
1.0,1.0,1.0,1.0,1.0,1.0,1.0,1.0,1.0,1.0,1.0,1.0,1.0,1.0,1.0,1.0,1.0,1.0,1.0,1.0,1.0,1.0,1.0,1.0,1.0,1.0,1.0,1.0,1.0,1.0,1.0,1.0,1.0,1.0,1.0,1.0,1.0,1.0,1.0,1.0,1.0,1.0,1.0,1.0,1.0,1.0,1.0,1.0,1.0,1.0,1.0,1.0,1.0,1.0,1.0,1.0,1.0,1.0,1.0,1.0,1.0,1.0,1.0,1.0,1.0,1.0,1.0,1.0,1.0,1.0,1.0,1.0,1.0,1.0,1.0,1.0,1.0,1.0,1.0,1.0,1.0,1.0,1.0,1.0,1.0,1.0,1.0,1.0,1.0,1.0,1.0,1.0,1.0,1.0,1.0,1.0,1.0,1.0,1.0,1.0,1.0,1.0,1.0,1.0,1.0,1.0,1.0,1.0,1.0,1.0,1.0,1.0,1.0,1.0,1.0,1.0,1.0,1.0,1.0,1.0,1.0,1.0,1.0,1.0,1.0,1.0,1.0,1.0,1.0,1.0,1.0,1.0,1.0,1.0,1.0,1.0,1.0,1.0,1.0,1.0,1.0,1.0,1.0,1.0,1.0,1.0,1.0,1.0,1.0,1.0,1.0,1.0,1.0,1.0,1.0,1.0,1.0,1.0,1.0,1.0,1.0,1.0,1.0,1.0,1.0,1.0,1.0,1.0,1.0,1.0,1.0,1.0,1.0,1.0,1.0,1.0,1.0,1.0,1.0,1.0,1.0,1.0,1.0,1.0,1.0,1.0,1.0,1.0,1.0,1.0,1.0,1.0,1.0,1.0,1.0,1.0,1.0,1.0,1.0,1.0,1.0,1.0,1.0,1.0,1.0,1.0,1.0,1.0,1.0,1.0,1.0,1.0,1.0,1.0,1.0,1.0,1.0,1.0,1.0,1.0,1.0,1.0,1.0,1.0,1.0,1.0,1.0
1.0,1.0,1.0,1.0,1.0,1.0,1.0,1.0,1.0,1.0,1.0,1.0,1.0,1.0,1.0,1.0,1.0,1.0,1.0,1.0,1.0,1.0,1.0,1.0,1.0,1.0,1.0,1.0,1.0,1.0,1.0,1.0,1.0,1.0,1.0,1.0,1.0,1.0,1.0,1.0,1.0,1.0,1.0,1.0,1.0,1.0,1.0,1.0,1.0,1.0,1.0,1.0,1.0,1.0,1.0,1.0,1.0,1.0,1.0,1.0,1.0,1.0,1.0,1.0,1.0,1.0,1.0,1.0,1.0,1.0,1.0,1.0,1.0,1.0,1.0,1.0,1.0,1.0,1.0,1.0,1.0,1.0,1.0,1.0,1.0,1.0,1.0,1.0,1.0,1.0,1.0,1.0,1.0,1.0,1.0,1.0,1.0,1.0,1.0,1.0,1.0,1.0,1.0,1.0,1.0,1.0,1.0,1.0,1.0,1.0,1.0,1.0,1.0,1.0,1.0,1.0,1.0,1.0,1.0,1.0,1.0,1.0,1.0,1.0,1.0,1.0,1.0,1.0,1.0,1.0,1.0,1.0,1.0,1.0,1.0,1.0,1.0,1.0,1.0,1.0,1.0,1.0,1.0,1.0,1.0,1.0,1.0,1.0,1.0,1.0,1.0,1.0,1.0,1.0,1.0,1.0,1.0,1.0,1.0,1.0,1.0,1.0,1.0,1.0,1.0,1.0,1.0,1.0,1.0,1.0,1.0,1.0,1.0,1.0,1.0,1.0,1.0,1.0,1.0,1.0,1.0,1.0,1.0,1.0,1.0,1.0,1.0,1.0,1.0,1.0,1.0,1.0,1.0,1.0,1.0,1.0,1.0,1.0,1.0,1.0,1.0,1.0,1.0,1.0,1.0,1.0,1.0,1.0,1.0,1.0,1.0,1.0,1.0,1.0,1.0,1.0,1.0,1.0,1.0,1.0,1.0,1.0,1.0,1.0,1.0,1.0,1.0
1.4955098323002405,1.4955098323002405,1.4955098323002405,1.4955098323002405,1.4955098323002405,1.4955098323002405,1.4955098323002405,1.4955098323002405,1.4955098323002405,1.4955098323002405,1.4955098323002405,1.4955098323002405,1.4955098323002405,1.4955098323002405,1.4955098323002405,1.4955098323002405,1.4955098323002405,1.4955098323002405,1.4955098323002405,1.4955098323002405,1.4955098323002405,1.4955098323002405,1.4955098323002405,1.4955098323002405,1.4955098323002405,1.4955098323002405,1.4955098323002405,1.4955098323002405,1.4955098323002405,1.4955098323002405,1.4955098323002405,1.4955098323002405,1.4955098323002405,1.4955098323002405,1.4955098323002405,1.4955098323002405,1.4955098323002405,1.4955098323002405,1.4955098323002405,1.4955098323002405,1.4955098323002405,1.4955098323002405,1.4955098323002405,1.4955098323002405,1.4955098323002405,1.4955098323002405,1.4955098323002405,1.4955098323002405,1.4955098323002405,1.4955098323002405,1.4955098323002405,1.4955098323002405,1.4955098323002405,1.4955098323002405,1.4955098323002405,1.4955098323002405,1.4955098323002405,1.4955098323002405,1.4955098323002405,1.4955098323002405,1.4955098323002405,1.4955098323002405,1.4955098323002405,1.4955098323002405,1.4955098323002405,1.4955098323002405,1.4955098323002405,1.4955098323002405,1.4955098323002405,1.4955098323002405,1.4955098323002405,1.4955098323002405,1.4955098323002405,1.4955098323002405,1.4955098323002405,1.4955098323002405,1.4955098323002405,1.4955098323002405,1.4955098323002405,1.4955098323002405,1.4955098323002405,1.4955098323002405,1.4955098323002405,1.4955098323002405,1.4955098323002405,1.4955098323002405,1.4955098323002405,1.4955098323002405,1.4955098323002405,1.4955098323002405,1.4955098323002405,1.4955098323002405,1.4955098323002405,1.4955098323002405,1.4955098323002405,1.4955098323002405,1.4955098323002405,1.4955098323002405,1.4955098323002405,1.4955098323002405,1.4955098323002405,1.4955098323002405,1.4955098323002405,1.4955098323002405,1.4955098323002405,1.4955098323002405,1.4955098323002405,1.4955098323002405,1.4955098323002405,1.4955098323002405,1.4955098323002405,1.4955098323002405,1.4955098323002405,1.4955098323002405,1.4955098323002405,1.4955098323002405,1.4955098323002405,1.4955098323002405,1.4955098323002405,1.4955098323002405,1.4955098323002405,1.4955098323002405,1.4955098323002405,1.4955098323002405,1.4955098323002405,1.4955098323002405,1.4955098323002405,1.4955098323002405,1.4955098323002405,1.4955098323002405,1.4955098323002405,1.4955098323002405,1.4955098323002405,1.4955098323002405,1.4955098323002405,1.4955098323002405,1.4955098323002405,1.4955098323002405,1.4955098323002405,1.4955098323002405,1.4955098323002405,1.4955098323002405,1.4955098323002405,1.4955098323002405,1.4955098323002405,1.4955098323002405,1.4955098323002405,1.4955098323002405,1.4955098323002405,1.4955098323002405,1.4955098323002405,1.4955098323002405,1.4955098323002405,1.4955098323002405,1.4955098323002405,1.4955098323002405,1.4955098323002405,1.4955098323002405,1.4955098323002405,1.4955098323002405,1.4955098323002405,1.4955098323002405,1.4955098323002405,1.4955098323002405,1.4955098323002405,1.4955098323002405,1.4955098323002405,1.4955098323002405,1.4955098323002405,1.4955098323002405,1.4955098323002405,1.4955098323002405,1.4955098323002405,1.4955098323002405,1.4955098323002405,1.4955098323002405,1.4955098323002405,1.4955098323002405,1.4955098323002405,1.4955098323002405,1.4955098323002405,1.4955098323002405,1.4955098323002405,1.4955098323002405,1.4955098323002405,1.4955098323002405,1.4955098323002405,1.4955098323002405,1.4955098323002405,1.4955098323002405,1.4955098323002405,1.4955098323002405,1.4955098323002405,1.4955098323002405,1.4955098323002405,1.4955098323002405,1.4955098323002405,1.4955098323002405,1.4955098323002405,1.4955098323002405,1.4955098323002405,1.4955098323002405,1.4955098323002405,1.4955098323002405,1.4955098323002405,1.4955098323002405,1.4955098323002405,1.4955098323002405,1.4955098323002405,1.4955098323002405,1.4955098323002405,1.4955098323002405,1.4955098323002405,1.4955098323002405,1.4955098323002405,1.4955098323002405,1.4955098323002405,1.4955098323002405,1.4955098323002405,1.4955098323002405,1.4955098323002405,1.4955098323002405,1.4955098323002405,1.4955098323002405,1.4955098323002405,1.4955098323002405,1.4955098323002405
-1.0917363902447395,-1.0917363902447395,-1.0917363902447395,-1.0917363902447395,-1.0917363902447395,-1.0917363902447395,-1.0917363902447395,-1.0917363902447395,-1.0917363902447395,-1.0917363902447395,-1.0917363902447395,-1.0917363902447395,-1.0917363902447395,-1.0917363902447395,-1.0917363902447395,-1.0917363902447395,-1.0917363902447395,-1.0917363902447395,-1.0917363902447395,-1.0917363902447395,-1.0917363902447395,-1.0917363902447395,-1.0917363902447395,-1.0917363902447395,-1.0917363902447395,-1.0917363902447395,-1.0917363902447395,-1.0917363902447395,-1.0917363902447395,-1.0917363902447395,-1.0917363902447395,-1.0917363902447395,-1.0917363902447395,-1.0917363902447395,-1.0917363902447395,-1.0917363902447395,-1.0917363902447395,-1.0917363902447395,-1.0917363902447395,-1.0917363902447395,-1.0917363902447395,-1.0917363902447395,-1.0917363902447395,-1.0917363902447395,-1.0917363902447395,-1.0917363902447395,-1.0917363902447395,-1.0917363902447395,-1.0917363902447395,-1.0917363902447395,-1.0917363902447395,-1.0917363902447395,-1.0917363902447395,-1.0917363902447395,-1.0917363902447395,-1.0917363902447395,-1.0917363902447395,-1.0917363902447395,-1.0917363902447395,-1.0917363902447395,-1.0917363902447395,-1.0917363902447395,-1.0917363902447395,-1.0917363902447395,-1.0917363902447395,-1.0917363902447395,-1.0917363902447395,-1.0917363902447395,-1.0917363902447395,-1.0917363902447395,-1.0917363902447395,-1.0917363902447395,-1.0917363902447395,-1.0917363902447395,-1.0917363902447395,-1.0917363902447395,-1.0917363902447395,-1.0917363902447395,-1.0917363902447395,-1.0917363902447395,-1.0917363902447395,-1.0917363902447395,-1.0917363902447395,-1.0917363902447395,-1.0917363902447395,-1.0917363902447395,-1.0917363902447395,-1.0917363902447395,-1.0917363902447395,-1.0917363902447395,-1.0917363902447395,-1.0917363902447395,-1.0917363902447395,-1.0917363902447395,-1.0917363902447395,-1.0917363902447395,-1.0917363902447395,-1.0917363902447395,-1.0917363902447395,-1.0917363902447395,-1.0917363902447395,-1.0917363902447395,-1.0917363902447395,-1.0917363902447395,-1.0917363902447395,-1.0917363902447395,-1.0917363902447395,-1.0917363902447395,-1.0917363902447395,-1.0917363902447395,-1.0917363902447395,-1.0917363902447395,-1.0917363902447395,-1.0917363902447395,-1.0917363902447395,-1.0917363902447395,-1.0917363902447395,-1.0917363902447395,-1.0917363902447395,-1.0917363902447395,-1.0917363902447395,-1.0917363902447395,-1.0917363902447395,-1.0917363902447395,-1.0917363902447395,-1.0917363902447395,-1.0917363902447395,-1.0917363902447395,-1.0917363902447395,-1.0917363902447395,-1.0917363902447395,-1.0917363902447395,-1.0917363902447395,-1.0917363902447395,-1.0917363902447395,-1.0917363902447395,-1.0917363902447395,-1.0917363902447395,-1.0917363902447395,-1.0917363902447395,-1.0917363902447395,-1.0917363902447395,-1.0917363902447395,-1.0917363902447395,-1.0917363902447395,-1.0917363902447395,-1.0917363902447395,-1.0917363902447395,-1.0917363902447395,-1.0917363902447395,-1.0917363902447395,-1.0917363902447395,-1.0917363902447395,-1.0917363902447395,-1.0917363902447395,-1.0917363902447395,-1.0917363902447395,-1.0917363902447395,-1.0917363902447395,-1.0917363902447395,-1.0917363902447395,-1.0917363902447395,-1.0917363902447395,-1.0917363902447395,-1.0917363902447395,-1.0917363902447395,-1.0917363902447395,-1.0917363902447395,-1.0917363902447395,-1.0917363902447395,-1.0917363902447395,-1.0917363902447395,-1.0917363902447395,-1.0917363902447395,-1.0917363902447395,-1.0917363902447395,-1.0917363902447395,-1.0917363902447395,-1.0917363902447395,-1.0917363902447395,-1.0917363902447395,-1.0917363902447395,-1.0917363902447395,-1.0917363902447395,-1.0917363902447395,-1.0917363902447395,-1.0917363902447395,-1.0917363902447395,-1.0917363902447395,-1.0917363902447395,-1.0917363902447395,-1.0917363902447395,-1.0917363902447395,-1.0917363902447395,-1.0917363902447395,-1.0917363902447395,-1.0917363902447395,-1.0917363902447395,-1.0917363902447395,-1.0917363902447395,-1.0917363902447395,-1.0917363902447395,-1.0917363902447395,-1.0917363902447395,-1.0917363902447395,-1.0917363902447395,-1.0917363902447395,-1.0917363902447395,-1.0917363902447395,-1.0917363902447395,-1.0917363902447395,-1.0917363902447395,-1.0917363902447395,-1.0917363902447395,-1.0917363902447395,-1.0917363902447395,-1.0917363902447395,-1.0917363902447395,-1.0917363902447395,-1.0917363902447395,-1.0917363902447395,-1.0917363902447395,-1.0917363902447395,-1.0917363902447395,-1.0917363902447395,-1.0917363902447395,-1.0917363902447395
1.969566382794139,1.969566382794139,1.969566382794139,1.969566382794139,1.969566382794139,1.969566382794139,1.969566382794139,1.969566382794139,1.969566382794139,1.969566382794139,1.969566382794139,1.969566382794139,1.969566382794139,1.969566382794139,1.969566382794139,1.969566382794139,1.969566382794139,1.969566382794139,1.969566382794139,1.969566382794139,1.969566382794139,1.969566382794139,1.969566382794139,1.969566382794139,1.969566382794139,1.969566382794139,1.969566382794139,1.969566382794139,1.969566382794139,1.969566382794139,1.969566382794139,1.969566382794139,1.969566382794139,1.969566382794139,1.969566382794139,1.969566382794139,1.969566382794139,1.969566382794139,1.969566382794139,1.969566382794139,1.969566382794139,1.969566382794139,1.969566382794139,1.969566382794139,1.969566382794139,1.969566382794139,1.969566382794139,1.969566382794139,1.969566382794139,1.969566382794139,1.969566382794139,1.969566382794139,1.969566382794139,1.969566382794139,1.969566382794139,1.969566382794139,1.969566382794139,1.969566382794139,1.969566382794139,1.969566382794139,1.969566382794139,1.969566382794139,1.969566382794139,1.969566382794139,1.969566382794139,1.969566382794139,1.969566382794139,1.969566382794139,1.969566382794139,1.969566382794139,1.969566382794139,1.969566382794139,1.969566382794139,1.969566382794139,1.969566382794139,1.969566382794139,1.969566382794139,1.969566382794139,1.969566382794139,1.969566382794139,1.969566382794139,1.969566382794139,1.969566382794139,1.969566382794139,1.969566382794139,1.969566382794139,1.969566382794139,1.969566382794139,1.969566382794139,1.969566382794139,1.969566382794139,1.969566382794139,1.969566382794139,1.969566382794139,1.969566382794139,1.969566382794139,1.969566382794139,1.969566382794139,1.969566382794139,1.969566382794139,1.969566382794139,1.969566382794139,1.969566382794139,1.969566382794139,1.969566382794139,1.969566382794139,1.969566382794139,1.969566382794139,1.969566382794139,1.969566382794139,1.969566382794139,1.969566382794139,1.969566382794139,1.969566382794139,1.969566382794139,1.969566382794139,1.969566382794139,1.969566382794139,1.969566382794139,1.969566382794139,1.969566382794139,1.969566382794139,1.969566382794139,1.969566382794139,1.969566382794139,1.969566382794139,1.969566382794139,1.969566382794139,1.969566382794139,1.969566382794139,1.969566382794139,1.969566382794139,1.969566382794139,1.969566382794139,1.969566382794139,1.969566382794139,1.969566382794139,1.969566382794139,1.969566382794139,1.969566382794139,1.969566382794139,1.969566382794139,1.969566382794139,1.969566382794139,1.969566382794139,1.969566382794139,1.969566382794139,1.969566382794139,1.969566382794139,1.969566382794139,1.969566382794139,1.969566382794139,1.969566382794139,1.969566382794139,1.969566382794139,1.969566382794139,1.969566382794139,1.969566382794139,1.969566382794139,1.969566382794139,1.969566382794139,1.969566382794139,1.969566382794139,1.969566382794139,1.969566382794139,1.969566382794139,1.969566382794139,1.969566382794139,1.969566382794139,1.969566382794139,1.969566382794139,1.969566382794139,1.969566382794139,1.969566382794139,1.969566382794139,1.969566382794139,1.969566382794139,1.969566382794139,1.969566382794139,1.969566382794139,1.969566382794139,1.969566382794139,1.969566382794139,1.969566382794139,1.969566382794139,1.969566382794139,1.969566382794139,1.969566382794139,1.969566382794139,1.969566382794139,1.969566382794139,1.969566382794139,1.969566382794139,1.969566382794139,1.969566382794139,1.969566382794139,1.969566382794139,1.969566382794139,1.969566382794139,1.969566382794139,1.969566382794139,1.969566382794139,1.969566382794139,1.969566382794139,1.969566382794139,1.969566382794139,1.969566382794139,1.969566382794139,1.969566382794139,1.969566382794139,1.969566382794139,1.969566382794139,1.969566382794139,1.969566382794139,1.969566382794139,1.969566382794139,1.969566382794139,1.969566382794139,1.969566382794139,1.969566382794139,1.969566382794139,1.969566382794139,1.969566382794139,1.969566382794139,1.969566382794139,1.969566382794139,1.969566382794139
-0.8346053624764167,-0.8346053624764167,-0.8346053624764167,-0.8346053624764167,-0.8346053624764167,-0.8346053624764167,-0.8346053624764167,-0.8346053624764167,-0.8346053624764167,-0.8346053624764167,-0.8346053624764167,-0.8346053624764167,-0.8346053624764167,-0.8346053624764167,-0.8346053624764167,-0.8346053624764167,-0.8346053624764167,-0.8346053624764167,-0.8346053624764167,-0.8346053624764167,-0.8346053624764167,-0.8346053624764167,-0.8346053624764167,-0.8346053624764167,-0.8346053624764167,-0.8346053624764167,-0.8346053624764167,-0.8346053624764167,-0.8346053624764167,-0.8346053624764167,-0.8346053624764167,-0.8346053624764167,-0.8346053624764167,-0.8346053624764167,-0.8346053624764167,-0.8346053624764167,-0.8346053624764167,-0.8346053624764167,-0.8346053624764167,-0.8346053624764167,-0.8346053624764167,-0.8346053624764167,-0.8346053624764167,-0.8346053624764167,-0.8346053624764167,-0.8346053624764167,-0.8346053624764167,-0.8346053624764167,-0.8346053624764167,-0.8346053624764167,-0.8346053624764167,-0.8346053624764167,-0.8346053624764167,-0.8346053624764167,-0.8346053624764167,-0.8346053624764167,-0.8346053624764167,-0.8346053624764167,-0.8346053624764167,-0.8346053624764167,-0.8346053624764167,-0.8346053624764167,-0.8346053624764167,-0.8346053624764167,-0.8346053624764167,-0.8346053624764167,-0.8346053624764167,-0.8346053624764167,-0.8346053624764167,-0.8346053624764167,-0.8346053624764167,-0.8346053624764167,-0.8346053624764167,-0.8346053624764167,-0.8346053624764167,-0.8346053624764167,-0.8346053624764167,-0.8346053624764167,-0.8346053624764167,-0.8346053624764167,-0.8346053624764167,-0.8346053624764167,-0.8346053624764167,-0.8346053624764167,-0.8346053624764167,-0.8346053624764167,-0.8346053624764167,-0.8346053624764167,-0.8346053624764167,-0.8346053624764167,-0.8346053624764167,-0.8346053624764167,-0.8346053624764167,-0.8346053624764167,-0.8346053624764167,-0.8346053624764167,-0.8346053624764167,-0.8346053624764167,-0.8346053624764167,-0.8346053624764167,-0.8346053624764167,-0.8346053624764167,-0.8346053624764167,-0.8346053624764167,-0.8346053624764167,-0.8346053624764167,-0.8346053624764167,-0.8346053624764167,-0.8346053624764167,-0.8346053624764167,-0.8346053624764167,-0.8346053624764167,-0.8346053624764167,-0.8346053624764167,-0.8346053624764167,-0.8346053624764167,-0.8346053624764167,-0.8346053624764167,-0.8346053624764167,-0.8346053624764167,-0.8346053624764167,-0.8346053624764167,-0.8346053624764167,-0.8346053624764167,-0.8346053624764167,-0.8346053624764167,-0.8346053624764167,-0.8346053624764167,-0.8346053624764167,-0.8346053624764167,-0.8346053624764167,-0.8346053624764167,-0.8346053624764167,-0.8346053624764167,-0.8346053624764167,-0.8346053624764167,-0.8346053624764167,-0.8346053624764167,-0.8346053624764167,-0.8346053624764167,-0.8346053624764167,-0.8346053624764167,-0.8346053624764167,-0.8346053624764167,-0.8346053624764167,-0.8346053624764167,-0.8346053624764167,-0.8346053624764167,-0.8346053624764167,-0.8346053624764167,-0.8346053624764167,-0.8346053624764167,-0.8346053624764167,-0.8346053624764167,-0.8346053624764167,-0.8346053624764167,-0.8346053624764167,-0.8346053624764167,-0.8346053624764167,-0.8346053624764167,-0.8346053624764167,-0.8346053624764167,-0.8346053624764167,-0.8346053624764167,-0.8346053624764167,-0.8346053624764167,-0.8346053624764167,-0.8346053624764167,-0.8346053624764167,-0.8346053624764167,-0.8346053624764167,-0.8346053624764167,-0.8346053624764167,-0.8346053624764167,-0.8346053624764167,-0.8346053624764167,-0.8346053624764167,-0.8346053624764167,-0.8346053624764167,-0.8346053624764167,-0.8346053624764167,-0.8346053624764167,-0.8346053624764167,-0.8346053624764167,-0.8346053624764167,-0.8346053624764167,-0.8346053624764167,-0.8346053624764167,-0.8346053624764167,-0.8346053624764167,-0.8346053624764167,-0.8346053624764167,-0.8346053624764167,-0.8346053624764167,-0.8346053624764167,-0.8346053624764167,-0.8346053624764167,-0.8346053624764167,-0.8346053624764167,-0.8346053624764167,-0.8346053624764167,-0.8346053624764167,-0.8346053624764167,-0.8346053624764167,-0.8346053624764167,-0.8346053624764167,-0.8346053624764167,-0.8346053624764167,-0.8346053624764167,-0.8346053624764167,-0.8346053624764167,-0.8346053624764167,-0.8346053624764167,-0.8346053624764167,-0.8346053624764167,-0.8346053624764167,-0.8346053624764167,-0.8346053624764167,-0.8346053624764167,-0.8346053624764167,-0.8346053624764167,-0.8346053624764167,-0.8346053624764167,-0.8346053624764167,-0.8346053624764167,-0.8346053624764167,-0.8346053624764167
0.5485278398908471,0.5485278398908471,0.5485278398908471,0.5485278398908471,0.5485278398908471,0.5485278398908471,0.5485278398908471,0.5485278398908471,0.5485278398908471,0.5485278398908471,0.5485278398908471,0.5485278398908471,0.5485278398908471,0.5485278398908471,0.5485278398908471,0.5485278398908471,0.5485278398908471,0.5485278398908471,0.5485278398908471,0.5485278398908471,0.5485278398908471,0.5485278398908471,0.5485278398908471,0.5485278398908471,0.5485278398908471,0.5485278398908471,0.5485278398908471,0.5485278398908471,0.5485278398908471,0.5485278398908471,0.5485278398908471,0.5485278398908471,0.5485278398908471,0.5485278398908471,0.5485278398908471,0.5485278398908471,0.5485278398908471,0.5485278398908471,0.5485278398908471,0.5485278398908471,0.5485278398908471,0.5485278398908471,0.5485278398908471,0.5485278398908471,0.5485278398908471,0.5485278398908471,0.5485278398908471,0.5485278398908471,0.5485278398908471,0.5485278398908471,0.5485278398908471,0.5485278398908471,0.5485278398908471,0.5485278398908471,0.5485278398908471,0.5485278398908471,0.5485278398908471,0.5485278398908471,0.5485278398908471,0.5485278398908471,0.5485278398908471,0.5485278398908471,0.5485278398908471,0.5485278398908471,0.5485278398908471,0.5485278398908471,0.5485278398908471,0.5485278398908471,0.5485278398908471,0.5485278398908471,0.5485278398908471,0.5485278398908471,0.5485278398908471,0.5485278398908471,0.5485278398908471,0.5485278398908471,0.5485278398908471,0.5485278398908471,0.5485278398908471,0.5485278398908471,0.5485278398908471,0.5485278398908471,0.5485278398908471,0.5485278398908471,0.5485278398908471,0.5485278398908471,0.5485278398908471,0.5485278398908471,0.5485278398908471,0.5485278398908471,0.5485278398908471,0.5485278398908471,0.5485278398908471,0.5485278398908471,0.5485278398908471,0.5485278398908471,0.5485278398908471,0.5485278398908471,0.5485278398908471,0.5485278398908471,0.5485278398908471,0.5485278398908471,0.5485278398908471,0.5485278398908471,0.5485278398908471,0.5485278398908471,0.5485278398908471,0.5485278398908471,0.5485278398908471,0.5485278398908471,0.5485278398908471,0.5485278398908471,0.5485278398908471,0.5485278398908471,0.5485278398908471,0.5485278398908471,0.5485278398908471,0.5485278398908471,0.5485278398908471,0.5485278398908471,0.5485278398908471,0.5485278398908471,0.5485278398908471,0.5485278398908471,0.5485278398908471,0.5485278398908471,0.5485278398908471,0.5485278398908471,0.5485278398908471,0.5485278398908471,0.5485278398908471,0.5485278398908471,0.5485278398908471,0.5485278398908471,0.5485278398908471,0.5485278398908471,0.5485278398908471,0.5485278398908471,0.5485278398908471,0.5485278398908471,0.5485278398908471,0.5485278398908471,0.5485278398908471,0.5485278398908471,0.5485278398908471,0.5485278398908471,0.5485278398908471,0.5485278398908471,0.5485278398908471,0.5485278398908471,0.5485278398908471,0.5485278398908471,0.5485278398908471,0.5485278398908471,0.5485278398908471,0.5485278398908471,0.5485278398908471,0.5485278398908471,0.5485278398908471,0.5485278398908471,0.5485278398908471,0.5485278398908471,0.5485278398908471,0.5485278398908471,0.5485278398908471,0.5485278398908471,0.5485278398908471,0.5485278398908471,0.5485278398908471,0.5485278398908471,0.5485278398908471,0.5485278398908471,0.5485278398908471,0.5485278398908471,0.5485278398908471,0.5485278398908471,0.5485278398908471,0.5485278398908471,0.5485278398908471,0.5485278398908471,0.5485278398908471,0.5485278398908471,0.5485278398908471,0.5485278398908471,0.5485278398908471,0.5485278398908471,0.5485278398908471,0.5485278398908471,0.5485278398908471,0.5485278398908471,0.5485278398908471,0.5485278398908471,0.5485278398908471,0.5485278398908471,0.5485278398908471,0.5485278398908471,0.5485278398908471,0.5485278398908471,0.5485278398908471,0.5485278398908471,0.5485278398908471,0.5485278398908471,0.5485278398908471,0.5485278398908471,0.5485278398908471,0.5485278398908471,0.5485278398908471,0.5485278398908471,0.5485278398908471,0.5485278398908471,0.5485278398908471,0.5485278398908471,0.5485278398908471,0.5485278398908471,0.5485278398908471,0.5485278398908471,0.5485278398908471,0.5485278398908471,0.5485278398908471,0.5485278398908471,0.5485278398908471,0.5485278398908471,0.5485278398908471,0.5485278398908471,0.5485278398908471,0.5485278398908471,0.5485278398908471
-1.0,-1.0,-1.0,-1.0,-1.0,-1.0,-1.0,-1.0,-1.0,-1.0,-1.0,-1.0,-1.0,-1.0,-1.0,-1.0,-1.0,-1.0,-1.0,-1.0,-1.0,-1.0,-1.0,-1.0,-1.0,-1.0,-1.0,-1.0,-1.0,-1.0,-1.0,-1.0,-1.0,-1.0,-1.0,-1.0,-1.0,-1.0,-1.0,-1.0,-1.0,-1.0,-1.0,-1.0,-1.0,-1.0,-1.0,-1.0,-1.0,-1.0,-1.0,-1.0,-1.0,-1.0,-1.0,-1.0,-1.0,-1.0,-1.0,-1.0,-1.0,-1.0,-1.0,-1.0,-1.0,-1.0,-1.0,-1.0,-1.0,-1.0,-1.0,-1.0,-1.0,-1.0,-1.0,-1.0,-1.0,-1.0,-1.0,-1.0,-1.0,-1.0,-1.0,-1.0,-1.0,-1.0,-1.0,-1.0,-1.0,-1.0,-1.0,-1.0,-1.0,-1.0,-1.0,-1.0,-1.0,-1.0,-1.0,-1.0,-1.0,-1.0,-1.0,-1.0,-1.0,-1.0,-1.0,-1.0,-1.0,-1.0,-1.0,-1.0,-1.0,-1.0,-1.0,-1.0,-1.0,-1.0,-1.0,-1.0,-1.0,-1.0,-1.0,-1.0,-1.0,-1.0,-1.0,-1.0,-1.0,-1.0,-1.0,-1.0,-1.0,-1.0,-1.0,-1.0,-1.0,-1.0,-1.0,-1.0,-1.0,-1.0,-1.0,-1.0,-1.0,-1.0,-1.0,-1.0,-1.0,-1.0,-1.0,-1.0,-1.0,-1.0,-1.0,-1.0,-1.0,-1.0,-1.0,-1.0,-1.0,-1.0,-1.0,-1.0,-1.0,-1.0,-1.0,-1.0,-1.0,-1.0,-1.0,-1.0,-1.0,-1.0,-1.0,-1.0,-1.0,-1.0,-1.0,-1.0,-1.0,-1.0,-1.0,-1.0,-1.0,-1.0,-1.0,-1.0,-1.0,-1.0,-1.0,-1.0,-1.0,-1.0,-1.0,-1.0,-1.0,-1.0,-1.0,-1.0,-1.0,-1.0,-1.0,-1.0,-1.0,-1.0,-1.0,-1.0,-1.0,-1.0,-1.0,-1.0,-1.0,-1.0,-1.0,-1.0,-1.0,-1.0,-1.0,-1.0,-1.0,-1.0,-1.0,-1.0,-1.0,-1.0,-1.0
-1.0,-1.0,-1.0,-1.0,-1.0,-1.0,-1.0,-1.0,-1.0,-1.0,-1.0,-1.0,-1.0,-1.0,-1.0,-1.0,-1.0,-1.0,-1.0,-1.0,-1.0,-1.0,-1.0,-1.0,-1.0,-1.0,-1.0,-1.0,-1.0,-1.0,-1.0,-1.0,-1.0,-1.0,-1.0,-1.0,-1.0,-1.0,-1.0,-1.0,-1.0,-1.0,-1.0,-1.0,-1.0,-1.0,-1.0,-1.0,-1.0,-1.0,-1.0,-1.0,-1.0,-1.0,-1.0,-1.0,-1.0,-1.0,-1.0,-1.0,-1.0,-1.0,-1.0,-1.0,-1.0,-1.0,-1.0,-1.0,-1.0,-1.0,-1.0,-1.0,-1.0,-1.0,-1.0,-1.0,-1.0,-1.0,-1.0,-1.0,-1.0,-1.0,-1.0,-1.0,-1.0,-1.0,-1.0,-1.0,-1.0,-1.0,-1.0,-1.0,-1.0,-1.0,-1.0,-1.0,-1.0,-1.0,-1.0,-1.0,-1.0,-1.0,-1.0,-1.0,-1.0,-1.0,-1.0,-1.0,-1.0,-1.0,-1.0,-1.0,-1.0,-1.0,-1.0,-1.0,-1.0,-1.0,-1.0,-1.0,-1.0,-1.0,-1.0,-1.0,-1.0,-1.0,-1.0,-1.0,-1.0,-1.0,-1.0,-1.0,-1.0,-1.0,-1.0,-1.0,-1.0,-1.0,-1.0,-1.0,-1.0,-1.0,-1.0,-1.0,-1.0,-1.0,-1.0,-1.0,-1.0,-1.0,-1.0,-1.0,-1.0,-1.0,-1.0,-1.0,-1.0,-1.0,-1.0,-1.0,-1.0,-1.0,-1.0,-1.0,-1.0,-1.0,-1.0,-1.0,-1.0,-1.0,-1.0,-1.0,-1.0,-1.0,-1.0,-1.0,-1.0,-1.0,-1.0,-1.0,-1.0,-1.0,-1.0,-1.0,-1.0,-1.0,-1.0,-1.0,-1.0,-1.0,-1.0,-1.0,-1.0,-1.0,-1.0,-1.0,-1.0,-1.0,-1.0,-1.0,-1.0,-1.0,-1.0,-1.0,-1.0,-1.0,-1.0,-1.0,-1.0,-1.0,-1.0,-1.0,-1.0,-1.0,-1.0,-1.0,-1.0,-1.0,-1.0,-1.0,-1.0,-1.0,-1.0,-1.0,-1.0,-1.0,-1.0
1.0,1.0,1.0,1.0,1.0,1.0,1.0,1.0,1.0,1.0,1.0,1.0,1.0,1.0,1.0,1.0,1.0,1.0,1.0,1.0,1.0,1.0,1.0,1.0,1.0,1.0,1.0,1.0,1.0,1.0,1.0,1.0,1.0,1.0,1.0,1.0,1.0,1.0,1.0,1.0,1.0,1.0,1.0,1.0,1.0,1.0,1.0,1.0,1.0,1.0,1.0,1.0,1.0,1.0,1.0,1.0,1.0,1.0,1.0,1.0,1.0,1.0,1.0,1.0,1.0,1.0,1.0,1.0,1.0,1.0,1.0,1.0,1.0,1.0,1.0,1.0,1.0,1.0,1.0,1.0,1.0,1.0,1.0,1.0,1.0,1.0,1.0,1.0,1.0,1.0,1.0,1.0,1.0,1.0,1.0,1.0,1.0,1.0,1.0,1.0,1.0,1.0,1.0,1.0,1.0,1.0,1.0,1.0,1.0,1.0,1.0,1.0,1.0,1.0,1.0,1.0,1.0,1.0,1.0,1.0,1.0,1.0,1.0,1.0,1.0,1.0,1.0,1.0,1.0,1.0,1.0,1.0,1.0,1.0,1.0,1.0,1.0,1.0,1.0,1.0,1.0,1.0,1.0,1.0,1.0,1.0,1.0,1.0,1.0,1.0,1.0,1.0,1.0,1.0,1.0,1.0,1.0,1.0,1.0,1.0,1.0,1.0,1.0,1.0,1.0,1.0,1.0,1.0,1.0,1.0,1.0,1.0,1.0,1.0,1.0,1.0,1.0,1.0,1.0,1.0,1.0,1.0,1.0,1.0,1.0,1.0,1.0,1.0,1.0,1.0,1.0,1.0,1.0,1.0,1.0,1.0,1.0,1.0,1.0,1.0,1.0,1.0,1.0,1.0,1.0,1.0,1.0,1.0,1.0,1.0,1.0,1.0,1.0,1.0,1.0,1.0,1.0,1.0,1.0,1.0,1.0,1.0,1.0,1.0,1.0,1.0,1.0
-1.0,-1.0,-1.0,-1.0,-1.0,-1.0,-1.0,-1.0,-1.0,-1.0,-1.0,-1.0,-1.0,-1.0,-1.0,-1.0,-1.0,-1.0,-1.0,-1.0,-1.0,-1.0,-1.0,-1.0,-1.0,-1.0,-1.0,-1.0,-1.0,-1.0,-1.0,-1.0,-1.0,-1.0,-1.0,-1.0,-1.0,-1.0,-1.0,-1.0,-1.0,-1.0,-1.0,-1.0,-1.0,-1.0,-1.0,-1.0,-1.0,-1.0,-1.0,-1.0,-1.0,-1.0,-1.0,-1.0,-1.0,-1.0,-1.0,-1.0,-1.0,-1.0,-1.0,-1.0,-1.0,-1.0,-1.0,-1.0,-1.0,-1.0,-1.0,-1.0,-1.0,-1.0,-1.0,-1.0,-1.0,-1.0,-1.0,-1.0,-1.0,-1.0,-1.0,-1.0,-1.0,-1.0,-1.0,-1.0,-1.0,-1.0,-1.0,-1.0,-1.0,-1.0,-1.0,-1.0,-1.0,-1.0,-1.0,-1.0,-1.0,-1.0,-1.0,-1.0,-1.0,-1.0,-1.0,-1.0,-1.0,-1.0,-1.0,-1.0,-1.0,-1.0,-1.0,-1.0,-1.0,-1.0,-1.0,-1.0,-1.0,-1.0,-1.0,-1.0,-1.0,-1.0,-1.0,-1.0,-1.0,-1.0,-1.0,-1.0,-1.0,-1.0,-1.0,-1.0,-1.0,-1.0,-1.0,-1.0,-1.0,-1.0,-1.0,-1.0,-1.0,-1.0,-1.0,-1.0,-1.0,-1.0,-1.0,-1.0,-1.0,-1.0,-1.0,-1.0,-1.0,-1.0,-1.0,-1.0,-1.0,-1.0,-1.0,-1.0,-1.0,-1.0,-1.0,-1.0,-1.0,-1.0,-1.0,-1.0,-1.0,-1.0,-1.0,-1.0,-1.0,-1.0,-1.0,-1.0,-1.0,-1.0,-1.0,-1.0,-1.0,-1.0,-1.0,-1.0,-1.0,-1.0,-1.0,-1.0,-1.0,-1.0,-1.0,-1.0,-1.0,-1.0,-1.0,-1.0,-1.0,-1.0,-1.0,-1.0,-1.0,-1.0,-1.0,-1.0,-1.0,-1.0,-1.0,-1.0,-1.0,-1.0,-1.0,-1.0,-1.0,-1.0,-1.0,-1.0,-1.0,-1.0,-1.0,-1.0,-1.0,-1.0,-1.0
-1.0,-1.0,-1.0,-1.0,-1.0,-1.0,-1.0,-1.0,-1.0,-1.0,-1.0,-1.0,-1.0,-1.0,-1.0,-1.0,-1.0,-1.0,-1.0,-1.0,-1.0,-1.0,-1.0,-1.0,-1.0,-1.0,-1.0,-1.0,-1.0,-1.0,-1.0,-1.0,-1.0,-1.0,-1.0,-1.0,-1.0,-1.0,-1.0,-1.0,-1.0,-1.0,-1.0,-1.0,-1.0,-1.0,-1.0,-1.0,-1.0,-1.0,-1.0,-1.0,-1.0,-1.0,-1.0,-1.0,-1.0,-1.0,-1.0,-1.0,-1.0,-1.0,-1.0,-1.0,-1.0,-1.0,-1.0,-1.0,-1.0,-1.0,-1.0,-1.0,-1.0,-1.0,-1.0,-1.0,-1.0,-1.0,-1.0,-1.0,-1.0,-1.0,-1.0,-1.0,-1.0,-1.0,-1.0,-1.0,-1.0,-1.0,-1.0,-1.0,-1.0,-1.0,-1.0,-1.0,-1.0,-1.0,-1.0,-1.0,-1.0,-1.0,-1.0,-1.0,-1.0,-1.0,-1.0,-1.0,-1.0,-1.0,-1.0,-1.0,-1.0,-1.0,-1.0,-1.0,-1.0,-1.0,-1.0,-1.0,-1.0,-1.0,-1.0,-1.0,-1.0,-1.0,-1.0,-1.0,-1.0,-1.0,-1.0,-1.0,-1.0,-1.0,-1.0,-1.0,-1.0,-1.0,-1.0,-1.0,-1.0,-1.0,-1.0,-1.0,-1.0,-1.0,-1.0,-1.0,-1.0,-1.0,-1.0,-1.0,-1.0,-1.0,-1.0,-1.0,-1.0,-1.0,-1.0,-1.0,-1.0,-1.0,-1.0,-1.0,-1.0,-1.0,-1.0,-1.0,-1.0,-1.0,-1.0,-1.0,-1.0,-1.0,-1.0,-1.0,-1.0,-1.0,-1.0,-1.0,-1.0,-1.0,-1.0,-1.0,-1.0,-1.0,-1.0,-1.0,-1.0,-1.0,-1.0,-1.0,-1.0,-1.0,-1.0,-1.0,-1.0,-1.0,-1.0,-1.0,-1.0,-1.0,-1.0,-1.0,-1.0,-1.0,-1.0,-1.0,-1.0,-1.0,-1.0,-1.0,-1.0,-1.0,-1.0,-1.0,-1.0,-1.0,-1.0,-1.0,-1.0,-1.0,-1.0,-1.0,-1.0,-1.0,-1.0
1.0,1.0,1.0,1.0,1.0,1.0,1.0,1.0,1.0,1.0,1.0,1.0,1.0,1.0,1.0,1.0,1.0,1.0,1.0,1.0,1.0,1.0,1.0,1.0,1.0,1.0,1.0,1.0,1.0,1.0,1.0,1.0,1.0,1.0,1.0,1.0,1.0,1.0,1.0,1.0,1.0,1.0,1.0,1.0,1.0,1.0,1.0,1.0,1.0,1.0,1.0,1.0,1.0,1.0,1.0,1.0,1.0,1.0,1.0,1.0,1.0,1.0,1.0,1.0,1.0,1.0,1.0,1.0,1.0,1.0,1.0,1.0,1.0,1.0,1.0,1.0,1.0,1.0,1.0,1.0,1.0,1.0,1.0,1.0,1.0,1.0,1.0,1.0,1.0,1.0,1.0,1.0,1.0,1.0,1.0,1.0,1.0,1.0,1.0,1.0,1.0,1.0,1.0,1.0,1.0,1.0,1.0,1.0,1.0,1.0,1.0,1.0,1.0,1.0,1.0,1.0,1.0,1.0,1.0,1.0,1.0,1.0,1.0,1.0,1.0,1.0,1.0,1.0,1.0,1.0,1.0,1.0,1.0,1.0,1.0,1.0,1.0,1.0,1.0,1.0,1.0,1.0,1.0,1.0,1.0,1.0,1.0,1.0,1.0,1.0,1.0,1.0,1.0,1.0,1.0,1.0,1.0,1.0,1.0,1.0,1.0,1.0,1.0,1.0,1.0,1.0,1.0,1.0,1.0,1.0,1.0,1.0,1.0,1.0,1.0,1.0,1.0,1.0,1.0,1.0,1.0,1.0,1.0,1.0,1.0,1.0,1.0,1.0,1.0,1.0,1.0,1.0,1.0,1.0,1.0,1.0,1.0,1.0,1.0,1.0,1.0,1.0,1.0,1.0,1.0,1.0,1.0,1.0,1.0,1.0,1.0,1.0,1.0,1.0,1.0,1.0,1.0,1.0,1.0,1.0,1.0,1.0,1.0,1.0,1.0,1.0,1.0
-0.5724356620524145,-0.5724356620524145,-0.5724356620524145,-0.5724356620524145,-0.5724356620524145,-0.5724356620524145,-0.5724356620524145,-0.5724356620524145,-0.5724356620524145,-0.5724356620524145,-0.5724356620524145,-0.5724356620524145,-0.5724356620524145,-0.5724356620524145,-0.5724356620524145,-0.5724356620524145,-0.5724356620524145,-0.5724356620524145,-0.5724356620524145,-0.5724356620524145,-0.5724356620524145,-0.5724356620524145,-0.5724356620524145,-0.5724356620524145,-0.5724356620524145,-0.5724356620524145,-0.5724356620524145,-0.5724356620524145,-0.5724356620524145,-0.5724356620524145,-0.5724356620524145,-0.5724356620524145,-0.5724356620524145,-0.5724356620524145,-0.5724356620524145,-0.5724356620524145,-0.5724356620524145,-0.5724356620524145,-0.5724356620524145,-0.5724356620524145,-0.5724356620524145,-0.5724356620524145,-0.5724356620524145,-0.5724356620524145,-0.5724356620524145,-0.5724356620524145,-0.5724356620524145,-0.5724356620524145,-0.5724356620524145,-0.5724356620524145,-0.5724356620524145,-0.5724356620524145,-0.5724356620524145,-0.5724356620524145,-0.5724356620524145,-0.5724356620524145,-0.5724356620524145,-0.5724356620524145,-0.5724356620524145,-0.5724356620524145,-0.5724356620524145,-0.5724356620524145,-0.5724356620524145,-0.5724356620524145,-0.5724356620524145,-0.5724356620524145,-0.5724356620524145,-0.5724356620524145,-0.5724356620524145,-0.5724356620524145,-0.5724356620524145,-0.5724356620524145,-0.5724356620524145,-0.5724356620524145,-0.5724356620524145,-0.5724356620524145,-0.5724356620524145,-0.5724356620524145,-0.5724356620524145,-0.5724356620524145,-0.5724356620524145,-0.5724356620524145,-0.5724356620524145,-0.5724356620524145,-0.5724356620524145,-0.5724356620524145,-0.5724356620524145,-0.5724356620524145,-0.5724356620524145,-0.5724356620524145,-0.5724356620524145,-0.5724356620524145,-0.5724356620524145,-0.5724356620524145,-0.5724356620524145,-0.5724356620524145,-0.5724356620524145,-0.5724356620524145,-0.5724356620524145,-0.5724356620524145,-0.5724356620524145,-0.5724356620524145,-0.5724356620524145,-0.5724356620524145,-0.5724356620524145,-0.5724356620524145,-0.5724356620524145,-0.5724356620524145,-0.5724356620524145,-0.5724356620524145,-0.5724356620524145,-0.5724356620524145,-0.5724356620524145,-0.5724356620524145,-0.5724356620524145,-0.5724356620524145,-0.5724356620524145,-0.5724356620524145,-0.5724356620524145,-0.5724356620524145,-0.5724356620524145,-0.5724356620524145,-0.5724356620524145,-0.5724356620524145,-0.5724356620524145,-0.5724356620524145,-0.5724356620524145,-0.5724356620524145,-0.5724356620524145,-0.5724356620524145,-0.5724356620524145,-0.5724356620524145,-0.5724356620524145,-0.5724356620524145,-0.5724356620524145,-0.5724356620524145,-0.5724356620524145,-0.5724356620524145,-0.5724356620524145,-0.5724356620524145,-0.5724356620524145,-0.5724356620524145,-0.5724356620524145,-0.5724356620524145,-0.5724356620524145,-0.5724356620524145,-0.5724356620524145,-0.5724356620524145,-0.5724356620524145,-0.5724356620524145,-0.5724356620524145,-0.5724356620524145,-0.5724356620524145,-0.5724356620524145,-0.5724356620524145,-0.5724356620524145,-0.5724356620524145,-0.5724356620524145,-0.5724356620524145,-0.5724356620524145,-0.5724356620524145,-0.5724356620524145,-0.5724356620524145,-0.5724356620524145,-0.5724356620524145,-0.5724356620524145,-0.5724356620524145,-0.5724356620524145,-0.5724356620524145,-0.5724356620524145,-0.5724356620524145,-0.5724356620524145,-0.5724356620524145,-0.5724356620524145,-0.5724356620524145,-0.5724356620524145,-0.5724356620524145,-0.5724356620524145,-0.5724356620524145,-0.5724356620524145,-0.5724356620524145,-0.5724356620524145,-0.5724356620524145,-0.5724356620524145,-0.5724356620524145,-0.5724356620524145,-0.5724356620524145,-0.5724356620524145,-0.5724356620524145,-0.5724356620524145,-0.5724356620524145,-0.5724356620524145,-0.5724356620524145,-0.5724356620524145,-0.5724356620524145,-0.5724356620524145,-0.5724356620524145,-0.5724356620524145,-0.5724356620524145,-0.5724356620524145,-0.5724356620524145,-0.5724356620524145,-0.5724356620524145,-0.5724356620524145,-0.5724356620524145,-0.5724356620524145,-0.5724356620524145,-0.5724356620524145,-0.5724356620524145,-0.5724356620524145,-0.5724356620524145,-0.5724356620524145,-0.5724356620524145,-0.5724356620524145,-0.5724356620524145,-0.5724356620524145,-0.5724356620524145,-0.5724356620524145,-0.5724356620524145,-0.5724356620524145,-0.5724356620524145,-0.5724356620524145,-0.5724356620524145,-0.5724356620524145,-0.5724356620524145,-0.5724356620524145,-0.5724356620524145
-0.7527170888115446,-0.7527170888115446,-0.7527170888115446,-0.7527170888115446,-0.7527170888115446,-0.7527170888115446,-0.7527170888115446,-0.7527170888115446,-0.7527170888115446,-0.7527170888115446,-0.7527170888115446,-0.7527170888115446,-0.7527170888115446,-0.7527170888115446,-0.7527170888115446,-0.7527170888115446,-0.7527170888115446,-0.7527170888115446,-0.7527170888115446,-0.7527170888115446,-0.7527170888115446,-0.7527170888115446,-0.7527170888115446,-0.7527170888115446,-0.7527170888115446,-0.7527170888115446,-0.7527170888115446,-0.7527170888115446,-0.7527170888115446,-0.7527170888115446,-0.7527170888115446,-0.7527170888115446,-0.7527170888115446,-0.7527170888115446,-0.7527170888115446,-0.7527170888115446,-0.7527170888115446,-0.7527170888115446,-0.7527170888115446,-0.7527170888115446,-0.7527170888115446,-0.7527170888115446,-0.7527170888115446,-0.7527170888115446,-0.7527170888115446,-0.7527170888115446,-0.7527170888115446,-0.7527170888115446,-0.7527170888115446,-0.7527170888115446,-0.7527170888115446,-0.7527170888115446,-0.7527170888115446,-0.7527170888115446,-0.7527170888115446,-0.7527170888115446,-0.7527170888115446,-0.7527170888115446,-0.7527170888115446,-0.7527170888115446,-0.7527170888115446,-0.7527170888115446,-0.7527170888115446,-0.7527170888115446,-0.7527170888115446,-0.7527170888115446,-0.7527170888115446,-0.7527170888115446,-0.7527170888115446,-0.7527170888115446,-0.7527170888115446,-0.7527170888115446,-0.7527170888115446,-0.7527170888115446,-0.7527170888115446,-0.7527170888115446,-0.7527170888115446,-0.7527170888115446,-0.7527170888115446,-0.7527170888115446,-0.7527170888115446,-0.7527170888115446,-0.7527170888115446,-0.7527170888115446,-0.7527170888115446,-0.7527170888115446,-0.7527170888115446,-0.7527170888115446,-0.7527170888115446,-0.7527170888115446,-0.7527170888115446,-0.7527170888115446,-0.7527170888115446,-0.7527170888115446,-0.7527170888115446,-0.7527170888115446,-0.7527170888115446,-0.7527170888115446,-0.7527170888115446,-0.7527170888115446,-0.7527170888115446,-0.7527170888115446,-0.7527170888115446,-0.7527170888115446,-0.7527170888115446,-0.7527170888115446,-0.7527170888115446,-0.7527170888115446,-0.7527170888115446,-0.7527170888115446,-0.7527170888115446,-0.7527170888115446,-0.7527170888115446,-0.7527170888115446,-0.7527170888115446,-0.7527170888115446,-0.7527170888115446,-0.7527170888115446,-0.7527170888115446,-0.7527170888115446,-0.7527170888115446,-0.7527170888115446,-0.7527170888115446,-0.7527170888115446,-0.7527170888115446,-0.7527170888115446,-0.7527170888115446,-0.7527170888115446,-0.7527170888115446,-0.7527170888115446,-0.7527170888115446,-0.7527170888115446,-0.7527170888115446,-0.7527170888115446,-0.7527170888115446,-0.7527170888115446,-0.7527170888115446,-0.7527170888115446,-0.7527170888115446,-0.7527170888115446,-0.7527170888115446,-0.7527170888115446,-0.7527170888115446,-0.7527170888115446,-0.7527170888115446,-0.7527170888115446,-0.7527170888115446,-0.7527170888115446,-0.7527170888115446,-0.7527170888115446,-0.7527170888115446,-0.7527170888115446,-0.7527170888115446,-0.7527170888115446,-0.7527170888115446,-0.7527170888115446,-0.7527170888115446,-0.7527170888115446,-0.7527170888115446,-0.7527170888115446,-0.7527170888115446,-0.7527170888115446,-0.7527170888115446,-0.7527170888115446,-0.7527170888115446,-0.7527170888115446,-0.7527170888115446,-0.7527170888115446,-0.7527170888115446,-0.7527170888115446,-0.7527170888115446,-0.7527170888115446,-0.7527170888115446,-0.7527170888115446,-0.7527170888115446,-0.7527170888115446,-0.7527170888115446,-0.7527170888115446,-0.7527170888115446,-0.7527170888115446,-0.7527170888115446,-0.7527170888115446,-0.7527170888115446,-0.7527170888115446,-0.7527170888115446,-0.7527170888115446,-0.7527170888115446,-0.7527170888115446,-0.7527170888115446,-0.7527170888115446,-0.7527170888115446,-0.7527170888115446,-0.7527170888115446,-0.7527170888115446,-0.7527170888115446,-0.7527170888115446,-0.7527170888115446,-0.7527170888115446,-0.7527170888115446,-0.7527170888115446,-0.7527170888115446,-0.7527170888115446,-0.7527170888115446,-0.7527170888115446,-0.7527170888115446,-0.7527170888115446,-0.7527170888115446,-0.7527170888115446,-0.7527170888115446,-0.7527170888115446,-0.7527170888115446,-0.7527170888115446,-0.7527170888115446,-0.7527170888115446,-0.7527170888115446,-0.7527170888115446,-0.7527170888115446,-0.7527170888115446,-0.7527170888115446,-0.7527170888115446,-0.7527170888115446,-0.7527170888115446,-0.7527170888115446,-0.7527170888115446,-0.7527170888115446,-0.7527170888115446,-0.7527170888115446
-0.7524822657252276,-0.7524822657252276,-0.7524822657252276,-0.7524822657252276,-0.7524822657252276,-0.7524822657252276,-0.7524822657252276,-0.7524822657252276,-0.7524822657252276,-0.7524822657252276,-0.7524822657252276,-0.7524822657252276,-0.7524822657252276,-0.7524822657252276,-0.7524822657252276,-0.7524822657252276,-0.7524822657252276,-0.7524822657252276,-0.7524822657252276,-0.7524822657252276,-0.7524822657252276,-0.7524822657252276,-0.7524822657252276,-0.7524822657252276,-0.7524822657252276,-0.7524822657252276,-0.7524822657252276,-0.7524822657252276,-0.7524822657252276,-0.7524822657252276,-0.7524822657252276,-0.7524822657252276,-0.7524822657252276,-0.7524822657252276,-0.7524822657252276,-0.7524822657252276,-0.7524822657252276,-0.7524822657252276,-0.7524822657252276,-0.7524822657252276,-0.7524822657252276,-0.7524822657252276,-0.7524822657252276,-0.7524822657252276,-0.7524822657252276,-0.7524822657252276,-0.7524822657252276,-0.7524822657252276,-0.7524822657252276,-0.7524822657252276,-0.7524822657252276,-0.7524822657252276,-0.7524822657252276,-0.7524822657252276,-0.7524822657252276,-0.7524822657252276,-0.7524822657252276,-0.7524822657252276,-0.7524822657252276,-0.7524822657252276,-0.7524822657252276,-0.7524822657252276,-0.7524822657252276,-0.7524822657252276,-0.7524822657252276,-0.7524822657252276,-0.7524822657252276,-0.7524822657252276,-0.7524822657252276,-0.7524822657252276,-0.7524822657252276,-0.7524822657252276,-0.7524822657252276,-0.7524822657252276,-0.7524822657252276,-0.7524822657252276,-0.7524822657252276,-0.7524822657252276,-0.7524822657252276,-0.7524822657252276,-0.7524822657252276,-0.7524822657252276,-0.7524822657252276,-0.7524822657252276,-0.7524822657252276,-0.7524822657252276,-0.7524822657252276,-0.7524822657252276,-0.7524822657252276,-0.7524822657252276,-0.7524822657252276,-0.7524822657252276,-0.7524822657252276,-0.7524822657252276,-0.7524822657252276,-0.7524822657252276,-0.7524822657252276,-0.7524822657252276,-0.7524822657252276,-0.7524822657252276,-0.7524822657252276,-0.7524822657252276,-0.7524822657252276,-0.7524822657252276,-0.7524822657252276,-0.7524822657252276,-0.7524822657252276,-0.7524822657252276,-0.7524822657252276,-0.7524822657252276,-0.7524822657252276,-0.7524822657252276,-0.7524822657252276,-0.7524822657252276,-0.7524822657252276,-0.7524822657252276,-0.7524822657252276,-0.7524822657252276,-0.7524822657252276,-0.7524822657252276,-0.7524822657252276,-0.7524822657252276,-0.7524822657252276,-0.7524822657252276,-0.7524822657252276,-0.7524822657252276,-0.7524822657252276,-0.7524822657252276,-0.7524822657252276,-0.7524822657252276,-0.7524822657252276,-0.7524822657252276,-0.7524822657252276,-0.7524822657252276,-0.7524822657252276,-0.7524822657252276,-0.7524822657252276,-0.7524822657252276,-0.7524822657252276,-0.7524822657252276,-0.7524822657252276,-0.7524822657252276,-0.7524822657252276,-0.7524822657252276,-0.7524822657252276,-0.7524822657252276,-0.7524822657252276,-0.7524822657252276,-0.7524822657252276,-0.7524822657252276,-0.7524822657252276,-0.7524822657252276,-0.7524822657252276,-0.7524822657252276,-0.7524822657252276,-0.7524822657252276,-0.7524822657252276,-0.7524822657252276,-0.7524822657252276,-0.7524822657252276,-0.7524822657252276,-0.7524822657252276,-0.7524822657252276,-0.7524822657252276,-0.7524822657252276,-0.7524822657252276,-0.7524822657252276,-0.7524822657252276,-0.7524822657252276,-0.7524822657252276,-0.7524822657252276,-0.7524822657252276,-0.7524822657252276,-0.7524822657252276,-0.7524822657252276,-0.7524822657252276,-0.7524822657252276,-0.7524822657252276,-0.7524822657252276,-0.7524822657252276,-0.7524822657252276,-0.7524822657252276,-0.7524822657252276,-0.7524822657252276,-0.7524822657252276,-0.7524822657252276,-0.7524822657252276,-0.7524822657252276,-0.7524822657252276,-0.7524822657252276,-0.7524822657252276,-0.7524822657252276,-0.7524822657252276,-0.7524822657252276,-0.7524822657252276,-0.7524822657252276,-0.7524822657252276,-0.7524822657252276,-0.7524822657252276,-0.7524822657252276,-0.7524822657252276,-0.7524822657252276,-0.7524822657252276,-0.7524822657252276,-0.7524822657252276,-0.7524822657252276,-0.7524822657252276,-0.7524822657252276,-0.7524822657252276,-0.7524822657252276,-0.7524822657252276,-0.7524822657252276,-0.7524822657252276,-0.7524822657252276,-0.7524822657252276,-0.7524822657252276,-0.7524822657252276,-0.7524822657252276,-0.7524822657252276,-0.7524822657252276,-0.7524822657252276,-0.7524822657252276,-0.7524822657252276,-0.7524822657252276,-0.7524822657252276,-0.7524822657252276,-0.7524822657252276
1.0,1.0,1.0,1.0,1.0,1.0,1.0,1.0,1.0,1.0,1.0,1.0,1.0,1.0,1.0,1.0,1.0,1.0,1.0,1.0,1.0,1.0,1.0,1.0,1.0,1.0,1.0,1.0,1.0,1.0,1.0,1.0,1.0,1.0,1.0,1.0,1.0,1.0,1.0,1.0,1.0,1.0,1.0,1.0,1.0,1.0,1.0,1.0,1.0,1.0,1.0,1.0,1.0,1.0,1.0,1.0,1.0,1.0,1.0,1.0,1.0,1.0,1.0,1.0,1.0,1.0,1.0,1.0,1.0,1.0,1.0,1.0,1.0,1.0,1.0,1.0,1.0,1.0,1.0,1.0,1.0,1.0,1.0,1.0,1.0,1.0,1.0,1.0,1.0,1.0,1.0,1.0,1.0,1.0,1.0,1.0,1.0,1.0,1.0,1.0,1.0,1.0,1.0,1.0,1.0,1.0,1.0,1.0,1.0,1.0,1.0,1.0,1.0,1.0,1.0,1.0,1.0,1.0,1.0,1.0,1.0,1.0,1.0,1.0,1.0,1.0,1.0,1.0,1.0,1.0,1.0,1.0,1.0,1.0,1.0,1.0,1.0,1.0,1.0,1.0,1.0,1.0,1.0,1.0,1.0,1.0,1.0,1.0,1.0,1.0,1.0,1.0,1.0,1.0,1.0,1.0,1.0,1.0,1.0,1.0,1.0,1.0,1.0,1.0,1.0,1.0,1.0,1.0,1.0,1.0,1.0,1.0,1.0,1.0,1.0,1.0,1.0,1.0,1.0,1.0,1.0,1.0,1.0,1.0,1.0,1.0,1.0,1.0,1.0,1.0,1.0,1.0,1.0,1.0,1.0,1.0,1.0,1.0,1.0,1.0,1.0,1.0,1.0,1.0,1.0,1.0,1.0,1.0,1.0,1.0,1.0,1.0,1.0,1.0,1.0,1.0,1.0,1.0,1.0,1.0,1.0,1.0,1.0,1.0,1.0,1.0,1.0
1.0,-1.0,-1.0,1.0,-1.0,1.0,-1.0,1.0,-1.0,-1.0,-1.0,-1.0,-1.0,1.0,-1.0,1.0,1.0,1.0,-1.0,-1.0,-1.0,1.0,1.0,1.0,1.0,1.0,1.0,1.0,1.0,1.0,1.0,1.0,1.0,1.0,1.0,1.0,1.0,1.0,1.0,1.0,1.0,1.0,1.0,1.0,1.0,1.0,1.0,1.0,1.0,1.0,1.0,1.0,1.0,1.0,1.0,1.0,-1.0,-1.0,-1.0,-1.0,1.0,1.0,-1.0,-1.0,1.0,1.0,-1.0,-1.0,-1.0,-1.0,-1.0,1.0,1.0,1.0,1.0,-1.0,-1.0,1.0,-1.0,-1.0,1.0,-1.0,1.0,-1.0,-1.0,-1.0,1.0,-1.0,-1.0,-1.0,-1.0,1.0,-1.0,-1.0,1.0,-1.0,-1.0,-1.0,1.0,-1.0,1.0,-1.0,-1.0,-1.0,-1.0,-1.0,-1.0,-1.0,-1.0,-1.0,-1.0,-1.0,1.0,-1.0,-1.0,-1.0,1.0,-1.0,-1.0,-1.0,-1.0,-1.0,-1.0,-1.0,1.0,-1.0,1.0,-1.0,-1.0,-1.0,-1.0,1.0,-1.0,-1.0,-1.0,-1.0,-1.0,1.0,-1.0,-1.0,-1.0,1.0,-1.0,-1.0,-1.0,1.0,-1.0,-1.0,1.0,-1.0,-1.0,1.0,-1.0,-1.0,-1.0,1.0,1.0,1.0,1.0,1.0,1.0,1.0,-1.0,-1.0,-1.0,-1.0,-1.0,-1.0,-1.0,-1.0,-1.0,-1.0,-1.0,-1.0,-1.0,-1.0,-1.0,-1.0,-1.0,1.0,-1.0,1.0,-1.0,-1.0,-1.0,1.0,-1.0,1.0,1.0,-1.0,1.0,1.0,-1.0,1.0,1.0,-1.0,1.0,1.0,-1.0,1.0,1.0,-1.0,1.0,1.0,1.0,1.0,1.0,1.0,1.0,1.0,1.0,1.0,1.0,1.0,1.0,1.0,1.0,-1.0,-1.0,1.0,1.0,-1.0,1.0,-1.0,-1.0,1.0,1.0
-1.0,-1.0,-1.0,-1.0,-1.0,-1.0,-1.0,-1.0,-1.0,-1.0,-1.0,-1.0,-1.0,-1.0,-1.0,-1.0,-1.0,-1.0,-1.0,-1.0,-1.0,-1.0,-1.0,-1.0,-1.0,-1.0,-1.0,-1.0,-1.0,-1.0,-1.0,-1.0,-1.0,-1.0,-1.0,-1.0,-1.0,-1.0,-1.0,-1.0,-1.0,-1.0,-1.0,-1.0,-1.0,-1.0,-1.0,-1.0,-1.0,-1.0,-1.0,-1.0,-1.0,-1.0,-1.0,-1.0,-1.0,-1.0,1.0,-1.0,-1.0,-1.0,-1.0,-1.0,-1.0,-1.0,-1.0,-1.0,-1.0,-1.0,-1.0,-1.0,-1.0,-1.0,-1.0,-1.0,-1.0,-1.0,-1.0,-1.0,-1.0,-1.0,-1.0,-1.0,1.0,-1.0,-1.0,-1.0,1.0,1.0,-1.0,-1.0,-1.0,-1.0,-1.0,-1.0,-1.0,-1.0,-1.0,-1.0,-1.0,-1.0,1.0,-1.0,-1.0,-1.0,-1.0,-1.0,-1.0,1.0,-1.0,-1.0,-1.0,-1.0,1.0,-1.0,-1.0,-1.0,-1.0,-1.0,-1.0,1.0,1.0,-1.0,-1.0,-1.0,-1.0,-1.0,1.0,-1.0,-1.0,-1.0,-1.0,-1.0,-1.0,-1.0,-1.0,-1.0,-1.0,-1.0,-1.0,-1.0,-1.0,-1.0,-1.0,-1.0,-1.0,-1.0,-1.0,-1.0,-1.0,-1.0,-1.0,1.0,-1.0,-1.0,-1.0,-1.0,-1.0,-1.0,-1.0,-1.0,-1.0,-1.0,-1.0,-1.0,-1.0,-1.0,-1.0,-1.0,-1.0,-1.0,-1.0,-1.0,-1.0,-1.0,-1.0,-1.0,-1.0,-1.0,-1.0,-1.0,-1.0,-1.0,-1.0,-1.0,-1.0,-1.0,-1.0,-1.0,-1.0,-1.0,-1.0,-1.0,-1.0,-1.0,-1.0,-1.0,-1.0,-1.0,-1.0,-1.0,-1.0,-1.0,-1.0,-1.0,-1.0,-1.0,-1.0,-1.0,-1.0,-1.0,-1.0,-1.0,-1.0,-1.0,-1.0,-1.0,-1.0,-1.0,-1.0,-1.0,-1.0,-1.0,-1.0,-1.0,-1.0
-1.0,-1.0,-1.0,-1.0,-1.0,-1.0,-1.0,-1.0,-1.0,-1.0,-1.0,-1.0,-1.0,-1.0,-1.0,-1.0,-1.0,-1.0,-1.0,-1.0,-1.0,-1.0,-1.0,-1.0,-1.0,-1.0,-1.0,-1.0,-1.0,-1.0,-1.0,-1.0,-1.0,-1.0,-1.0,-1.0,-1.0,-1.0,-1.0,-1.0,-1.0,-1.0,-1.0,-1.0,-1.0,-1.0,-1.0,-1.0,-1.0,-1.0,-1.0,-1.0,-1.0,-1.0,-1.0,-1.0,-1.0,-1.0,-1.0,-1.0,-1.0,-1.0,-1.0,-1.0,-1.0,-1.0,-1.0,-1.0,-1.0,-1.0,-1.0,-1.0,-1.0,-1.0,-1.0,-1.0,-1.0,-1.0,-1.0,-1.0,-1.0,-1.0,-1.0,-1.0,-1.0,-1.0,-1.0,-1.0,-1.0,-1.0,-1.0,-1.0,-1.0,-1.0,-1.0,-1.0,-1.0,-1.0,-1.0,-1.0,-1.0,-1.0,-1.0,-1.0,-1.0,-1.0,-1.0,-1.0,-1.0,-1.0,-1.0,-1.0,-1.0,-1.0,-1.0,-1.0,-1.0,-1.0,-1.0,-1.0,-1.0,-1.0,-1.0,-1.0,-1.0,-1.0,-1.0,-1.0,-1.0,-1.0,-1.0,-1.0,-1.0,-1.0,-1.0,-1.0,-1.0,-1.0,-1.0,-1.0,-1.0,-1.0,-1.0,-1.0,-1.0,-1.0,-1.0,-1.0,-1.0,-1.0,-1.0,-1.0,-1.0,-1.0,-1.0,-1.0,-1.0,-1.0,-1.0,-1.0,-1.0,-1.0,-1.0,-1.0,-1.0,-1.0,-1.0,-1.0,-1.0,-1.0,-1.0,-1.0,-1.0,-1.0,-1.0,-1.0,-1.0,-1.0,-1.0,-1.0,-1.0,-1.0,-1.0,-1.0,-1.0,-1.0,-1.0,-1.0,-1.0,-1.0,-1.0,-1.0,-1.0,-1.0,-1.0,-1.0,-1.0,-1.0,-1.0,-1.0,-1.0,-1.0,-1.0,-1.0,-1.0,-1.0,-1.0,-1.0,-1.0,-1.0,-1.0,-1.0,-1.0,-1.0,-1.0,-1.0,-1.0,-1.0,-1.0,-1.0,-1.0,-1.0,-1.0,-1.0,-1.0,-1.0,-1.0
-1.0,-1.0,-1.0,-1.0,-1.0,-1.0,-1.0,-1.0,-1.0,-1.0,1.0,-1.0,-1.0,-1.0,-1.0,-1.0,-1.0,-1.0,-1.0,-1.0,-1.0,-1.0,-1.0,-1.0,-1.0,-1.0,-1.0,-1.0,-1.0,-1.0,-1.0,-1.0,-1.0,-1.0,-1.0,-1.0,-1.0,-1.0,-1.0,-1.0,-1.0,-1.0,-1.0,-1.0,-1.0,-1.0,-1.0,-1.0,-1.0,-1.0,-1.0,-1.0,-1.0,-1.0,-1.0,-1.0,-1.0,-1.0,-1.0,-1.0,-1.0,-1.0,-1.0,-1.0,-1.0,-1.0,-1.0,-1.0,-1.0,-1.0,-1.0,-1.0,-1.0,-1.0,-1.0,-1.0,-1.0,-1.0,-1.0,-1.0,-1.0,-1.0,-1.0,-1.0,-1.0,-1.0,-1.0,-1.0,-1.0,-1.0,-1.0,-1.0,-1.0,-1.0,-1.0,-1.0,-1.0,-1.0,-1.0,-1.0,-1.0,-1.0,-1.0,-1.0,-1.0,-1.0,-1.0,-1.0,-1.0,-1.0,-1.0,-1.0,-1.0,-1.0,-1.0,-1.0,-1.0,-1.0,-1.0,-1.0,-1.0,-1.0,-1.0,-1.0,-1.0,-1.0,-1.0,-1.0,-1.0,-1.0,-1.0,-1.0,-1.0,-1.0,-1.0,-1.0,-1.0,-1.0,-1.0,-1.0,-1.0,-1.0,-1.0,-1.0,-1.0,-1.0,-1.0,-1.0,-1.0,-1.0,-1.0,-1.0,-1.0,-1.0,-1.0,-1.0,-1.0,-1.0,-1.0,-1.0,-1.0,-1.0,-1.0,-1.0,-1.0,-1.0,-1.0,-1.0,-1.0,-1.0,-1.0,-1.0,-1.0,-1.0,-1.0,-1.0,-1.0,-1.0,-1.0,-1.0,-1.0,-1.0,-1.0,-1.0,-1.0,-1.0,-1.0,-1.0,-1.0,-1.0,-1.0,-1.0,-1.0,-1.0,-1.0,-1.0,-1.0,-1.0,-1.0,-1.0,-1.0,-1.0,-1.0,-1.0,-1.0,-1.0,-1.0,-1.0,-1.0,-1.0,-1.0,-1.0,-1.0,-1.0,-1.0,-1.0,-1.0,-1.0,-1.0,-1.0,-1.0,-1.0,-1.0,-1.0,-1.0,-1.0,-1.0
-1.0,-1.0,-1.0,-1.0,-1.0,-1.0,-1.0,-1.0,-1.0,-1.0,-1.0,-1.0,-1.0,-1.0,-1.0,-1.0,1.0,1.0,-1.0,-1.0,-1.0,1.0,1.0,1.0,1.0,1.0,1.0,1.0,1.0,1.0,1.0,1.0,1.0,1.0,1.0,1.0,1.0,1.0,1.0,1.0,1.0,1.0,1.0,1.0,1.0,1.0,1.0,1.0,1.0,1.0,1.0,1.0,1.0,1.0,1.0,1.0,-1.0,-1.0,-1.0,-1.0,-1.0,-1.0,-1.0,-1.0,1.0,1.0,-1.0,-1.0,-1.0,-1.0,-1.0,1.0,1.0,1.0,1.0,-1.0,-1.0,-1.0,-1.0,-1.0,-1.0,-1.0,-1.0,-1.0,-1.0,-1.0,-1.0,-1.0,-1.0,-1.0,-1.0,-1.0,-1.0,-1.0,-1.0,-1.0,-1.0,-1.0,-1.0,-1.0,-1.0,-1.0,-1.0,-1.0,-1.0,-1.0,-1.0,-1.0,-1.0,-1.0,-1.0,-1.0,-1.0,-1.0,-1.0,-1.0,-1.0,-1.0,-1.0,-1.0,-1.0,-1.0,-1.0,-1.0,-1.0,-1.0,-1.0,-1.0,-1.0,1.0,-1.0,-1.0,-1.0,-1.0,-1.0,-1.0,-1.0,-1.0,-1.0,1.0,-1.0,-1.0,-1.0,1.0,-1.0,-1.0,-1.0,-1.0,-1.0,-1.0,-1.0,-1.0,-1.0,-1.0,-1.0,-1.0,1.0,1.0,1.0,1.0,1.0,1.0,-1.0,-1.0,-1.0,-1.0,-1.0,-1.0,-1.0,-1.0,-1.0,-1.0,-1.0,-1.0,-1.0,-1.0,-1.0,-1.0,-1.0,-1.0,-1.0,-1.0,-1.0,-1.0,-1.0,-1.0,-1.0,-1.0,-1.0,-1.0,-1.0,-1.0,-1.0,-1.0,-1.0,-1.0,-1.0,-1.0,-1.0,-1.0,-1.0,-1.0,-1.0,-1.0,1.0,1.0,1.0,1.0,1.0,1.0,1.0,1.0,1.0,1.0,1.0,1.0,1.0,-1.0,-1.0,-1.0,-1.0,-1.0,-1.0,-1.0,-1.0,1.0,1.0
-1.0,-1.0,-1.0,-1.0,-1.0,-1.0,-1.0,-1.0,-1.0,-1.0,-1.0,-1.0,-1.0,1.0,-1.0,1.0,-1.0,-1.0,-1.0,1.0,-1.0,-1.0,-1.0,-1.0,-1.0,-1.0,-1.0,-1.0,-1.0,-1.0,-1.0,-1.0,-1.0,-1.0,-1.0,-1.0,-1.0,-1.0,-1.0,-1.0,-1.0,-1.0,-1.0,-1.0,-1.0,-1.0,-1.0,-1.0,-1.0,-1.0,-1.0,-1.0,-1.0,-1.0,-1.0,-1.0,-1.0,-1.0,-1.0,-1.0,1.0,1.0,1.0,-1.0,1.0,1.0,1.0,1.0,-1.0,1.0,1.0,1.0,1.0,1.0,1.0,-1.0,-1.0,-1.0,-1.0,-1.0,-1.0,-1.0,-1.0,-1.0,-1.0,-1.0,-1.0,-1.0,-1.0,-1.0,-1.0,-1.0,-1.0,-1.0,-1.0,-1.0,-1.0,-1.0,-1.0,-1.0,-1.0,-1.0,-1.0,-1.0,-1.0,-1.0,-1.0,-1.0,-1.0,-1.0,-1.0,-1.0,-1.0,-1.0,-1.0,-1.0,-1.0,-1.0,-1.0,-1.0,-1.0,-1.0,-1.0,-1.0,-1.0,-1.0,-1.0,-1.0,-1.0,-1.0,-1.0,-1.0,-1.0,-1.0,-1.0,-1.0,-1.0,-1.0,-1.0,-1.0,-1.0,-1.0,-1.0,-1.0,-1.0,-1.0,-1.0,-1.0,-1.0,-1.0,-1.0,-1.0,-1.0,-1.0,-1.0,1.0,-1.0,-1.0,-1.0,-1.0,-1.0,-1.0,1.0,1.0,1.0,1.0,1.0,1.0,1.0,1.0,1.0,1.0,1.0,1.0,-1.0,-1.0,-1.0,1.0,-1.0,-1.0,-1.0,-1.0,-1.0,-1.0,1.0,-1.0,-1.0,1.0,-1.0,-1.0,1.0,-1.0,-1.0,1.0,-1.0,-1.0,1.0,-1.0,-1.0,1.0,-1.0,-1.0,1.0,1.0,-1.0,-1.0,-1.0,-1.0,-1.0,-1.0,-1.0,-1.0,-1.0,-1.0,-1.0,-1.0,-1.0,1.0,-1.0,-1.0,-1.0,-1.0,-1.0,-1.0,-1.0,1.0,1.0
-1.0,-1.0,-1.0,-1.0,-1.0,-1.0,-1.0,-1.0,-1.0,-1.0,-1.0,-1.0,-1.0,-1.0,-1.0,-1.0,-1.0,-1.0,-1.0,-1.0,-1.0,-1.0,-1.0,-1.0,-1.0,-1.0,-1.0,-1.0,-1.0,-1.0,-1.0,-1.0,-1.0,-1.0,-1.0,-1.0,-1.0,-1.0,-1.0,-1.0,-1.0,-1.0,-1.0,-1.0,-1.0,-1.0,-1.0,-1.0,-1.0,-1.0,-1.0,-1.0,-1.0,-1.0,-1.0,-1.0,-1.0,-1.0,-1.0,-1.0,-1.0,-1.0,-1.0,-1.0,-1.0,-1.0,-1.0,-1.0,-1.0,-1.0,-1.0,-1.0,-1.0,-1.0,-1.0,-1.0,-1.0,-1.0,-1.0,-1.0,-1.0,-1.0,-1.0,-1.0,-1.0,-1.0,-1.0,-1.0,-1.0,-1.0,-1.0,-1.0,-1.0,-1.0,-1.0,-1.0,-1.0,-1.0,-1.0,-1.0,-1.0,-1.0,-1.0,-1.0,-1.0,-1.0,-1.0,-1.0,-1.0,-1.0,-1.0,-1.0,-1.0,-1.0,-1.0,-1.0,-1.0,-1.0,-1.0,-1.0,-1.0,-1.0,-1.0,-1.0,-1.0,-1.0,-1.0,-1.0,-1.0,-1.0,-1.0,-1.0,-1.0,-1.0,-1.0,-1.0,-1.0,-1.0,-1.0,-1.0,-1.0,-1.0,-1.0,-1.0,-1.0,-1.0,-1.0,-1.0,-1.0,-1.0,-1.0,-1.0,-1.0,-1.0,-1.0,-1.0,-1.0,-1.0,-1.0,-1.0,-1.0,-1.0,-1.0,-1.0,-1.0,-1.0,-1.0,-1.0,-1.0,-1.0,-1.0,-1.0,-1.0,-1.0,-1.0,-1.0,-1.0,-1.0,-1.0,-1.0,-1.0,-1.0,-1.0,-1.0,-1.0,-1.0,-1.0,-1.0,-1.0,-1.0,-1.0,-1.0,-1.0,-1.0,-1.0,-1.0,-1.0,-1.0,-1.0,-1.0,-1.0,-1.0,-1.0,-1.0,-1.0,-1.0,-1.0,-1.0,-1.0,-1.0,-1.0,-1.0,-1.0,-1.0,-1.0,-1.0,-1.0,-1.0,-1.0,-1.0,-1.0,-1.0,-1.0,-1.0,-1.0,-1.0,-1.0
-1.0,-1.0,-1.0,-1.0,-1.0,-1.0,-1.0,-1.0,-1.0,-1.0,-1.0,-1.0,-1.0,-1.0,-1.0,-1.0,-1.0,-1.0,-1.0,-1.0,-1.0,-1.0,-1.0,-1.0,-1.0,-1.0,-1.0,-1.0,-1.0,-1.0,-1.0,-1.0,-1.0,-1.0,-1.0,-1.0,-1.0,-1.0,-1.0,-1.0,-1.0,-1.0,-1.0,-1.0,-1.0,-1.0,-1.0,-1.0,-1.0,-1.0,-1.0,-1.0,-1.0,-1.0,-1.0,-1.0,-1.0,-1.0,-1.0,-1.0,-1.0,-1.0,-1.0,-1.0,-1.0,-1.0,-1.0,-1.0,-1.0,-1.0,-1.0,-1.0,-1.0,-1.0,-1.0,-1.0,-1.0,-1.0,-1.0,-1.0,-1.0,-1.0,-1.0,-1.0,-1.0,-1.0,-1.0,-1.0,-1.0,-1.0,-1.0,-1.0,-1.0,-1.0,-1.0,-1.0,-1.0,-1.0,-1.0,-1.0,-1.0,-1.0,-1.0,-1.0,-1.0,-1.0,-1.0,-1.0,-1.0,-1.0,-1.0,-1.0,-1.0,-1.0,-1.0,-1.0,-1.0,-1.0,-1.0,-1.0,-1.0,-1.0,-1.0,-1.0,-1.0,-1.0,-1.0,-1.0,-1.0,-1.0,-1.0,-1.0,-1.0,-1.0,-1.0,-1.0,-1.0,-1.0,-1.0,-1.0,-1.0,-1.0,-1.0,-1.0,-1.0,-1.0,-1.0,-1.0,-1.0,-1.0,-1.0,-1.0,-1.0,-1.0,-1.0,-1.0,-1.0,-1.0,-1.0,-1.0,-1.0,-1.0,-1.0,-1.0,-1.0,-1.0,-1.0,-1.0,-1.0,-1.0,-1.0,-1.0,-1.0,-1.0,-1.0,-1.0,-1.0,-1.0,-1.0,-1.0,-1.0,-1.0,-1.0,-1.0,-1.0,-1.0,-1.0,-1.0,-1.0,-1.0,-1.0,-1.0,-1.0,-1.0,-1.0,-1.0,-1.0,-1.0,-1.0,-1.0,-1.0,-1.0,-1.0,-1.0,-1.0,-1.0,-1.0,-1.0,-1.0,-1.0,-1.0,-1.0,-1.0,-1.0,-1.0,-1.0,-1.0,-1.0,-1.0,-1.0,-1.0,-1.0,-1.0,-1.0,-1.0,-1.0,-1.0
-1.0,-1.0,-1.0,-1.0,-1.0,-1.0,-1.0,-1.0,-1.0,-1.0,-1.0,-1.0,1.0,1.0,-1.0,-1.0,-1.0,-1.0,-1.0,-1.0,-1.0,-1.0,-1.0,-1.0,-1.0,-1.0,-1.0,-1.0,-1.0,-1.0,-1.0,-1.0,-1.0,-1.0,-1.0,-1.0,-1.0,-1.0,-1.0,-1.0,-1.0,-1.0,-1.0,-1.0,-1.0,-1.0,-1.0,-1.0,-1.0,-1.0,-1.0,-1.0,-1.0,-1.0,-1.0,-1.0,-1.0,1.0,-1.0,-1.0,-1.0,-1.0,-1.0,-1.0,-1.0,-1.0,-1.0,-1.0,-1.0,-1.0,-1.0,-1.0,-1.0,-1.0,-1.0,-1.0,-1.0,-1.0,-1.0,-1.0,-1.0,-1.0,-1.0,-1.0,-1.0,-1.0,-1.0,-1.0,-1.0,-1.0,-1.0,-1.0,-1.0,-1.0,-1.0,-1.0,-1.0,-1.0,-1.0,-1.0,-1.0,-1.0,-1.0,-1.0,-1.0,-1.0,-1.0,-1.0,-1.0,-1.0,-1.0,-1.0,-1.0,-1.0,-1.0,-1.0,-1.0,-1.0,-1.0,-1.0,-1.0,-1.0,-1.0,-1.0,-1.0,-1.0,-1.0,-1.0,-1.0,-1.0,-1.0,-1.0,-1.0,-1.0,-1.0,-1.0,-1.0,-1.0,-1.0,-1.0,-1.0,-1.0,-1.0,-1.0,-1.0,-1.0,-1.0,-1.0,-1.0,-1.0,-1.0,-1.0,-1.0,-1.0,-1.0,-1.0,-1.0,-1.0,-1.0,-1.0,-1.0,-1.0,-1.0,-1.0,-1.0,-1.0,-1.0,-1.0,-1.0,-1.0,-1.0,-1.0,-1.0,-1.0,-1.0,-1.0,-1.0,1.0,-1.0,-1.0,-1.0,-1.0,-1.0,-1.0,-1.0,-1.0,-1.0,-1.0,-1.0,-1.0,-1.0,-1.0,-1.0,-1.0,-1.0,-1.0,-1.0,-1.0,-1.0,-1.0,-1.0,-1.0,-1.0,1.0,-1.0,-1.0,-1.0,-1.0,-1.0,-1.0,-1.0,-1.0,-1.0,-1.0,-1.0,-1.0,-1.0,-1.0,-1.0,-1.0,-1.0,-1.0,-1.0,-1.0,-1.0,-1.0,-1.0
-1.0,-1.0,-1.0,-1.0,-1.0,-1.0,-1.0,-1.0,-1.0,-1.0,-1.0,-1.0,-1.0,-1.0,-1.0,-1.0,-1.0,-1.0,-1.0,-1.0,-1.0,-1.0,-1.0,-1.0,-1.0,-1.0,-1.0,-1.0,-1.0,-1.0,-1.0,-1.0,-1.0,-1.0,-1.0,-1.0,-1.0,-1.0,-1.0,-1.0,-1.0,-1.0,-1.0,-1.0,-1.0,-1.0,-1.0,-1.0,-1.0,-1.0,-1.0,-1.0,-1.0,-1.0,-1.0,-1.0,-1.0,-1.0,-1.0,-1.0,-1.0,-1.0,-1.0,-1.0,-1.0,-1.0,-1.0,-1.0,1.0,-1.0,-1.0,-1.0,-1.0,-1.0,-1.0,-1.0,-1.0,-1.0,-1.0,-1.0,-1.0,-1.0,-1.0,-1.0,-1.0,-1.0,-1.0,-1.0,-1.0,-1.0,-1.0,-1.0,-1.0,-1.0,-1.0,-1.0,-1.0,-1.0,-1.0,-1.0,-1.0,-1.0,-1.0,-1.0,-1.0,-1.0,-1.0,-1.0,-1.0,-1.0,-1.0,-1.0,-1.0,-1.0,-1.0,-1.0,-1.0,-1.0,-1.0,-1.0,-1.0,-1.0,-1.0,-1.0,-1.0,-1.0,-1.0,-1.0,-1.0,-1.0,-1.0,-1.0,-1.0,-1.0,-1.0,-1.0,-1.0,-1.0,-1.0,-1.0,-1.0,-1.0,-1.0,-1.0,-1.0,-1.0,-1.0,-1.0,-1.0,-1.0,-1.0,-1.0,-1.0,-1.0,-1.0,-1.0,-1.0,-1.0,-1.0,-1.0,-1.0,-1.0,-1.0,-1.0,-1.0,-1.0,-1.0,-1.0,-1.0,-1.0,-1.0,-1.0,-1.0,-1.0,-1.0,-1.0,1.0,-1.0,-1.0,-1.0,-1.0,-1.0,-1.0,-1.0,-1.0,-1.0,-1.0,-1.0,-1.0,-1.0,-1.0,-1.0,-1.0,-1.0,-1.0,-1.0,-1.0,-1.0,-1.0,-1.0,-1.0,-1.0,-1.0,-1.0,-1.0,-1.0,-1.0,-1.0,-1.0,-1.0,-1.0,-1.0,-1.0,-1.0,-1.0,-1.0,-1.0,-1.0,-1.0,-1.0,-1.0,-1.0,-1.0,-1.0,-1.0,-1.0,-1.0
-1.0,-1.0,-1.0,-1.0,-1.0,-1.0,-1.0,-1.0,-1.0,-1.0,-1.0,-1.0,-1.0,-1.0,-1.0,-1.0,-1.0,-1.0,-1.0,-1.0,-1.0,-1.0,-1.0,-1.0,-1.0,-1.0,-1.0,-1.0,-1.0,-1.0,-1.0,-1.0,-1.0,-1.0,-1.0,-1.0,-1.0,-1.0,-1.0,-1.0,-1.0,-1.0,-1.0,-1.0,-1.0,-1.0,-1.0,-1.0,-1.0,-1.0,-1.0,-1.0,-1.0,-1.0,-1.0,-1.0,-1.0,-1.0,-1.0,-1.0,-1.0,-1.0,-1.0,-1.0,-1.0,-1.0,-1.0,-1.0,-1.0,-1.0,-1.0,-1.0,-1.0,-1.0,-1.0,-1.0,-1.0,-1.0,-1.0,-1.0,-1.0,-1.0,-1.0,-1.0,-1.0,-1.0,-1.0,-1.0,-1.0,-1.0,-1.0,-1.0,-1.0,-1.0,-1.0,-1.0,-1.0,-1.0,-1.0,-1.0,-1.0,-1.0,-1.0,-1.0,1.0,-1.0,-1.0,1.0,-1.0,-1.0,-1.0,-1.0,-1.0,-1.0,-1.0,-1.0,-1.0,-1.0,-1.0,1.0,-1.0,-1.0,-1.0,-1.0,-1.0,-1.0,-1.0,-1.0,-1.0,-1.0,-1.0,-1.0,-1.0,-1.0,1.0,-1.0,-1.0,-1.0,-1.0,-1.0,-1.0,-1.0,-1.0,-1.0,-1.0,-1.0,-1.0,-1.0,-1.0,-1.0,-1.0,-1.0,-1.0,-1.0,-1.0,-1.0,-1.0,-1.0,-1.0,-1.0,-1.0,-1.0,-1.0,-1.0,-1.0,-1.0,-1.0,-1.0,-1.0,-1.0,-1.0,-1.0,-1.0,-1.0,-1.0,-1.0,-1.0,-1.0,-1.0,-1.0,-1.0,-1.0,-1.0,-1.0,-1.0,-1.0,-1.0,-1.0,-1.0,-1.0,-1.0,-1.0,-1.0,-1.0,-1.0,-1.0,-1.0,-1.0,-1.0,-1.0,-1.0,-1.0,-1.0,-1.0,-1.0,-1.0,-1.0,-1.0,-1.0,-1.0,-1.0,-1.0,-1.0,-1.0,-1.0,-1.0,-1.0,-1.0,-1.0,-1.0,-1.0,-1.0,-1.0,-1.0,-1.0,-1.0,-1.0
-1.0,-1.0,-1.0,-1.0,-1.0,-1.0,-1.0,-1.0,-1.0,-1.0,-1.0,-1.0,-1.0,-1.0,-1.0,-1.0,-1.0,-1.0,-1.0,-1.0,-1.0,-1.0,-1.0,-1.0,-1.0,-1.0,-1.0,-1.0,-1.0,-1.0,-1.0,-1.0,-1.0,-1.0,-1.0,-1.0,-1.0,-1.0,-1.0,-1.0,-1.0,-1.0,-1.0,-1.0,-1.0,-1.0,-1.0,-1.0,-1.0,-1.0,-1.0,-1.0,-1.0,-1.0,-1.0,-1.0,-1.0,-1.0,-1.0,-1.0,-1.0,-1.0,-1.0,-1.0,-1.0,-1.0,-1.0,-1.0,-1.0,-1.0,-1.0,-1.0,-1.0,-1.0,-1.0,-1.0,-1.0,-1.0,-1.0,-1.0,-1.0,-1.0,-1.0,-1.0,-1.0,-1.0,-1.0,-1.0,-1.0,-1.0,-1.0,-1.0,-1.0,-1.0,-1.0,-1.0,1.0,-1.0,-1.0,-1.0,-1.0,-1.0,-1.0,-1.0,-1.0,-1.0,-1.0,-1.0,-1.0,-1.0,-1.0,-1.0,-1.0,-1.0,-1.0,-1.0,-1.0,-1.0,-1.0,-1.0,-1.0,-1.0,-1.0,1.0,-1.0,-1.0,-1.0,-1.0,-1.0,-1.0,-1.0,-1.0,-1.0,-1.0,-1.0,-1.0,-1.0,-1.0,-1.0,-1.0,-1.0,-1.0,-1.0,-1.0,-1.0,-1.0,-1.0,-1.0,-1.0,-1.0,-1.0,-1.0,-1.0,-1.0,-1.0,-1.0,-1.0,-1.0,-1.0,-1.0,-1.0,-1.0,1.0,-1.0,-1.0,-1.0,-1.0,-1.0,-1.0,-1.0,-1.0,-1.0,-1.0,-1.0,-1.0,-1.0,-1.0,-1.0,-1.0,-1.0,-1.0,-1.0,-1.0,-1.0,-1.0,-1.0,-1.0,-1.0,-1.0,-1.0,-1.0,-1.0,-1.0,-1.0,-1.0,-1.0,-1.0,-1.0,-1.0,-1.0,-1.0,-1.0,-1.0,-1.0,-1.0,-1.0,-1.0,-1.0,-1.0,-1.0,-1.0,-1.0,-1.0,-1.0,-1.0,-1.0,-1.0,-1.0,-1.0,-1.0,-1.0,-1.0,-1.0,-1.0,-1.0,-1.0,-1.0
-1.0,1.0,-1.0,-1.0,-1.0,-1.0,-1.0,-1.0,-1.0,-1.0,-1.0,-1.0,-1.0,-1.0,1.0,-1.0,-1.0,-1.0,1.0,-1.0,1.0,-1.0,-1.0,-1.0,-1.0,-1.0,-1.0,-1.0,-1.0,-1.0,-1.0,-1.0,-1.0,-1.0,-1.0,-1.0,-1.0,-1.0,-1.0,-1.0,-1.0,-1.0,-1.0,-1.0,-1.0,-1.0,-1.0,-1.0,-1.0,-1.0,-1.0,-1.0,-1.0,-1.0,-1.0,-1.0,-1.0,-1.0,-1.0,-1.0,-1.0,-1.0,-1.0,1.0,-1.0,-1.0,-1.0,-1.0,-1.0,-1.0,-1.0,-1.0,-1.0,-1.0,-1.0,-1.0,-1.0,-1.0,-1.0,-1.0,-1.0,-1.0,-1.0,-1.0,-1.0,-1.0,-1.0,-1.0,-1.0,-1.0,-1.0,-1.0,-1.0,-1.0,-1.0,-1.0,-1.0,-1.0,-1.0,-1.0,-1.0,-1.0,-1.0,-1.0,-1.0,-1.0,-1.0,-1.0,-1.0,-1.0,-1.0,-1.0,-1.0,-1.0,-1.0,-1.0,-1.0,-1.0,-1.0,-1.0,-1.0,-1.0,-1.0,-1.0,-1.0,-1.0,-1.0,-1.0,-1.0,-1.0,-1.0,-1.0,-1.0,-1.0,-1.0,-1.0,-1.0,-1.0,-1.0,-1.0,-1.0,-1.0,-1.0,-1.0,-1.0,-1.0,-1.0,-1.0,-1.0,-1.0,-1.0,-1.0,-1.0,-1.0,-1.0,-1.0,-1.0,-1.0,-1.0,-1.0,-1.0,-1.0,-1.0,-1.0,-1.0,-1.0,-1.0,-1.0,-1.0,-1.0,-1.0,-1.0,-1.0,-1.0,-1.0,-1.0,-1.0,-1.0,-1.0,-1.0,-1.0,-1.0,-1.0,-1.0,1.0,1.0,-1.0,-1.0,1.0,-1.0,-1.0,1.0,-1.0,-1.0,1.0,-1.0,-1.0,1.0,-1.0,-1.0,1.0,-1.0,-1.0,-1.0,-1.0,-1.0,-1.0,-1.0,-1.0,-1.0,-1.0,-1.0,-1.0,-1.0,-1.0,-1.0,-1.0,-1.0,-1.0,-1.0,-1.0,-1.0,-1.0,-1.0,1.0,-1.0,-1.0
-1.0,-1.0,-1.0,-1.0,-1.0,-1.0,-1.0,-1.0,-1.0,-1.0,-1.0,-1.0,-1.0,-1.0,-1.0,-1.0,-1.0,-1.0,-1.0,-1.0,-1.0,-1.0,-1.0,-1.0,-1.0,-1.0,-1.0,-1.0,-1.0,-1.0,-1.0,-1.0,-1.0,-1.0,-1.0,-1.0,-1.0,-1.0,-1.0,-1.0,-1.0,-1.0,-1.0,-1.0,-1.0,-1.0,-1.0,-1.0,-1.0,-1.0,-1.0,-1.0,-1.0,-1.0,-1.0,-1.0,-1.0,-1.0,-1.0,-1.0,-1.0,-1.0,-1.0,-1.0,-1.0,-1.0,-1.0,-1.0,-1.0,-1.0,-1.0,-1.0,-1.0,-1.0,-1.0,-1.0,-1.0,-1.0,-1.0,-1.0,-1.0,-1.0,-1.0,-1.0,-1.0,-1.0,-1.0,-1.0,-1.0,-1.0,-1.0,-1.0,-1.0,-1.0,-1.0,-1.0,-1.0,-1.0,-1.0,-1.0,-1.0,-1.0,-1.0,-1.0,-1.0,-1.0,-1.0,-1.0,-1.0,-1.0,-1.0,-1.0,-1.0,-1.0,-1.0,-1.0,-1.0,-1.0,-1.0,-1.0,-1.0,-1.0,-1.0,-1.0,-1.0,-1.0,-1.0,-1.0,-1.0,-1.0,-1.0,-1.0,-1.0,-1.0,-1.0,-1.0,-1.0,-1.0,-1.0,-1.0,-1.0,-1.0,-1.0,-1.0,-1.0,-1.0,-1.0,-1.0,-1.0,-1.0,-1.0,-1.0,-1.0,-1.0,-1.0,-1.0,-1.0,-1.0,-1.0,-1.0,-1.0,-1.0,-1.0,-1.0,-1.0,-1.0,-1.0,-1.0,-1.0,-1.0,-1.0,-1.0,-1.0,-1.0,-1.0,-1.0,-1.0,-1.0,-1.0,-1.0,-1.0,-1.0,-1.0,-1.0,-1.0,-1.0,-1.0,-1.0,-1.0,-1.0,-1.0,-1.0,-1.0,-1.0,-1.0,-1.0,-1.0,-1.0,-1.0,-1.0,-1.0,-1.0,-1.0,-1.0,-1.0,-1.0,-1.0,-1.0,-1.0,-1.0,-1.0,-1.0,-1.0,-1.0,-1.0,-1.0,-1.0,-1.0,-1.0,-1.0,-1.0,-1.0,-1.0,-1.0,-1.0,-1.0,-1.0
-1.0,-1.0,-1.0,-1.0,-1.0,-1.0,-1.0,-1.0,-1.0,-1.0,-1.0,-1.0,-1.0,-1.0,-1.0,-1.0,-1.0,-1.0,-1.0,-1.0,-1.0,-1.0,-1.0,-1.0,-1.0,-1.0,-1.0,-1.0,-1.0,-1.0,-1.0,-1.0,-1.0,-1.0,-1.0,-1.0,-1.0,-1.0,-1.0,-1.0,-1.0,-1.0,-1.0,-1.0,-1.0,-1.0,-1.0,-1.0,-1.0,-1.0,-1.0,-1.0,-1.0,-1.0,-1.0,-1.0,-1.0,-1.0,-1.0,-1.0,-1.0,-1.0,-1.0,-1.0,-1.0,-1.0,-1.0,-1.0,-1.0,-1.0,-1.0,-1.0,-1.0,-1.0,-1.0,-1.0,-1.0,-1.0,-1.0,-1.0,-1.0,-1.0,-1.0,-1.0,-1.0,-1.0,-1.0,-1.0,-1.0,-1.0,-1.0,-1.0,-1.0,-1.0,-1.0,-1.0,-1.0,-1.0,-1.0,-1.0,-1.0,-1.0,-1.0,-1.0,-1.0,-1.0,-1.0,-1.0,-1.0,-1.0,-1.0,-1.0,-1.0,-1.0,-1.0,-1.0,-1.0,-1.0,-1.0,-1.0,-1.0,-1.0,-1.0,-1.0,-1.0,-1.0,-1.0,-1.0,-1.0,-1.0,-1.0,-1.0,-1.0,-1.0,-1.0,-1.0,-1.0,-1.0,-1.0,-1.0,-1.0,-1.0,-1.0,-1.0,-1.0,-1.0,-1.0,-1.0,-1.0,-1.0,-1.0,-1.0,-1.0,-1.0,-1.0,-1.0,-1.0,-1.0,-1.0,-1.0,-1.0,-1.0,-1.0,-1.0,-1.0,-1.0,-1.0,-1.0,-1.0,-1.0,-1.0,-1.0,-1.0,-1.0,-1.0,-1.0,-1.0,-1.0,-1.0,-1.0,-1.0,-1.0,-1.0,-1.0,-1.0,-1.0,-1.0,-1.0,-1.0,-1.0,-1.0,-1.0,-1.0,-1.0,-1.0,-1.0,-1.0,-1.0,-1.0,-1.0,-1.0,-1.0,-1.0,-1.0,-1.0,-1.0,-1.0,-1.0,-1.0,-1.0,-1.0,-1.0,-1.0,-1.0,-1.0,-1.0,-1.0,-1.0,-1.0,-1.0,-1.0,-1.0,-1.0,-1.0,-1.0,-1.0,-1.0
-1.0,-1.0,-1.0,-1.0,-1.0,-1.0,-1.0,-1.0,-1.0,-1.0,-1.0,-1.0,-1.0,-1.0,-1.0,-1.0,-1.0,-1.0,-1.0,-1.0,-1.0,-1.0,-1.0,-1.0,-1.0,-1.0,-1.0,-1.0,-1.0,-1.0,-1.0,-1.0,-1.0,-1.0,-1.0,-1.0,-1.0,-1.0,-1.0,-1.0,-1.0,-1.0,-1.0,-1.0,-1.0,-1.0,-1.0,-1.0,-1.0,-1.0,-1.0,-1.0,-1.0,-1.0,-1.0,-1.0,-1.0,-1.0,-1.0,-1.0,-1.0,-1.0,-1.0,-1.0,-1.0,-1.0,-1.0,-1.0,-1.0,-1.0,-1.0,-1.0,-1.0,-1.0,-1.0,-1.0,-1.0,-1.0,-1.0,-1.0,-1.0,-1.0,-1.0,-1.0,-1.0,-1.0,-1.0,-1.0,-1.0,-1.0,-1.0,-1.0,-1.0,-1.0,-1.0,-1.0,-1.0,-1.0,-1.0,-1.0,-1.0,-1.0,-1.0,-1.0,-1.0,-1.0,-1.0,-1.0,-1.0,-1.0,-1.0,-1.0,-1.0,-1.0,-1.0,-1.0,-1.0,-1.0,-1.0,-1.0,-1.0,-1.0,-1.0,-1.0,-1.0,-1.0,-1.0,-1.0,-1.0,-1.0,-1.0,-1.0,-1.0,-1.0,-1.0,-1.0,-1.0,-1.0,-1.0,-1.0,-1.0,-1.0,-1.0,-1.0,-1.0,-1.0,-1.0,-1.0,-1.0,-1.0,-1.0,-1.0,-1.0,-1.0,-1.0,-1.0,-1.0,-1.0,-1.0,-1.0,-1.0,-1.0,-1.0,-1.0,-1.0,-1.0,-1.0,-1.0,-1.0,-1.0,-1.0,-1.0,-1.0,-1.0,-1.0,-1.0,-1.0,-1.0,-1.0,-1.0,-1.0,-1.0,-1.0,-1.0,-1.0,-1.0,-1.0,-1.0,-1.0,-1.0,-1.0,-1.0,-1.0,-1.0,-1.0,-1.0,-1.0,-1.0,-1.0,-1.0,-1.0,-1.0,-1.0,-1.0,-1.0,-1.0,-1.0,-1.0,-1.0,-1.0,-1.0,-1.0,-1.0,-1.0,-1.0,-1.0,-1.0,-1.0,-1.0,-1.0,-1.0,-1.0,-1.0,-1.0,-1.0,-1.0,-1.0
-1.0,-1.0,-1.0,-1.0,-1.0,-1.0,-1.0,-1.0,-1.0,-1.0,-1.0,-1.0,-1.0,-1.0,-1.0,-1.0,-1.0,-1.0,-1.0,-1.0,-1.0,-1.0,-1.0,-1.0,-1.0,-1.0,-1.0,-1.0,-1.0,-1.0,-1.0,-1.0,-1.0,-1.0,-1.0,-1.0,-1.0,-1.0,-1.0,-1.0,-1.0,-1.0,-1.0,-1.0,-1.0,-1.0,-1.0,-1.0,-1.0,-1.0,-1.0,-1.0,-1.0,-1.0,-1.0,-1.0,-1.0,-1.0,-1.0,-1.0,-1.0,-1.0,-1.0,-1.0,-1.0,-1.0,-1.0,-1.0,-1.0,-1.0,-1.0,-1.0,-1.0,-1.0,-1.0,-1.0,-1.0,-1.0,-1.0,-1.0,-1.0,-1.0,-1.0,-1.0,-1.0,-1.0,-1.0,-1.0,-1.0,-1.0,-1.0,-1.0,-1.0,-1.0,-1.0,-1.0,-1.0,-1.0,-1.0,-1.0,-1.0,-1.0,-1.0,-1.0,-1.0,-1.0,-1.0,-1.0,-1.0,-1.0,-1.0,-1.0,-1.0,-1.0,-1.0,-1.0,-1.0,-1.0,-1.0,-1.0,-1.0,-1.0,-1.0,-1.0,-1.0,-1.0,-1.0,-1.0,-1.0,-1.0,-1.0,-1.0,-1.0,-1.0,-1.0,-1.0,-1.0,-1.0,-1.0,-1.0,-1.0,-1.0,-1.0,-1.0,-1.0,-1.0,-1.0,-1.0,-1.0,-1.0,-1.0,-1.0,-1.0,-1.0,-1.0,-1.0,-1.0,-1.0,-1.0,-1.0,-1.0,-1.0,-1.0,-1.0,-1.0,-1.0,-1.0,-1.0,-1.0,-1.0,-1.0,-1.0,-1.0,-1.0,-1.0,-1.0,-1.0,-1.0,-1.0,-1.0,-1.0,-1.0,-1.0,-1.0,-1.0,-1.0,-1.0,-1.0,-1.0,-1.0,-1.0,-1.0,-1.0,-1.0,-1.0,-1.0,-1.0,-1.0,-1.0,-1.0,-1.0,-1.0,-1.0,-1.0,-1.0,-1.0,-1.0,-1.0,-1.0,-1.0,-1.0,-1.0,-1.0,-1.0,-1.0,-1.0,-1.0,-1.0,-1.0,-1.0,-1.0,-1.0,-1.0,-1.0,-1.0,-1.0,-1.0
-1.0,-1.0,-1.0,-1.0,-1.0,-1.0,-1.0,-1.0,-1.0,-1.0,-1.0,-1.0,-1.0,-1.0,-1.0,-1.0,-1.0,-1.0,-1.0,-1.0,-1.0,-1.0,-1.0,-1.0,-1.0,-1.0,-1.0,-1.0,-1.0,-1.0,-1.0,-1.0,-1.0,-1.0,-1.0,-1.0,-1.0,-1.0,-1.0,-1.0,-1.0,-1.0,-1.0,-1.0,-1.0,-1.0,-1.0,-1.0,-1.0,-1.0,-1.0,-1.0,-1.0,-1.0,-1.0,-1.0,-1.0,1.0,-1.0,-1.0,-1.0,-1.0,-1.0,-1.0,-1.0,-1.0,-1.0,-1.0,-1.0,-1.0,-1.0,-1.0,-1.0,-1.0,-1.0,-1.0,-1.0,-1.0,-1.0,-1.0,-1.0,-1.0,-1.0,-1.0,-1.0,-1.0,-1.0,-1.0,-1.0,-1.0,-1.0,-1.0,-1.0,-1.0,-1.0,-1.0,-1.0,-1.0,-1.0,-1.0,-1.0,-1.0,-1.0,-1.0,-1.0,-1.0,-1.0,-1.0,-1.0,-1.0,-1.0,-1.0,-1.0,-1.0,-1.0,-1.0,-1.0,-1.0,-1.0,-1.0,-1.0,-1.0,-1.0,-1.0,-1.0,-1.0,-1.0,-1.0,-1.0,-1.0,-1.0,-1.0,-1.0,-1.0,-1.0,-1.0,-1.0,-1.0,-1.0,-1.0,-1.0,-1.0,-1.0,-1.0,-1.0,-1.0,-1.0,-1.0,-1.0,-1.0,-1.0,-1.0,-1.0,-1.0,-1.0,-1.0,-1.0,-1.0,-1.0,-1.0,-1.0,-1.0,-1.0,-1.0,-1.0,-1.0,-1.0,-1.0,-1.0,-1.0,-1.0,-1.0,-1.0,-1.0,-1.0,-1.0,-1.0,-1.0,-1.0,-1.0,-1.0,-1.0,-1.0,-1.0,-1.0,-1.0,-1.0,-1.0,-1.0,-1.0,-1.0,-1.0,-1.0,-1.0,-1.0,-1.0,-1.0,-1.0,-1.0,-1.0,-1.0,-1.0,-1.0,-1.0,-1.0,-1.0,-1.0,-1.0,-1.0,-1.0,-1.0,-1.0,-1.0,-1.0,-1.0,-1.0,-1.0,-1.0,-1.0,-1.0,-1.0,-1.0,-1.0,-1.0,-1.0,-1.0,-1.0
-1.0,-1.0,-1.0,-1.0,-1.0,-1.0,-1.0,-1.0,-1.0,-1.0,-1.0,-1.0,-1.0,-1.0,-1.0,-1.0,-1.0,-1.0,-1.0,-1.0,-1.0,-1.0,-1.0,-1.0,-1.0,-1.0,-1.0,-1.0,-1.0,-1.0,-1.0,-1.0,-1.0,-1.0,-1.0,-1.0,-1.0,-1.0,-1.0,-1.0,-1.0,-1.0,-1.0,-1.0,-1.0,-1.0,-1.0,-1.0,-1.0,-1.0,-1.0,-1.0,-1.0,-1.0,-1.0,-1.0,-1.0,-1.0,-1.0,-1.0,-1.0,-1.0,-1.0,-1.0,-1.0,-1.0,-1.0,-1.0,-1.0,-1.0,-1.0,-1.0,-1.0,-1.0,-1.0,-1.0,-1.0,-1.0,-1.0,-1.0,-1.0,-1.0,-1.0,-1.0,-1.0,-1.0,-1.0,-1.0,-1.0,-1.0,-1.0,-1.0,-1.0,-1.0,-1.0,-1.0,-1.0,-1.0,-1.0,-1.0,-1.0,-1.0,-1.0,-1.0,-1.0,-1.0,-1.0,-1.0,-1.0,-1.0,-1.0,-1.0,-1.0,-1.0,-1.0,-1.0,-1.0,-1.0,-1.0,-1.0,-1.0,-1.0,-1.0,-1.0,-1.0,-1.0,-1.0,-1.0,-1.0,-1.0,-1.0,-1.0,-1.0,-1.0,-1.0,-1.0,-1.0,-1.0,-1.0,-1.0,-1.0,-1.0,-1.0,-1.0,-1.0,-1.0,-1.0,-1.0,-1.0,-1.0,-1.0,-1.0,-1.0,-1.0,-1.0,-1.0,-1.0,-1.0,-1.0,-1.0,-1.0,-1.0,-1.0,-1.0,-1.0,-1.0,-1.0,-1.0,-1.0,-1.0,-1.0,-1.0,-1.0,-1.0,-1.0,-1.0,-1.0,-1.0,-1.0,-1.0,-1.0,-1.0,-1.0,-1.0,-1.0,-1.0,-1.0,-1.0,-1.0,-1.0,-1.0,-1.0,-1.0,-1.0,-1.0,-1.0,-1.0,-1.0,-1.0,-1.0,-1.0,-1.0,-1.0,-1.0,-1.0,-1.0,-1.0,-1.0,-1.0,-1.0,-1.0,-1.0,-1.0,-1.0,-1.0,-1.0,-1.0,-1.0,-1.0,-1.0,-1.0,-1.0,-1.0,-1.0,-1.0,-1.0,-1.0
