-1.0,-1.0,-1.0,1.0,-1.0,1.0,1.0,1.0,-1.0,-1.0,-1.0,-1.0,-1.0,-1.0,-1.0,-1.0,-1.0,-1.0,-1.0,-1.0,-1.0,1.0,1.0,1.0,1.0,1.0,1.0,1.0,1.0,1.0,1.0,1.0,1.0,1.0,1.0,1.0,1.0,1.0,-1.0,1.0,1.0,1.0,1.0,1.0,1.0,1.0,1.0,1.0,1.0,1.0,1.0,1.0,1.0,1.0,1.0,1.0,-1.0,-1.0,1.0,1.0,-1.0,-1.0,1.0,-1.0,-1.0,1.0,-1.0,1.0,-1.0,-1.0,-1.0,-1.0,-1.0,-1.0,-1.0,-1.0,-1.0,-1.0,-1.0,-1.0,-1.0,-1.0,1.0,-1.0,1.0,-1.0,1.0,-1.0,-1.0,-1.0,-1.0,-1.0,-1.0,-1.0,-1.0,-1.0,-1.0,-1.0,-1.0,-1.0,-1.0,-1.0,-1.0,-1.0,-1.0,-1.0,-1.0,-1.0,-1.0,-1.0,1.0,-1.0,-1.0,-1.0,-1.0,-1.0,-1.0,-1.0,-1.0,-1.0,-1.0,-1.0,-1.0,-1.0,-1.0,-1.0,-1.0,-1.0,-1.0,-1.0,-1.0,-1.0,-1.0,-1.0,-1.0,-1.0,-1.0,-1.0,-1.0,-1.0,-1.0,-1.0,-1.0,-1.0,-1.0,-1.0,-1.0,-1.0,-1.0,-1.0,-1.0,-1.0,-1.0,-1.0,-1.0,-1.0,-1.0,-1.0,-1.0,-1.0,-1.0,-1.0,-1.0,-1.0,1.0,-1.0,-1.0,-1.0,-1.0,-1.0,-1.0,-1.0,-1.0,-1.0,-1.0,-1.0,-1.0,-1.0,-1.0,-1.0,-1.0,-1.0,-1.0,-1.0,-1.0,-1.0,-1.0,-1.0,-1.0,-1.0,-1.0,-1.0,-1.0,-1.0,-1.0,-1.0,-1.0,-1.0,-1.0,-1.0,-1.0,-1.0,-1.0,-1.0,-1.0,-1.0,-1.0,-1.0,-1.0,-1.0,-1.0,-1.0,-1.0,-1.0,-1.0,-1.0,-1.0,-1.0,-1.0,-1.0,-1.0,-1.0,-1.0,-1.0,-1.0,-1.0,-1.0,-1.0,1.0,1.0,1.0,1.0,-1.0,-1.0,-1.0,-1.0,-1.0,1.0,-1.0,1.0,-1.0,-1.0,-1.0,1.0,1.0,-1.0,1.0,-1.0,-1.0,-1.0,-1.0,1.0,-1.0,-1.0,1.0,-1.0,-1.0,1.0,1.0,-1.0,1.0,1.0,-1.0,-1.0,1.0,-1.0,1.0,1.0,1.0,1.0,1.0,-1.0,-1.0,-1.0,1.0,1.0,1.0,-1.0,-1.0,1.0,1.0,1.0,-1.0,-1.0,-1.0,-1.0,-1.0,-1.0,-1.0,-1.0,-1.0,-1.0,1.0,-1.0,-1.0,-1.0,-1.0,1.0,-1.0,1.0,-1.0,-1.0
-1.0,-1.0,-1.0,-1.0,-1.0,-1.0,-1.0,-1.0,-1.0,-1.0,-1.0,-1.0,-1.0,-1.0,-1.0,-1.0,-1.0,-1.0,-1.0,-1.0,-1.0,-1.0,-1.0,-1.0,-1.0,-1.0,-1.0,-1.0,-1.0,-1.0,-1.0,-1.0,-1.0,-1.0,-1.0,-1.0,-1.0,-1.0,-1.0,-1.0,-1.0,-1.0,-1.0,-1.0,-1.0,-1.0,-1.0,-1.0,-1.0,-1.0,-1.0,-1.0,-1.0,-1.0,-1.0,-1.0,-1.0,-1.0,-1.0,-1.0,-1.0,-1.0,-1.0,-1.0,-1.0,-1.0,-1.0,-1.0,-1.0,-1.0,-1.0,-1.0,-1.0,-1.0,-1.0,-1.0,-1.0,-1.0,-1.0,-1.0,-1.0,-1.0,-1.0,-1.0,-1.0,-1.0,-1.0,-1.0,-1.0,-1.0,-1.0,-1.0,-1.0,-1.0,-1.0,-1.0,-1.0,-1.0,-1.0,-1.0,-1.0,-1.0,-1.0,-1.0,-1.0,-1.0,-1.0,-1.0,-1.0,-1.0,-1.0,-1.0,-1.0,-1.0,-1.0,-1.0,-1.0,-1.0,-1.0,-1.0,-1.0,-1.0,-1.0,-1.0,-1.0,-1.0,-1.0,-1.0,-1.0,-1.0,-1.0,-1.0,-1.0,-1.0,-1.0,-1.0,-1.0,-1.0,-1.0,-1.0,-1.0,-1.0,-1.0,-1.0,-1.0,-1.0,-1.0,-1.0,-1.0,-1.0,-1.0,-1.0,-1.0,-1.0,-1.0,-1.0,-1.0,-1.0,-1.0,-1.0,-1.0,-1.0,-1.0,-1.0,-1.0,-1.0,-1.0,-1.0,-1.0,-1.0,-1.0,-1.0,-1.0,-1.0,-1.0,-1.0,-1.0,-1.0,-1.0,-1.0,-1.0,-1.0,-1.0,-1.0,-1.0,-1.0,-1.0,-1.0,-1.0,-1.0,-1.0,-1.0,-1.0,-1.0,-1.0,-1.0,-1.0,-1.0,-1.0,-1.0,-1.0,-1.0,-1.0,-1.0,-1.0,-1.0,-1.0,-1.0,-1.0,-1.0,-1.0,-1.0,-1.0,-1.0,-1.0,-1.0,-1.0,-1.0,-1.0,-1.0,-1.0,-1.0,-1.0,-1.0,-1.0,-1.0,-1.0,-1.0,-1.0,-1.0,-1.0,-1.0,-1.0,-1.0,-1.0,-1.0,-1.0,-1.0,-1.0,-1.0,-1.0,-1.0,-1.0,-1.0,-1.0,-1.0,-1.0,-1.0,-1.0,-1.0,-1.0,-1.0,-1.0,-1.0,-1.0,-1.0,-1.0,-1.0,-1.0,-1.0,-1.0,-1.0,-1.0,-1.0,-1.0,-1.0,-1.0,-1.0,-1.0,-1.0,-1.0,-1.0,-1.0,-1.0,-1.0,-1.0,-1.0,-1.0,-1.0,-1.0,-1.0,-1.0,-1.0,-1.0,-1.0,-1.0,-1.0,-1.0,-1.0,-1.0,-1.0,-1.0,-1.0,-1.0,-1.0,-1.0,-1.0,-1.0,-1.0,-1.0,-1.0,-1.0
0.0,0.0,0.0,0.0,0.0,0.0,0.0,0.0,0.0,0.0,0.0,0.0,0.0,0.0,0.0,0.0,0.0,0.0,0.0,0.0,0.0,0.0,0.0,0.0,0.0,0.0,0.0,0.0,0.0,0.0,0.0,0.0,0.0,0.0,0.0,0.0,0.0,0.0,0.0,0.0,0.0,0.0,0.0,0.0,0.0,0.0,0.0,0.0,0.0,0.0,0.0,0.0,0.0,0.0,0.0,0.0,0.0,0.0,0.0,0.0,0.0,0.0,0.0,0.0,0.0,0.0,0.0,0.0,0.0,0.0,0.0,0.0,0.0,0.0,0.0,0.0,0.0,0.0,0.0,0.0,0.0,0.0,0.0,0.0,0.0,0.0,0.0,0.0,0.0,0.0,0.0,0.0,0.0,0.0,0.0,0.0,0.0,0.0,0.0,0.0,0.0,0.0,0.0,0.0,0.0,0.0,0.0,0.0,0.0,0.0,0.0,0.0,0.0,0.0,0.0,0.0,0.0,0.0,0.0,0.0,0.0,0.0,0.0,0.0,0.0,0.0,0.0,0.0,0.0,0.0,0.0,0.0,0.0,0.0,0.0,0.0,0.0,0.0,0.0,0.0,0.0,0.0,0.0,0.0,0.0,0.0,0.0,0.0,0.0,0.0,0.0,0.0,0.0,0.0,0.0,0.0,0.0,0.0,0.0,0.0,0.0,0.0,0.0,0.0,0.0,0.0,0.0,0.0,0.0,0.0,0.0,0.0,0.0,0.0,0.0,0.0,0.0,0.0,0.0,0.0,0.0,0.0,0.0,0.0,0.0,0.0,0.0,0.0,0.0,0.0,0.0,0.0,0.0,0.0,0.0,0.0,0.0,0.0,0.0,0.0,0.0,0.0,0.0,0.0,0.0,0.0,0.0,0.0,0.0,0.0,0.0,0.0,0.0,0.0,0.0,0.0,0.0,0.0,0.0,0.0,0.0,0.0,0.0,0.0,0.0,0.0,0.0,0.0,0.0,0.0,0.0,0.0,0.0,0.0,0.0,0.0,0.0,0.0,0.0,0.0,0.0,0.0,0.0,0.0,0.0,0.0,0.0,0.0,0.0,0.0,0.0,0.0,0.0,0.0,0.0,0.0,0.0,0.0,0.0,0.0,0.0,0.0,0.0,0.0,0.0,0.0,0.0,0.0,0.0,0.0,0.0,0.0,0.0,0.0,0.0,0.0,0.0,0.0,0.0,0.0,0.0,0.0,0.0,0.0,0.0,0.0,0.0,0.0,0.0,0.0,0.0,0.0,0.0,0.0,0.0,0.0,0.0,0.0,0.0,0.0,0.0,0.0
0.30918791307372295,0.30918791307372295,0.30918791307372295,0.30918791307372295,0.30918791307372295,0.30918791307372295,0.30918791307372295,0.30918791307372295,0.30918791307372295,0.30918791307372295,0.30918791307372295,0.30918791307372295,0.30918791307372295,0.30918791307372295,0.30918791307372295,0.30918791307372295,0.30918791307372295,0.30918791307372295,0.30918791307372295,0.30918791307372295,0.30918791307372295,0.30918791307372295,0.30918791307372295,0.30918791307372295,0.30918791307372295,0.30918791307372295,0.30918791307372295,0.30918791307372295,0.30918791307372295,0.30918791307372295,0.30918791307372295,0.30918791307372295,0.30918791307372295,0.30918791307372295,0.30918791307372295,0.30918791307372295,0.30918791307372295,0.30918791307372295,0.30918791307372295,0.30918791307372295,0.30918791307372295,0.30918791307372295,0.30918791307372295,0.30918791307372295,0.30918791307372295,0.30918791307372295,0.30918791307372295,0.30918791307372295,0.30918791307372295,0.30918791307372295,0.30918791307372295,0.30918791307372295,0.30918791307372295,0.30918791307372295,0.30918791307372295,0.30918791307372295,-3.234513096367228,0.30918791307372295,0.30918791307372295,0.30918791307372295,0.30918791307372295,0.30918791307372295,0.30918791307372295,0.30918791307372295,0.30918791307372295,0.30918791307372295,0.30918791307372295,0.30918791307372295,0.30918791307372295,0.30918791307372295,0.30918791307372295,0.30918791307372295,0.30918791307372295,0.30918791307372295,0.30918791307372295,0.30918791307372295,0.30918791307372295,0.30918791307372295,0.30918791307372295,0.30918791307372295,0.30918791307372295,0.30918791307372295,0.30918791307372295,0.30918791307372295,-3.234513096367228,0.30918791307372295,0.30918791307372295,0.30918791307372295,0.30918791307372295,0.30918791307372295,0.30918791307372295,0.30918791307372295,0.30918791307372295,0.30918791307372295,0.30918791307372295,0.30918791307372295,0.30918791307372295,0.30918791307372295,0.30918791307372295,0.30918791307372295,0.30918791307372295,0.30918791307372295,0.30918791307372295,0.30918791307372295,0.30918791307372295,0.30918791307372295,0.30918791307372295,0.30918791307372295,0.30918791307372295,0.30918791307372295,0.30918791307372295,0.30918791307372295,0.30918791307372295,0.30918791307372295,0.30918791307372295,0.30918791307372295,0.30918791307372295,0.30918791307372295,0.30918791307372295,0.30918791307372295,0.30918791307372295,0.30918791307372295,0.30918791307372295,0.30918791307372295,0.30918791307372295,0.30918791307372295,0.30918791307372295,0.30918791307372295,0.30918791307372295,0.30918791307372295,0.30918791307372295,0.30918791307372295,0.30918791307372295,0.30918791307372295,0.30918791307372295,0.30918791307372295,0.30918791307372295,0.30918791307372295,0.30918791307372295,0.30918791307372295,0.30918791307372295,0.30918791307372295,-3.234513096367228,0.30918791307372295,-3.234513096367228,0.30918791307372295,0.30918791307372295,0.30918791307372295,0.30918791307372295,0.30918791307372295,0.30918791307372295,0.30918791307372295,0.30918791307372295,0.30918791307372295,0.30918791307372295,0.30918791307372295,0.30918791307372295,0.30918791307372295,0.30918791307372295,0.30918791307372295,-3.234513096367228,0.30918791307372295,0.30918791307372295,0.30918791307372295,0.30918791307372295,0.30918791307372295,0.30918791307372295,0.30918791307372295,0.30918791307372295,0.30918791307372295,0.30918791307372295,0.30918791307372295,0.30918791307372295,0.30918791307372295,0.30918791307372295,0.30918791307372295,0.30918791307372295,0.30918791307372295,0.30918791307372295,0.30918791307372295,0.30918791307372295,0.30918791307372295,0.30918791307372295,0.30918791307372295,-3.234513096367228,0.30918791307372295,0.30918791307372295,0.30918791307372295,0.30918791307372295,0.30918791307372295,0.30918791307372295,0.30918791307372295,0.30918791307372295,0.30918791307372295,0.30918791307372295,0.30918791307372295,0.30918791307372295,0.30918791307372295,0.30918791307372295,0.30918791307372295,0.30918791307372295,0.30918791307372295,0.30918791307372295,0.30918791307372295,0.30918791307372295,0.30918791307372295,0.30918791307372295,0.30918791307372295,0.30918791307372295,0.30918791307372295,0.30918791307372295,0.30918791307372295,0.30918791307372295,0.30918791307372295,0.30918791307372295,0.30918791307372295,0.30918791307372295,0.30918791307372295,-3.234513096367228,0.30918791307372295,0.30918791307372295,0.30918791307372295,0.30918791307372295,0.30918791307372295,0.30918791307372295,0.30918791307372295,0.30918791307372295,0.30918791307372295,0.30918791307372295,0.30918791307372295,0.30918791307372295,0.30918791307372295,0.30918791307372295,0.30918791307372295,0.30918791307372295,0.30918791307372295,0.30918791307372295,0.30918791307372295,0.30918791307372295,0.30918791307372295,0.30918791307372295,0.30918791307372295,0.30918791307372295,0.30918791307372295,0.30918791307372295,0.30918791307372295,0.30918791307372295,0.30918791307372295,0.30918791307372295,0.30918791307372295,0.30918791307372295,0.30918791307372295,0.30918791307372295,0.30918791307372295,-3.234513096367228,0.30918791307372295,0.30918791307372295,0.30918791307372295,0.30918791307372295,0.30918791307372295,0.30918791307372295,0.30918791307372295,0.30918791307372295,0.30918791307372295,0.30918791307372295,0.30918791307372295,0.30918791307372295,0.30918791307372295,0.30918791307372295,0.30918791307372295,0.30918791307372295,0.30918791307372295,0.30918791307372295,0.30918791307372295,0.30918791307372295,0.30918791307372295,0.30918791307372295,0.30918791307372295,0.30918791307372295,0.30918791307372295,0.30918791307372295,0.30918791307372295,0.30918791307372295,0.30918791307372295,0.30918791307372295,0.30918791307372295,0.30918791307372295,0.30918791307372295,0.30918791307372295,0.30918791307372295,0.30918791307372295,0.30918791307372295,0.30918791307372295,0.30918791307372295,0.30918791307372295,0.30918791307372295,0.30918791307372295,0.30918791307372295,0.30918791307372295,0.30918791307372295,0.30918791307372295,0.30918791307372295
-0.10149845550216545,-0.6767243314855225,1.6526141078838175,-0.6767243314855225,-0.10149845550216545,-0.6767243314855225,-1.2519502074688795,-0.3402387645907802,0.23498711139257678,-0.6767243314855225,-0.6767243314855225,0.7380043757662827,-0.6767243314855225,-0.6767243314855225,-0.3402387645907802,0.08368291488307082,-0.6767243314855225,-0.6767243314855225,-0.6767243314855225,-1.2519502074688795,-0.3402387645907802,-0.6767243314855225,-1.2519502074688795,-0.6767243314855225,-0.6767243314855225,-0.6767243314855225,-0.6767243314855225,-1.2519502074688795,-1.2519502074688795,-1.2519502074688795,-0.6767243314855225,-1.2519502074688795,-0.6767243314855225,-1.2519502074688795,-1.2519502074688795,-0.6767243314855225,-1.2519502074688795,-0.6767243314855225,-1.2519502074688795,-0.6767243314855225,-1.2519502074688795,-0.6767243314855225,-0.6767243314855225,-0.6767243314855225,-0.6767243314855225,-1.2519502074688795,-1.2519502074688795,-1.2519502074688795,-0.6767243314855225,-1.2519502074688795,-0.6767243314855225,-1.2519502074688795,-1.2519502074688795,-0.6767243314855225,-1.2519502074688795,-0.6767243314855225,0.0,0.36291298676789485,-1.2519502074688795,-0.6767243314855225,-1.2519502074688795,0.23498711139257678,-0.3402387645907802,-0.10149845550216545,-0.10149845550216545,-1.2519502074688795,-0.3402387645907802,-1.2519502074688795,-0.10149845550216545,0.36291298676789485,-1.2519502074688795,-1.2519502074688795,-1.2519502074688795,-1.2519502074688795,0.23498711139257678,1.6526141078838175,-0.10149845550216545,1.6526141078838175,1.5978317049669264,-0.10149845550216545,1.1915676175655106,0.08368291488307082,-1.2519502074688795,0.4737274204811915,0.0,1.0489532964645487,-1.2519502074688795,1.274624429645994,1.1915676175655106,-0.3402387645907802,-0.6767243314855225,-0.6767243314855225,-0.3402387645907802,-0.6767243314855225,-0.10149845550216545,-0.6767243314855225,0.9381388627512518,-1.2519502074688795,0.5714726782873192,1.6526141078838175,1.6526141078838175,0.08368291488307082,1.6526141078838175,0.23498711139257678,1.6526141078838175,1.6526141078838175,1.6526141078838175,0.9381388627512518,1.6526141078838175,0.9381388627512518,-1.2519502074688795,1.350119681269004,1.6497158186443819,0.23498711139257678,1.0992641859387686,0.6589087908664282,0.23498711139257678,0.5714726782873192,-0.6767243314855225,-1.2519502074688795,-1.2519502074688795,-1.2519502074688795,-1.2519502074688795,-0.3402387645907802,1.0489532964645487,0.23498711139257678,1.4518643469057944,-0.6767243314855225,1.6526141078838175,-0.6767243314855225,1.5424861659638789,-0.3402387645907802,-0.3402387645907802,1.6526141078838175,1.274624429645994,0.8766384709224371,-1.2519502074688795,0.4737274204811915,-0.10149845550216545,1.1915676175655106,1.6526141078838175,-0.6767243314855225,0.0,-1.2519502074688795,0.0,1.6526141078838175,1.419316037235021,1.5424861659638789,-0.6767243314855225,1.6526141078838175,0.6589087908664282,0.5714726782873192,1.6526141078838175,-0.3402387645907802,1.6526141078838175,-1.2519502074688795,-0.10149845550216545,1.6526141078838175,-0.3402387645907802,-1.2519502074688795,0.0,0.36291298676789485,1.3854388633592911,0.08368291488307082,-1.2519502074688795,1.31323025174964,1.0489532964645487,-1.2519502074688795,1.6526141078838175,0.36291298676789485,1.419316037235021,1.6526141078838175,0.6589087908664282,1.0992641859387686,0.6589087908664282,0.23498711139257678,0.36291298676789485,1.419316037235021,1.6526141078838175,1.6526141078838175,-0.10149845550216545,1.0992641859387686,1.31323025174964,-0.6767243314855225,0.0,1.6526141078838175,0.4737274204811915,0.4737274204811915,-1.2519502074688795,1.6526141078838175,1.6526141078838175,1.6526141078838175,1.6526141078838175,1.6526141078838175,0.23498711139257678,1.6526141078838175,1.6526141078838175,1.0489532964645487,1.6526141078838175,0.4737274204811915,0.08368291488307082,-1.2519502074688795,-1.2519502074688795,-1.2519502074688795,-1.2519502074688795,1.6526141078838175,1.6526141078838175,1.6526141078838175,-0.6767243314855225,0.8766384709224371,1.6526141078838175,1.6241791724479058,-1.2519502074688795,1.1915676175655106,0.6589087908664282,1.6526141078838175,1.0992641859387686,0.36291298676789485,0.0,1.4831841211654184,1.6526141078838175,-0.10149845550216545,1.6526141078838175,1.6526141078838175,1.6526141078838175,1.6526141078838175,-0.3402387645907802,-0.6767243314855225,0.9381388627512518,0.8766384709224371,0.810212987375934,0.7380043757662827,-0.10149845550216545,0.4737274204811915,-0.6767243314855225,0.9381388627512518,0.7380043757662827,0.7380043757662827,0.4737274204811915,0.810212987375934,0.8766384709224371,0.9953943577611701,1.0992641859387686,0.8766384709224371,0.9953943577611701,0.08368291488307082,-0.6767243314855225,-1.2519502074688795,-1.2519502074688795,-0.6767243314855225,0.36291298676789485,-0.6767243314855225,0.9953943577611701,-0.6767243314855225,0.0,-1.2519502074688795,-0.6767243314855225,0.9381388627512518,-1.2519502074688795,-0.6767243314855225,0.8766384709224371,-1.2519502074688795,-0.6767243314855225,0.8766384709224371,-1.2519502074688795,-0.6767243314855225,0.810212987375934,-1.2519502074688795,-0.6767243314855225,0.7380043757662827,-1.2519502074688795,-0.6767243314855225,-0.6767243314855225,-0.6767243314855225,0.8766384709224371,0.9953943577611701,-1.2519502074688795,-0.6767243314855225,-1.2519502074688795,-0.3402387645907802,-0.6767243314855225,-0.6767243314855225,-0.6767243314855225,-0.6767243314855225,-1.2519502074688795,-0.6767243314855225,-1.2519502074688795,-0.10149845550216545,-1.2519502074688795,-0.6767243314855225,0.08368291488307082,-0.10149845550216545,-0.6767243314855225,-0.3402387645907802,-0.3402387645907802,-0.3402387645907802,-1.2519502074688795,-0.6767243314855225,-0.10149845550216545,-0.3402387645907802,-1.2519502074688795,-1.2519502074688795
-0.4775130935520587,0.5719650796632643,0.04722599305560278,0.5719650796632643,-0.4775130935520587,0.5719650796632643,-1.0022521801597202,-1.0022521801597202,0.04722599305560278,0.04722599305560278,-1.0022521801597202,0.04722599305560278,-1.0022521801597202,0.04722599305560278,0.04722599305560278,-1.0022521801597202,-1.0022521801597202,-1.0022521801597202,0.04722599305560278,0.5719650796632643,-1.0022521801597202,0.04722599305560278,0.5719650796632643,-0.4775130935520587,0.5719650796632643,0.5719650796632643,0.04722599305560278,1.6214432528785871,0.04722599305560278,2.6709214260939103,1.0967041662709258,1.0967041662709258,0.5719650796632643,0.04722599305560278,2.6709214260939103,1.6214432528785871,2.6709214260939103,1.0967041662709258,-0.4775130935520587,0.04722599305560278,0.5719650796632643,-0.4775130935520587,0.5719650796632643,0.5719650796632643,0.04722599305560278,1.6214432528785871,0.04722599305560278,2.6709214260939103,1.0967041662709258,1.0967041662709258,0.5719650796632643,0.04722599305560278,2.6709214260939103,1.6214432528785871,2.6709214260939103,1.0967041662709258,-1.0,0.5719650796632643,-1.0022521801597202,1.0967041662709258,3.720399599309233,-1.0022521801597202,-0.4775130935520587,-0.4775130935520587,-0.4775130935520587,0.04722599305560278,0.04722599305560278,0.04722599305560278,0.04722599305560278,0.5719650796632643,0.5719650796632643,0.5719650796632643,2.1461823394862485,0.04722599305560278,0.04722599305560278,-0.4775130935520587,-0.4775130935520587,-0.4775130935520587,0.04722599305560278,1.0967041662709258,-0.4775130935520587,0.04722599305560278,-1.0022521801597202,0.04722599305560278,-1.0,-0.4775130935520587,-0.4775130935520587,0.04722599305560278,0.04722599305560278,-0.4775130935520587,-1.0022521801597202,0.5719650796632643,-1.0022521801597202,0.5719650796632643,-1.0022521801597202,0.04722599305560278,-1.0022521801597202,4.245138685916894,-0.4775130935520587,0.04722599305560278,0.04722599305560278,-0.4775130935520587,0.04722599305560278,-1.0022521801597202,-0.4775130935520587,-0.4775130935520587,-0.4775130935520587,-0.4775130935520587,-0.4775130935520587,-0.4775130935520587,-0.4775130935520587,-1.0022521801597202,-0.4775130935520587,0.04722599305560278,-0.4775130935520587,-1.0022521801597202,1.0967041662709258,-1.0022521801597202,-0.4775130935520587,-1.0022521801597202,-0.4775130935520587,-1.0022521801597202,0.04722599305560278,0.5719650796632643,-0.4775130935520587,-0.4775130935520587,-0.4775130935520587,1.6214432528785871,-0.4775130935520587,-1.0022521801597202,-0.4775130935520587,-0.4775130935520587,0.04722599305560278,-0.4775130935520587,0.04722599305560278,-0.4775130935520587,0.5719650796632643,-0.4775130935520587,-0.4775130935520587,-0.4775130935520587,0.04722599305560278,-1.0022521801597202,-1.0,0.5719650796632643,-1.0,-0.4775130935520587,-0.4775130935520587,-0.4775130935520587,-1.0022521801597202,-0.4775130935520587,-0.4775130935520587,-1.0022521801597202,0.04722599305560278,-1.0022521801597202,0.04722599305560278,-1.0022521801597202,-0.4775130935520587,0.04722599305560278,-0.4775130935520587,1.0967041662709258,-1.0,0.04722599305560278,0.04722599305560278,0.5719650796632643,-0.4775130935520587,-0.4775130935520587,-0.4775130935520587,-1.0022521801597202,-0.4775130935520587,-0.4775130935520587,0.04722599305560278,0.04722599305560278,-0.4775130935520587,-0.4775130935520587,-0.4775130935520587,-1.0022521801597202,0.04722599305560278,-0.4775130935520587,-0.4775130935520587,0.04722599305560278,-0.4775130935520587,0.04722599305560278,0.04722599305560278,-0.4775130935520587,-1.0,-0.4775130935520587,-1.0022521801597202,-0.4775130935520587,1.6214432528785871,-0.4775130935520587,-0.4775130935520587,0.5719650796632643,-0.4775130935520587,-0.4775130935520587,0.04722599305560278,0.04722599305560278,-0.4775130935520587,-1.0022521801597202,-0.4775130935520587,-0.4775130935520587,-0.4775130935520587,-1.0022521801597202,1.6214432528785871,-1.0022521801597202,0.5719650796632643,-0.4775130935520587,-0.4775130935520587,-0.4775130935520587,1.0967041662709258,-1.0022521801597202,0.04722599305560278,0.04722599305560278,0.5719650796632643,-0.4775130935520587,0.04722599305560278,-0.4775130935520587,0.04722599305560278,-0.4775130935520587,-1.0,0.04722599305560278,-0.4775130935520587,1.0967041662709258,0.04722599305560278,0.04722599305560278,-0.4775130935520587,-0.4775130935520587,-1.0022521801597202,1.0967041662709258,-0.4775130935520587,0.04722599305560278,-0.4775130935520587,-0.4775130935520587,-1.0022521801597202,-0.4775130935520587,-0.4775130935520587,-1.0022521801597202,-1.0022521801597202,-0.4775130935520587,0.04722599305560278,-0.4775130935520587,-1.0022521801597202,-1.0022521801597202,-0.4775130935520587,-0.4775130935520587,-0.4775130935520587,-0.4775130935520587,0.5719650796632643,0.04722599305560278,1.6214432528785871,-1.0022521801597202,-1.0022521801597202,0.5719650796632643,-0.4775130935520587,1.0967041662709258,-1.0,2.1461823394862485,-0.4775130935520587,-0.4775130935520587,-1.0022521801597202,0.5719650796632643,0.04722599305560278,-1.0022521801597202,0.5719650796632643,0.04722599305560278,-1.0022521801597202,1.0967041662709258,-0.4775130935520587,-1.0022521801597202,1.0967041662709258,-0.4775130935520587,-1.0022521801597202,-0.4775130935520587,0.04722599305560278,0.5719650796632643,-0.4775130935520587,-0.4775130935520587,-1.0022521801597202,0.04722599305560278,0.5719650796632643,-1.0022521801597202,0.5719650796632643,0.5719650796632643,3.720399599309233,0.5719650796632643,4.245138685916894,1.0967041662709258,1.0967041662709258,-1.0022521801597202,1.6214432528785871,-1.0022521801597202,-1.0022521801597202,1.0967041662709258,-0.4775130935520587,-0.4775130935520587,0.04722599305560278,-0.4775130935520587,-0.4775130935520587,-0.4775130935520587,0.04722599305560278,-0.4775130935520587,1.0967041662709258,1.6214432528785871
1.0,-1.0,1.0,-1.0,1.0,-1.0,-1.0,1.0,1.0,-1.0,-1.0,1.0,-1.0,-1.0,-1.0,1.0,-1.0,-1.0,-1.0,-1.0,-1.0,-1.0,-1.0,-1.0,-1.0,-1.0,-1.0,-1.0,-1.0,-1.0,-1.0,-1.0,-1.0,-1.0,-1.0,-1.0,-1.0,-1.0,-1.0,-1.0,-1.0,-1.0,-1.0,-1.0,-1.0,-1.0,-1.0,-1.0,-1.0,-1.0,-1.0,-1.0,-1.0,-1.0,-1.0,-1.0,-1.0,1.0,-1.0,-1.0,-1.0,-1.0,1.0,1.0,1.0,-1.0,-1.0,-1.0,1.0,1.0,-1.0,-1.0,-1.0,-1.0,-1.0,1.0,-1.0,1.0,1.0,-1.0,1.0,-1.0,-1.0,1.0,-1.0,1.0,-1.0,1.0,1.0,-1.0,-1.0,-1.0,-1.0,-1.0,1.0,-1.0,1.0,-1.0,1.0,1.0,1.0,1.0,1.0,1.0,1.0,1.0,1.0,1.0,1.0,1.0,-1.0,1.0,1.0,1.0,1.0,1.0,1.0,1.0,-1.0,-1.0,-1.0,-1.0,-1.0,-1.0,1.0,1.0,1.0,-1.0,1.0,-1.0,1.0,1.0,-1.0,1.0,1.0,1.0,-1.0,1.0,1.0,1.0,1.0,-1.0,-1.0,-1.0,-1.0,1.0,1.0,1.0,-1.0,1.0,1.0,1.0,1.0,1.0,1.0,-1.0,1.0,1.0,1.0,-1.0,-1.0,1.0,1.0,1.0,-1.0,1.0,1.0,-1.0,1.0,1.0,1.0,1.0,1.0,1.0,1.0,1.0,1.0,1.0,1.0,1.0,1.0,1.0,1.0,-1.0,-1.0,1.0,1.0,1.0,-1.0,1.0,1.0,1.0,1.0,1.0,1.0,1.0,1.0,1.0,1.0,1.0,1.0,1.0,-1.0,1.0,-1.0,1.0,1.0,1.0,-1.0,1.0,1.0,1.0,-1.0,1.0,1.0,1.0,1.0,1.0,-1.0,1.0,1.0,-1.0,1.0,1.0,1.0,1.0,-1.0,-1.0,1.0,1.0,1.0,1.0,1.0,1.0,-1.0,1.0,1.0,1.0,1.0,1.0,1.0,1.0,1.0,1.0,1.0,1.0,-1.0,-1.0,-1.0,-1.0,1.0,-1.0,1.0,-1.0,-1.0,-1.0,-1.0,1.0,-1.0,-1.0,1.0,-1.0,-1.0,1.0,-1.0,-1.0,1.0,-1.0,-1.0,1.0,-1.0,-1.0,1.0,-1.0,1.0,1.0,-1.0,-1.0,-1.0,1.0,-1.0,-1.0,-1.0,-1.0,-1.0,-1.0,-1.0,1.0,-1.0,-1.0,1.0,-1.0,-1.0,-1.0,1.0,-1.0,-1.0,-1.0,-1.0,1.0,-1.0,-1.0
1.0,-1.0,-1.0,-1.0,-1.0,-1.0,-1.0,-1.0,-1.0,-1.0,-1.0,-1.0,-1.0,-1.0,-1.0,-1.0,-1.0,-1.0,-1.0,-1.0,-1.0,-1.0,-1.0,-1.0,-1.0,-1.0,-1.0,-1.0,-1.0,-1.0,-1.0,-1.0,-1.0,-1.0,-1.0,-1.0,-1.0,-1.0,-1.0,-1.0,-1.0,-1.0,-1.0,-1.0,-1.0,-1.0,-1.0,-1.0,-1.0,-1.0,-1.0,-1.0,-1.0,-1.0,-1.0,-1.0,-1.0,-1.0,-1.0,1.0,-1.0,-1.0,-1.0,-1.0,-1.0,-1.0,-1.0,-1.0,-1.0,-1.0,-1.0,-1.0,-1.0,-1.0,-1.0,-1.0,1.0,-1.0,-1.0,1.0,-1.0,-1.0,-1.0,-1.0,-1.0,-1.0,-1.0,-1.0,-1.0,-1.0,-1.0,-1.0,1.0,1.0,-1.0,1.0,-1.0,-1.0,-1.0,-1.0,-1.0,1.0,-1.0,-1.0,-1.0,-1.0,-1.0,-1.0,-1.0,-1.0,-1.0,-1.0,-1.0,-1.0,-1.0,-1.0,-1.0,-1.0,-1.0,-1.0,-1.0,-1.0,-1.0,1.0,-1.0,-1.0,-1.0,1.0,-1.0,-1.0,-1.0,-1.0,1.0,-1.0,-1.0,-1.0,-1.0,-1.0,1.0,-1.0,-1.0,1.0,-1.0,-1.0,-1.0,-1.0,-1.0,-1.0,-1.0,-1.0,-1.0,-1.0,-1.0,-1.0,-1.0,-1.0,-1.0,-1.0,-1.0,-1.0,-1.0,-1.0,-1.0,-1.0,-1.0,-1.0,-1.0,-1.0,-1.0,-1.0,-1.0,-1.0,-1.0,-1.0,-1.0,-1.0,-1.0,-1.0,-1.0,-1.0,-1.0,-1.0,-1.0,-1.0,-1.0,-1.0,-1.0,-1.0,-1.0,-1.0,-1.0,-1.0,-1.0,-1.0,-1.0,-1.0,-1.0,-1.0,-1.0,-1.0,1.0,-1.0,-1.0,-1.0,-1.0,-1.0,-1.0,-1.0,-1.0,-1.0,-1.0,-1.0,-1.0,-1.0,-1.0,-1.0,-1.0,-1.0,-1.0,-1.0,-1.0,-1.0,-1.0,-1.0,-1.0,-1.0,-1.0,-1.0,-1.0,-1.0,-1.0,-1.0,-1.0,-1.0,-1.0,-1.0,-1.0,-1.0,-1.0,-1.0,-1.0,-1.0,-1.0,-1.0,-1.0,-1.0,-1.0,-1.0,-1.0,-1.0,-1.0,-1.0,-1.0,-1.0,-1.0,-1.0,-1.0,-1.0,-1.0,1.0,-1.0,-1.0,1.0,-1.0,-1.0,1.0,-1.0,-1.0,1.0,-1.0,-1.0,1.0,-1.0,-1.0,-1.0,-1.0,-1.0,1.0,-1.0,-1.0,-1.0,-1.0,-1.0,-1.0,-1.0,-1.0,-1.0,-1.0,-1.0,-1.0,-1.0,-1.0,1.0,1.0,-1.0,1.0,-1.0,1.0,-1.0,-1.0,-1.0,-1.0
-1.0,-1.0,-1.0,-1.0,-1.0,-1.0,-1.0,-1.0,-1.0,-1.0,-1.0,-1.0,-1.0,-1.0,-1.0,-1.0,-1.0,-1.0,-1.0,-1.0,-1.0,-1.0,-1.0,-1.0,-1.0,-1.0,-1.0,-1.0,-1.0,-1.0,-1.0,-1.0,-1.0,-1.0,-1.0,-1.0,-1.0,-1.0,-1.0,-1.0,-1.0,-1.0,-1.0,-1.0,-1.0,-1.0,-1.0,-1.0,-1.0,-1.0,-1.0,-1.0,-1.0,-1.0,-1.0,-1.0,-1.0,-1.0,-1.0,-1.0,-1.0,-1.0,-1.0,-1.0,-1.0,-1.0,-1.0,-1.0,-1.0,-1.0,-1.0,-1.0,-1.0,-1.0,-1.0,-1.0,-1.0,-1.0,-1.0,-1.0,-1.0,1.0,-1.0,-1.0,-1.0,-1.0,-1.0,-1.0,-1.0,-1.0,-1.0,-1.0,-1.0,-1.0,1.0,-1.0,-1.0,-1.0,-1.0,-1.0,-1.0,-1.0,-1.0,-1.0,-1.0,-1.0,-1.0,-1.0,-1.0,-1.0,-1.0,-1.0,-1.0,-1.0,-1.0,-1.0,-1.0,-1.0,-1.0,-1.0,-1.0,-1.0,-1.0,-1.0,-1.0,-1.0,-1.0,-1.0,-1.0,-1.0,-1.0,-1.0,-1.0,-1.0,-1.0,-1.0,-1.0,-1.0,-1.0,-1.0,-1.0,-1.0,-1.0,-1.0,-1.0,-1.0,-1.0,-1.0,-1.0,-1.0,-1.0,-1.0,-1.0,-1.0,-1.0,-1.0,-1.0,-1.0,-1.0,-1.0,-1.0,-1.0,-1.0,-1.0,-1.0,-1.0,-1.0,-1.0,-1.0,-1.0,-1.0,-1.0,-1.0,-1.0,-1.0,-1.0,-1.0,-1.0,-1.0,-1.0,-1.0,-1.0,-1.0,-1.0,-1.0,-1.0,-1.0,-1.0,-1.0,-1.0,-1.0,-1.0,-1.0,-1.0,-1.0,-1.0,-1.0,-1.0,-1.0,-1.0,-1.0,-1.0,-1.0,-1.0,-1.0,-1.0,-1.0,-1.0,-1.0,-1.0,-1.0,-1.0,-1.0,-1.0,-1.0,-1.0,-1.0,-1.0,-1.0,-1.0,-1.0,-1.0,-1.0,-1.0,-1.0,-1.0,-1.0,-1.0,-1.0,-1.0,-1.0,-1.0,-1.0,-1.0,-1.0,-1.0,-1.0,-1.0,-1.0,-1.0,-1.0,-1.0,-1.0,-1.0,-1.0,-1.0,-1.0,-1.0,-1.0,-1.0,-1.0,-1.0,-1.0,-1.0,-1.0,-1.0,-1.0,-1.0,-1.0,-1.0,-1.0,-1.0,-1.0,-1.0,-1.0,-1.0,-1.0,-1.0,-1.0,-1.0,-1.0,-1.0,-1.0,-1.0,-1.0,-1.0,-1.0,-1.0,-1.0,-1.0,-1.0,-1.0,-1.0,-1.0,-1.0,-1.0,-1.0,-1.0,-1.0,-1.0,-1.0,1.0,-1.0,-1.0,-1.0,-1.0,-1.0,-1.0,-1.0,-1.0,-1.0,-1.0
-0.8109875735775016,-2.446043165467626,-0.4336670523720882,-2.446043165467626,-0.8109875735775016,-2.446043165467626,-2.446043165467626,-0.2659690429474603,-1.356006104207543,-2.446043165467626,-2.446043165467626,0.526785183423509,-2.446043165467626,-2.446043165467626,-2.446043165467626,1.478090255068672,-2.446043165467626,-2.446043165467626,-2.446043165467626,-2.446043165467626,-2.446043165467626,-2.446043165467626,-2.446043165467626,-2.446043165467626,-2.446043165467626,-2.446043165467626,-2.446043165467626,-2.446043165467626,-2.446043165467626,-2.446043165467626,-2.446043165467626,-2.446043165467626,-2.446043165467626,-2.446043165467626,-2.446043165467626,-2.446043165467626,-2.446043165467626,-2.446043165467626,-2.446043165467626,-2.446043165467626,-2.446043165467626,-2.446043165467626,-2.446043165467626,-2.446043165467626,-2.446043165467626,-2.446043165467626,-2.446043165467626,-2.446043165467626,-2.446043165467626,-2.446043165467626,-2.446043165467626,-2.446043165467626,-2.446043165467626,-2.446043165467626,-2.446043165467626,-2.446043165467626,0.0,-1.5117256843875548,-2.446043165467626,-2.446043165467626,-2.446043165467626,-2.446043165467626,-0.2659690429474603,0.8240680183126226,0.8240680183126226,-2.446043165467626,-2.446043165467626,-2.446043165467626,-0.8109875735775016,-1.5117256843875548,-2.446043165467626,-2.446043165467626,-2.446043165467626,-2.446043165467626,-2.446043165467626,0.3781437659789524,-2.446043165467626,0.006540222367560503,-0.5472689297242557,-2.446043165467626,-0.03648755636639027,-2.446043165467626,-2.446043165467626,-0.8109875735775016,0.0,0.41530412034009156,-2.446043165467626,0.35690927777258696,-0.38070978623799534,-2.446043165467626,-2.446043165467626,-2.446043165467626,-2.446043165467626,-2.446043165467626,-0.8109875735775016,-2.446043165467626,1.2912267588526578,-2.446043165467626,-0.2659690429474603,-0.4022236756049705,0.392166541209571,-1.1379986919555263,-0.32737958160999997,0.8240680183126226,-0.13181063540775756,0.2314975353457321,0.43934905551494624,1.758385499392694,-0.7761991567287757,0.8240680183126226,-2.446043165467626,1.2506042596752633,-0.0677804863547178,-1.356006104207543,-0.13772938868156795,-0.4839764551994768,-1.356006104207543,-0.9926604171208488,-2.446043165467626,-2.446043165467626,-2.446043165467626,-2.446043165467626,-2.446043165467626,-2.446043165467626,0.41530412034009156,0.8240680183126226,0.3209739900387382,-2.446043165467626,-0.0677804863547178,-2.446043165467626,1.1623553821519585,-0.2659690429474603,-2.446043165467626,-0.05327888465280995,0.6683484381326106,0.5725210041756805,-2.446043165467626,-0.8109875735775016,-0.8109875735775016,0.6519569033768199,-0.05327888465280995,-2.446043165467626,0.0,-2.446043165467626,0.0,0.34316931481552715,0.17004578155657307,0.4857806544732866,-2.446043165467626,0.20118969759257532,0.8240680183126226,-0.9926604171208488,0.2053983348947379,-0.2659690429474603,0.12332990750256932,-2.446043165467626,-0.8109875735775016,-0.20368121087545543,-0.2659690429474603,-2.446043165467626,0.0,-0.577408203307484,-0.2659690429474603,0.17004578155657307,-2.446043165467626,0.22950234853439577,0.41530412034009156,-2.446043165467626,0.30773467350521483,-0.577408203307484,-0.09156311314584703,0.05463009271726987,0.17004578155657307,-0.5224483514792443,-1.1379986919555263,1.914105079572705,-1.5117256843875548,-0.09156311314584703,1.096577283627643,-0.2659690429474603,0.8240680183126226,0.24698957411610806,-0.0677804863547178,-2.446043165467626,0.0,-0.13181063540775756,1.6415958142576847,0.8240680183126226,-2.446043165467626,0.30773467350521483,0.19944003938830543,-1.0445669438475194,0.03473083602083838,0.35690927777258696,-1.356006104207543,0.17004578155657307,0.3335513407455853,0.41530412034009156,0.5437727739886012,1.6415958142576847,0.17004578155657307,4.094179202092871,-2.446043165467626,4.094179202092871,-2.446043165467626,0.5985431090863985,-0.2659690429474603,0.4048229947510523,-2.446043165467626,1.0756150324495646,-0.18669362031036324,0.21092217135382602,-2.446043165467626,0.6519569033768199,0.17004578155657307,0.36695570230032987,-0.9071673142769207,1.2912267588526578,0.0,-0.5081995010052565,0.6456983173791544,-2.446043165467626,0.15212736411120156,-0.4839764551994768,-0.31666844114560344,-0.6293147300341544,-2.446043165467626,-2.446043165467626,-1.5117256843875548,-0.9367610806459726,-0.8109875735775016,-0.662346156132945,-0.8109875735775016,-0.8109875735775016,-2.446043165467626,-0.577408203307484,0.526785183423509,-0.662346156132945,-0.8109875735775016,-0.8109875735775016,0.5725210041756805,1.478090255068672,0.24698957411610806,1.0756150324495646,-1.1379986919555263,1.478090255068672,-2.446043165467626,-2.446043165467626,-2.446043165467626,-2.446043165467626,1.2912267588526578,-2.446043165467626,-0.2659690429474603,-2.446043165467626,0.0,-2.446043165467626,-2.446043165467626,-1.5117256843875548,-2.446043165467626,-2.446043165467626,-0.9367610806459726,-2.446043165467626,-2.446043165467626,-0.4336670523720882,-2.446043165467626,-2.446043165467626,-0.8109875735775016,-2.446043165467626,-2.446043165467626,-0.662346156132945,-2.446043165467626,-2.446043165467626,0.8240680183126226,-2.446043165467626,1.0756150324495646,-1.1379986919555263,-2.446043165467626,-2.446043165467626,-2.446043165467626,-0.2659690429474603,-2.446043165467626,-2.446043165467626,-2.446043165467626,-2.446043165467626,-2.446043165467626,-2.446043165467626,-2.446043165467626,-0.8109875735775016,-2.446043165467626,-2.446043165467626,0.17004578155657307,-2.446043165467626,-2.446043165467626,-2.446043165467626,-0.2659690429474603,-2.446043165467626,-2.446043165467626,-2.446043165467626,-2.446043165467626,-0.2659690429474603,-2.446043165467626,-2.446043165467626
-0.3722746267518522,-0.7769746277781607,1.9699729683467397,-0.7769746277781607,-0.28273525918707676,-0.7073537229411824,-0.8379914509840762,-0.8379914509840762,0.34684589759365164,-0.8379914509840762,-0.8379914509840762,0.7774040163240238,-0.8379914509840762,-0.8379914509840762,-0.471255805443032,-0.5249534087498556,-0.8379914509840762,-0.8379914509840762,-0.8379914509840762,-0.8379914509840762,-0.7769746277781607,-0.8379914509840762,-0.8379914509840762,-0.8379914509840762,-0.7073537229411824,-0.7769746277781607,-0.8379914509840762,-0.8379914509840762,-0.8379914509840762,-0.8379914509840762,-0.5249534087498556,-0.8379914509840762,-0.5819073491100745,-0.8379914509840762,-0.8379914509840762,-0.3722746267518522,-0.8379914509840762,-0.471255805443032,-0.8379914509840762,-0.8379914509840762,-0.8379914509840762,-0.8379914509840762,-0.7073537229411824,-0.7769746277781607,-0.8379914509840762,-0.8379914509840762,-0.8379914509840762,-0.8379914509840762,-0.5249534087498556,-0.8379914509840762,-0.5819073491100745,-0.8379914509840762,-0.8379914509840762,-0.3722746267518522,-0.8379914509840762,-0.471255805443032,-0.8379914509840762,0.4885368081433098,-0.8379914509840762,-0.5819073491100745,-0.7769746277781607,-0.2009922210080832,-0.5819073491100745,-0.28273525918707676,-0.3264385948391911,-0.8379914509840762,-0.42046223010339584,-0.8379914509840762,-0.2009922210080832,0.4885368081433098,-0.8379914509840762,-0.8379914509840762,-0.8379914509840762,-0.8379914509840762,0.2056629363936535,1.9803654469444316,-0.2009922210080832,1.9803654469444316,1.7622792607105346,0.09817986891491412,1.1944563803955726,0.15345771195397964,-0.8379914509840762,0.4501864915288565,-0.8379914509840762,1.0407343419890698,-0.8379914509840762,1.3861942321908802,1.3031363550298556,-0.5819073491100745,-0.8379914509840762,-0.7769746277781607,-0.8379914509840762,-0.7073537229411824,-0.6425382111868007,-0.8379914509840762,0.8179622124489789,-0.7769746277781607,0.5432776678586332,1.9803654469444316,1.9803654469444316,0.039444975795149016,1.9803654469444316,-0.056175010404242665,1.9803654469444316,1.9803654469444316,1.6919130545260095,0.9417531632978903,1.9803654469444316,0.9182656324552789,-0.8379914509840762,1.262810323072475,1.732765242923528,0.17992290709390768,1.1397155206802498,0.41020376390539265,0.4695573283015892,0.32474011769774863,-0.8379914509840762,-0.8379914509840762,-0.8379914509840762,-0.8379914509840762,-0.8379914509840762,-0.3264385948391911,1.111100548173595,0.06927136342686518,1.5330739075074233,-0.5249534087498556,1.958254076688911,-0.8379914509840762,1.5016511689405199,-0.5249534087498556,-0.42046223010339584,1.9803654469444316,1.3789397382325823,0.791118892007384,-0.8379914509840762,0.41020376390539265,-0.28273525918707676,1.2377567770325841,1.9803654469444316,-0.8379914509840762,-0.8379914509840762,-0.8379914509840762,-0.8379914509840762,1.9803654469444316,1.4952385003601265,1.6101700163470154,-0.8379914509840762,1.95035947309421,0.6116316105355352,0.34684589759365164,1.9803654469444316,-0.7073537229411824,1.9803654469444316,-0.8379914509840762,-0.42046223010339584,1.9803654469444316,-0.5819073491100745,-0.8379914509840762,-0.8379914509840762,0.30210161745907094,1.5694443449922186,0.17992290709390768,-0.8379914509840762,1.262810323072475,1.0407343419890698,-0.8379914509840762,1.7622792607105346,0.27890408578508746,1.6437254511744661,1.9803654469444316,0.6279703232151996,1.111100548173595,0.6440297279399877,-0.2009922210080832,0.4304078178496487,1.4625016584885797,1.9803654469444316,1.9699729683467397,-0.3722746267518522,1.1765615098326578,1.421649470091061,-0.8379914509840762,-0.8379914509840762,1.9803654469444316,0.15345771195397964,0.27890408578508746,-0.8379914509840762,1.8931577542018123,1.9803654469444316,1.9803654469444316,1.9803654469444316,1.818663317947843,0.32474011769774863,1.9803654469444316,1.926269632694625,0.9062979253977095,1.7671093602928716,0.4695573283015892,-0.056175010404242665,-0.8379914509840762,-0.8379914509840762,-0.8379914509840762,-0.8379914509840762,1.9803654469444316,1.9803654469444316,1.9343684095689797,-0.6425382111868007,0.6279703232151996,1.9803654469444316,1.8048813744579713,-0.8379914509840762,1.111100548173595,0.7493585814518534,1.9803654469444316,1.2206753555631018,0.23071648243354387,-0.8379914509840762,1.6600641638541307,1.9803654469444316,0.1262253037870841,1.9803654469444316,1.9803654469444316,1.9543150675667953,1.7955797905576363,-0.8379914509840762,-0.5249534087498556,0.8311016196308474,1.008885451317191,0.6906236883320888,0.7056552457997395,-0.471255805443032,0.34684589759365164,-0.8379914509840762,0.8046364244909198,0.5950037021326975,0.7056552457997395,0.4885368081433098,0.6906236883320888,0.7350155196539405,0.7056552457997395,1.1397155206802498,0.7634859499187053,1.008885451317191,-0.12579591524122108,-0.7073537229411824,-0.8379914509840762,-0.8379914509840762,-0.8379914509840762,0.039444975795149016,-0.7073537229411824,1.0302375590512844,-0.5819073491100745,-0.8379914509840762,-0.8379914509840762,-0.8379914509840762,0.8311016196308474,-0.8379914509840762,-0.7769746277781607,1.008885451317191,-0.8379914509840762,-0.7769746277781607,0.8941757920556948,-0.8379914509840762,-0.5819073491100745,0.6906236883320888,-0.8379914509840762,-0.5819073491100745,0.7056552457997395,-0.8379914509840762,-0.8379914509840762,-0.8379914509840762,-0.5819073491100745,0.7634859499187053,1.008885451317191,-0.8379914509840762,-0.8379914509840762,-0.8379914509840762,-0.8379914509840762,-0.7073537229411824,-0.7769746277781607,-0.12579591524122108,-0.7769746277781607,-0.7769746277781607,-0.6425382111868007,-0.8379914509840762,-0.7769746277781607,-0.8379914509840762,-0.8379914509840762,-0.42046223010339584,0.039444975795149016,-0.8379914509840762,-0.6425382111868007,-0.5249534087498556,-0.5819073491100745,-0.8379914509840762,-0.8379914509840762,-0.12579591524122108,-0.5819073491100745,-0.8379914509840762,-0.8379914509840762
-1.0,-1.0,1.0,-1.0,1.0,-1.0,-1.0,-1.0,1.0,-1.0,-1.0,1.0,-1.0,-1.0,1.0,-1.0,-1.0,-1.0,-1.0,-1.0,-1.0,-1.0,-1.0,-1.0,-1.0,-1.0,-1.0,-1.0,-1.0,-1.0,-1.0,-1.0,-1.0,-1.0,-1.0,-1.0,-1.0,-1.0,-1.0,-1.0,-1.0,-1.0,-1.0,-1.0,-1.0,-1.0,-1.0,-1.0,-1.0,-1.0,-1.0,-1.0,-1.0,-1.0,-1.0,-1.0,-1.0,1.0,-1.0,-1.0,-1.0,1.0,-1.0,-1.0,-1.0,-1.0,-1.0,-1.0,1.0,1.0,-1.0,-1.0,-1.0,-1.0,-1.0,1.0,1.0,1.0,1.0,-1.0,1.0,-1.0,-1.0,-1.0,1.0,1.0,-1.0,1.0,1.0,-1.0,1.0,-1.0,1.0,-1.0,1.0,-1.0,1.0,-1.0,1.0,1.0,1.0,1.0,1.0,1.0,1.0,1.0,1.0,1.0,1.0,1.0,-1.0,1.0,1.0,-1.0,1.0,-1.0,-1.0,-1.0,-1.0,-1.0,-1.0,-1.0,-1.0,-1.0,1.0,1.0,1.0,-1.0,1.0,-1.0,1.0,1.0,-1.0,1.0,1.0,-1.0,1.0,1.0,-1.0,1.0,1.0,-1.0,-1.0,-1.0,1.0,1.0,1.0,1.0,-1.0,1.0,-1.0,-1.0,1.0,1.0,1.0,-1.0,-1.0,1.0,1.0,-1.0,-1.0,-1.0,1.0,-1.0,-1.0,1.0,-1.0,-1.0,1.0,-1.0,1.0,1.0,1.0,-1.0,1.0,-1.0,-1.0,1.0,1.0,1.0,1.0,-1.0,1.0,-1.0,1.0,1.0,1.0,1.0,-1.0,1.0,1.0,1.0,1.0,1.0,-1.0,1.0,1.0,1.0,1.0,1.0,-1.0,-1.0,-1.0,-1.0,-1.0,1.0,1.0,1.0,-1.0,1.0,1.0,1.0,-1.0,1.0,1.0,1.0,1.0,-1.0,1.0,1.0,1.0,-1.0,1.0,1.0,1.0,1.0,-1.0,-1.0,-1.0,-1.0,-1.0,1.0,-1.0,-1.0,-1.0,1.0,1.0,1.0,1.0,-1.0,1.0,-1.0,1.0,1.0,1.0,-1.0,-1.0,-1.0,-1.0,-1.0,1.0,-1.0,1.0,-1.0,1.0,-1.0,-1.0,-1.0,-1.0,-1.0,-1.0,-1.0,-1.0,-1.0,-1.0,-1.0,-1.0,-1.0,-1.0,1.0,-1.0,-1.0,1.0,-1.0,1.0,1.0,-1.0,-1.0,-1.0,-1.0,-1.0,-1.0,-1.0,-1.0,-1.0,-1.0,-1.0,-1.0,-1.0,-1.0,-1.0,-1.0,-1.0,1.0,-1.0,-1.0,-1.0,-1.0,1.0,-1.0,-1.0,-1.0
-0.16989594669116745,-0.16989594669116745,12.073974526872357,-0.16989594669116745,2.2788781480215374,-0.16989594669116745,-0.16989594669116745,-0.16989594669116745,7.176426337446948,-0.16989594669116745,-0.16989594669116745,4.7276522427342424,-0.16989594669116745,-0.16989594669116745,2.2788781480215374,-0.16989594669116745,-0.16989594669116745,-0.16989594669116745,-0.16989594669116745,-0.16989594669116745,-0.16989594669116745,-0.16989594669116745,-0.16989594669116745,-0.16989594669116745,-0.16989594669116745,-0.16989594669116745,-0.16989594669116745,-0.16989594669116745,-0.16989594669116745,-0.16989594669116745,-0.16989594669116745,-0.16989594669116745,-0.16989594669116745,-0.16989594669116745,-0.16989594669116745,-0.16989594669116745,-0.16989594669116745,-0.16989594669116745,-0.16989594669116745,-0.16989594669116745,-0.16989594669116745,-0.16989594669116745,-0.16989594669116745,-0.16989594669116745,-0.16989594669116745,-0.16989594669116745,-0.16989594669116745,-0.16989594669116745,-0.16989594669116745,-0.16989594669116745,-0.16989594669116745,-0.16989594669116745,-0.16989594669116745,-0.16989594669116745,-0.16989594669116745,-0.16989594669116745,-0.16989594669116745,2.2788781480215374,-0.16989594669116745,-0.16989594669116745,-0.16989594669116745,7.176426337446948,-0.16989594669116745,-0.16989594669116745,-0.16989594669116745,-0.16989594669116745,-0.16989594669116745,-0.16989594669116745,2.2788781480215374,2.2788781480215374,-0.16989594669116745,-0.16989594669116745,-0.16989594669116745,-0.16989594669116745,-0.16989594669116745,12.073974526872357,2.2788781480215374,21.869070905723177,4.7276522427342424,-0.16989594669116745,7.176426337446948,-0.16989594669116745,-0.16989594669116745,-0.16989594669116745,2.2788781480215374,2.2788781480215374,-0.16989594669116745,4.7276522427342424,4.7276522427342424,-0.16989594669116745,2.2788781480215374,-0.16989594669116745,2.2788781480215374,-0.16989594669116745,2.2788781480215374,-0.16989594669116745,9.625200432159653,-0.16989594669116745,2.2788781480215374,7.176426337446948,7.176426337446948,7.176426337446948,16.971522716297766,2.2788781480215374,24.31784500043588,24.31784500043588,12.073974526872357,4.7276522427342424,7.176426337446948,2.2788781480215374,-0.16989594669116745,2.2788781480215374,4.7276522427342424,-0.16989594669116745,4.7276522427342424,-0.16989594669116745,-0.16989594669116745,-0.16989594669116745,-0.16989594669116745,-0.16989594669116745,-0.16989594669116745,-0.16989594669116745,-0.16989594669116745,-0.16989594669116745,4.7276522427342424,2.2788781480215374,7.176426337446948,-0.16989594669116745,12.073974526872357,-0.16989594669116745,2.2788781480215374,2.2788781480215374,-0.16989594669116745,9.625200432159653,4.7276522427342424,-0.16989594669116745,2.2788781480215374,4.7276522427342424,-0.16989594669116745,2.2788781480215374,9.625200432159653,-0.16989594669116745,-0.16989594669116745,-0.16989594669116745,2.2788781480215374,19.420296811010473,4.7276522427342424,4.7276522427342424,-0.16989594669116745,16.971522716297766,-0.16989594669116745,-0.16989594669116745,14.522748621585063,2.2788781480215374,19.420296811010473,-0.16989594669116745,-0.16989594669116745,12.073974526872357,2.2788781480215374,-0.16989594669116745,-0.16989594669116745,-0.16989594669116745,2.2788781480215374,-0.16989594669116745,-0.16989594669116745,4.7276522427342424,-0.16989594669116745,-0.16989594669116745,7.176426337446948,-0.16989594669116745,7.176426337446948,14.522748621585063,2.2788781480215374,-0.16989594669116745,2.2788781480215374,-0.16989594669116745,-0.16989594669116745,2.2788781480215374,24.31784500043588,4.7276522427342424,2.2788781480215374,-0.16989594669116745,7.176426337446948,-0.16989594669116745,2.2788781480215374,14.522748621585063,2.2788781480215374,2.2788781480215374,-0.16989594669116745,12.073974526872357,24.31784500043588,12.073974526872357,7.176426337446948,7.176426337446948,-0.16989594669116745,12.073974526872357,7.176426337446948,2.2788781480215374,4.7276522427342424,4.7276522427342424,-0.16989594669116745,-0.16989594669116745,-0.16989594669116745,-0.16989594669116745,-0.16989594669116745,7.176426337446948,9.625200432159653,2.2788781480215374,-0.16989594669116745,2.2788781480215374,14.522748621585063,4.7276522427342424,-0.16989594669116745,2.2788781480215374,2.2788781480215374,14.522748621585063,2.2788781480215374,-0.16989594669116745,2.2788781480215374,4.7276522427342424,9.625200432159653,-0.16989594669116745,7.176426337446948,12.073974526872357,9.625200432159653,7.176426337446948,-0.16989594669116745,-0.16989594669116745,-0.16989594669116745,-0.16989594669116745,-0.16989594669116745,7.176426337446948,-0.16989594669116745,-0.16989594669116745,-0.16989594669116745,4.7276522427342424,7.176426337446948,7.176426337446948,2.2788781480215374,-0.16989594669116745,4.7276522427342424,-0.16989594669116745,7.176426337446948,2.2788781480215374,7.176426337446948,-0.16989594669116745,-0.16989594669116745,-0.16989594669116745,-0.16989594669116745,-0.16989594669116745,2.2788781480215374,-0.16989594669116745,4.7276522427342424,-0.16989594669116745,2.2788781480215374,-0.16989594669116745,-0.16989594669116745,-0.16989594669116745,-0.16989594669116745,-0.16989594669116745,-0.16989594669116745,-0.16989594669116745,-0.16989594669116745,-0.16989594669116745,-0.16989594669116745,-0.16989594669116745,-0.16989594669116745,-0.16989594669116745,-0.16989594669116745,7.176426337446948,-0.16989594669116745,-0.16989594669116745,2.2788781480215374,-0.16989594669116745,2.2788781480215374,7.176426337446948,-0.16989594669116745,-0.16989594669116745,-0.16989594669116745,-0.16989594669116745,-0.16989594669116745,-0.16989594669116745,-0.16989594669116745,-0.16989594669116745,-0.16989594669116745,-0.16989594669116745,-0.16989594669116745,-0.16989594669116745,-0.16989594669116745,-0.16989594669116745,-0.16989594669116745,-0.16989594669116745,-0.16989594669116745,2.2788781480215374,-0.16989594669116745,-0.16989594669116745,-0.16989594669116745,-0.16989594669116745,4.7276522427342424,-0.16989594669116745,-0.16989594669116745,-0.16989594669116745
0.0,0.0,-0.8928559512405096,0.0,0.40845943099764637,0.0,0.0,0.0,1.1156055924342818,0.0,0.0,-0.3100145547513889,0.0,0.0,0.7396578900350247,0.0,0.0,0.0,0.0,0.0,0.0,0.0,0.0,0.0,0.0,0.0,0.0,0.0,0.0,0.0,0.0,0.0,0.0,0.0,0.0,0.0,0.0,0.0,0.0,0.0,0.0,0.0,0.0,0.0,0.0,0.0,0.0,0.0,0.0,0.0,0.0,0.0,0.0,0.0,0.0,0.0,0.0,-0.9465340976736566,0.0,0.0,0.0,1.383949894750324,0.0,0.0,0.0,0.0,0.0,0.0,0.2648508492298048,-0.9465340976736566,0.0,0.0,0.0,0.0,0.0,-0.9465340976736566,0.2648508492298048,0.02358282552711956,-1.0917363902447395,0.0,-0.3735015173381506,0.0,0.0,0.0,1.383949894750324,-1.0917363902447395,0.0,-1.0917363902447395,-1.0917363902447395,0.0,1.383949894750324,0.0,1.383949894750324,0.0,1.0405718751108533,0.0,0.7627415883253493,0.0,-1.0427044554630998,-1.0917363902447395,-1.0917363902447395,1.383949894750324,-1.0917363902447395,0.01043169998246617,-0.2013375948453154,-0.9194938610863077,-0.4043520888951437,-0.598747986214873,-1.0917363902447395,-1.0917363902447395,0.0,-1.0917363902447395,-1.0917363902447395,0.0,-0.9465340976736566,0.0,0.0,0.0,0.0,0.0,0.0,0.0,0.0,0.0,-0.8962624695258486,-0.20995619157541512,-0.968394781811441,0.0,-0.8722678565432394,0.0,-1.0917363902447395,0.8339954241787803,0.0,-1.0917363902447395,-1.0917363902447395,0.0,1.383949894750324,0.33509368503733256,0.0,-1.0917363902447395,-1.0917363902447395,0.0,0.0,0.0,1.383949894750324,-0.8487950599960694,-1.0917363902447395,-1.0917363902447395,0.0,-0.30306524964955484,0.0,0.0,-1.0917363902447395,1.1544416789126346,-1.0917363902447395,0.0,0.0,-1.0917363902447395,0.934053787354754,0.0,0.0,0.0,-1.0917363902447395,0.0,0.0,-1.0917363902447395,0.0,0.0,-1.0917363902447395,0.0,-1.0917363902447395,-1.0917363902447395,-1.0917363902447395,0.0,-1.0917363902447395,0.0,0.0,-1.0917363902447395,-0.46542759302500836,-1.0917363902447395,0.5657648343056333,0.0,-0.7726410419442644,0.0,1.383949894750324,-1.0917363902447395,-0.3578572530666546,-0.5782451446245359,0.0,-0.7579047161592964,-0.48353416155434714,-1.0917363902447395,-1.0917363902447395,-1.0917363902447395,0.0,-1.0364645330083513,-1.0917363902447395,-1.0917363902447395,-1.0917363902447395,0.2308195915403467,0.0,0.0,0.0,0.0,0.0,-1.0917363902447395,-1.0917363902447395,-1.0917363902447395,0.0,-1.0917363902447395,-1.0917363902447395,-1.0917363902447395,0.0,-1.0917363902447395,-1.0917363902447395,-1.0917363902447395,-1.0917363902447395,0.0,1.383949894750324,-1.0917363902447395,-1.0917363902447395,0.0,-1.0917363902447395,-1.0917363902447395,-1.0917363902447395,-1.0917363902447395,0.0,0.0,0.0,0.0,0.0,0.4852387407876861,0.0,0.0,0.0,-0.3578572530666546,0.6796346381074146,0.4852387407876861,-0.9465340976736566,0.0,-0.2355451928868114,0.0,-0.27733115954870813,-1.0917363902447395,-0.04748503280362552,0.0,0.0,0.0,0.0,0.0,-0.15755631358618027,0.0,-0.7541999839116611,0.0,1.383949894750324,0.0,0.0,0.0,0.0,0.0,0.0,0.0,0.0,0.0,0.0,0.0,0.0,0.0,0.0,0.4852387407876861,0.0,0.0,1.383949894750324,0.0,-1.0917363902447395,-0.04748503280362552,0.0,0.0,0.0,0.0,0.0,0.0,0.0,0.0,0.0,0.0,0.0,0.0,0.0,0.0,0.0,0.0,0.0,1.0405718751108533,0.0,0.0,0.0,0.0,1.2767537390924786,0.0,0.0,0.0
-0.5077224524862195,-0.5077224524862195,-0.5077224524862195,-0.5077224524862195,-0.5077224524862195,-0.5077224524862195,-0.5077224524862195,-0.5077224524862195,1.969566382794139,-0.5077224524862195,-0.5077224524862195,-0.5077224524862195,-0.5077224524862195,-0.5077224524862195,-0.5077224524862195,-0.5077224524862195,-0.5077224524862195,-0.5077224524862195,-0.5077224524862195,-0.5077224524862195,-0.5077224524862195,-0.5077224524862195,-0.5077224524862195,-0.5077224524862195,-0.5077224524862195,-0.5077224524862195,-0.5077224524862195,-0.5077224524862195,-0.5077224524862195,-0.5077224524862195,-0.5077224524862195,-0.5077224524862195,-0.5077224524862195,-0.5077224524862195,-0.5077224524862195,-0.5077224524862195,-0.5077224524862195,-0.5077224524862195,-0.5077224524862195,-0.5077224524862195,-0.5077224524862195,-0.5077224524862195,-0.5077224524862195,-0.5077224524862195,-0.5077224524862195,-0.5077224524862195,-0.5077224524862195,-0.5077224524862195,-0.5077224524862195,-0.5077224524862195,-0.5077224524862195,-0.5077224524862195,-0.5077224524862195,-0.5077224524862195,-0.5077224524862195,-0.5077224524862195,-0.5077224524862195,-0.5077224524862195,-0.5077224524862195,-0.5077224524862195,-0.5077224524862195,1.969566382794139,-0.5077224524862195,-0.5077224524862195,-0.5077224524862195,-0.5077224524862195,-0.5077224524862195,-0.5077224524862195,-0.5077224524862195,-0.5077224524862195,-0.5077224524862195,-0.5077224524862195,-0.5077224524862195,-0.5077224524862195,-0.5077224524862195,-0.5077224524862195,-0.5077224524862195,-0.5077224524862195,-0.5077224524862195,-0.5077224524862195,-0.5077224524862195,-0.5077224524862195,-0.5077224524862195,-0.5077224524862195,-0.5077224524862195,-0.5077224524862195,-0.5077224524862195,-0.5077224524862195,-0.5077224524862195,-0.5077224524862195,-0.5077224524862195,-0.5077224524862195,-0.5077224524862195,-0.5077224524862195,-0.5077224524862195,-0.5077224524862195,-0.5077224524862195,-0.5077224524862195,-0.5077224524862195,-0.5077224524862195,-0.5077224524862195,-0.5077224524862195,-0.5077224524862195,-0.5077224524862195,1.969566382794139,-0.5077224524862195,1.969566382794139,-0.5077224524862195,1.969566382794139,-0.5077224524862195,-0.5077224524862195,-0.5077224524862195,-0.5077224524862195,-0.5077224524862195,-0.5077224524862195,-0.5077224524862195,-0.5077224524862195,-0.5077224524862195,-0.5077224524862195,-0.5077224524862195,-0.5077224524862195,-0.5077224524862195,-0.5077224524862195,-0.5077224524862195,-0.5077224524862195,-0.5077224524862195,-0.5077224524862195,-0.5077224524862195,-0.5077224524862195,-0.5077224524862195,-0.5077224524862195,-0.5077224524862195,-0.5077224524862195,1.969566382794139,-0.5077224524862195,-0.5077224524862195,-0.5077224524862195,-0.5077224524862195,1.969566382794139,-0.5077224524862195,-0.5077224524862195,-0.5077224524862195,-0.5077224524862195,-0.5077224524862195,-0.5077224524862195,-0.5077224524862195,-0.5077224524862195,-0.5077224524862195,-0.5077224524862195,-0.5077224524862195,-0.5077224524862195,-0.5077224524862195,-0.5077224524862195,-0.5077224524862195,-0.5077224524862195,-0.5077224524862195,-0.5077224524862195,-0.5077224524862195,-0.5077224524862195,-0.5077224524862195,-0.5077224524862195,-0.5077224524862195,-0.5077224524862195,-0.5077224524862195,-0.5077224524862195,-0.5077224524862195,-0.5077224524862195,-0.5077224524862195,1.969566382794139,-0.5077224524862195,-0.5077224524862195,1.969566382794139,1.969566382794139,-0.5077224524862195,1.969566382794139,-0.5077224524862195,-0.5077224524862195,1.969566382794139,1.969566382794139,1.969566382794139,-0.5077224524862195,-0.5077224524862195,1.969566382794139,-0.5077224524862195,-0.5077224524862195,1.969566382794139,-0.5077224524862195,-0.5077224524862195,-0.5077224524862195,1.969566382794139,1.969566382794139,-0.5077224524862195,1.969566382794139,-0.5077224524862195,-0.5077224524862195,-0.5077224524862195,-0.5077224524862195,-0.5077224524862195,-0.5077224524862195,-0.5077224524862195,-0.5077224524862195,-0.5077224524862195,-0.5077224524862195,-0.5077224524862195,-0.5077224524862195,-0.5077224524862195,-0.5077224524862195,-0.5077224524862195,-0.5077224524862195,-0.5077224524862195,-0.5077224524862195,1.969566382794139,-0.5077224524862195,-0.5077224524862195,-0.5077224524862195,1.969566382794139,-0.5077224524862195,-0.5077224524862195,-0.5077224524862195,-0.5077224524862195,-0.5077224524862195,-0.5077224524862195,-0.5077224524862195,-0.5077224524862195,-0.5077224524862195,1.969566382794139,-0.5077224524862195,-0.5077224524862195,-0.5077224524862195,-0.5077224524862195,-0.5077224524862195,-0.5077224524862195,-0.5077224524862195,1.969566382794139,-0.5077224524862195,1.969566382794139,-0.5077224524862195,-0.5077224524862195,-0.5077224524862195,-0.5077224524862195,-0.5077224524862195,-0.5077224524862195,-0.5077224524862195,-0.5077224524862195,-0.5077224524862195,-0.5077224524862195,-0.5077224524862195,-0.5077224524862195,-0.5077224524862195,-0.5077224524862195,-0.5077224524862195,-0.5077224524862195,-0.5077224524862195,-0.5077224524862195,-0.5077224524862195,-0.5077224524862195,-0.5077224524862195,-0.5077224524862195,-0.5077224524862195,-0.5077224524862195,-0.5077224524862195,-0.5077224524862195,-0.5077224524862195,-0.5077224524862195,-0.5077224524862195,-0.5077224524862195,-0.5077224524862195,-0.5077224524862195,-0.5077224524862195,-0.5077224524862195,-0.5077224524862195,-0.5077224524862195,-0.5077224524862195,-0.5077224524862195,-0.5077224524862195,-0.5077224524862195,-0.5077224524862195,-0.5077224524862195,-0.5077224524862195,-0.5077224524862195,-0.5077224524862195,-0.5077224524862195,-0.5077224524862195,-0.5077224524862195,-0.5077224524862195,-0.5077224524862195,-0.5077224524862195,-0.5077224524862195,-0.5077224524862195,-0.5077224524862195,-0.5077224524862195,-0.5077224524862195,-0.5077224524862195,-0.5077224524862195,-0.5077224524862195,-0.5077224524862195,1.969566382794139,-0.5077224524862195,-0.5077224524862195,-0.5077224524862195,-0.5077224524862195,-0.5077224524862195
-0.8700053950135924,-0.8700053950135924,-0.8700053950135924,-0.8700053950135924,-0.8700053950135924,-0.8700053950135924,-0.8700053950135924,-0.8700053950135924,-0.412936424593367,-0.8700053950135924,-0.8700053950135924,-0.8700053950135924,-0.8700053950135924,-0.8700053950135924,-0.8700053950135924,-0.8700053950135924,-0.8700053950135924,-0.8700053950135924,-0.8700053950135924,-0.8700053950135924,-0.8700053950135924,-0.8700053950135924,-0.8700053950135924,-0.8700053950135924,-0.8700053950135924,-0.8700053950135924,-0.8700053950135924,-0.8700053950135924,-0.8700053950135924,-0.8700053950135924,-0.8700053950135924,-0.8700053950135924,-0.8700053950135924,-0.8700053950135924,-0.8700053950135924,-0.8700053950135924,-0.8700053950135924,-0.8700053950135924,-0.8700053950135924,-0.8700053950135924,-0.8700053950135924,-0.8700053950135924,-0.8700053950135924,-0.8700053950135924,-0.8700053950135924,-0.8700053950135924,-0.8700053950135924,-0.8700053950135924,-0.8700053950135924,-0.8700053950135924,-0.8700053950135924,-0.8700053950135924,-0.8700053950135924,-0.8700053950135924,-0.8700053950135924,-0.8700053950135924,-0.8700053950135924,-0.8700053950135924,-0.8700053950135924,-0.8700053950135924,-0.8700053950135924,0.35836746299076355,-0.8700053950135924,-0.8700053950135924,-0.8700053950135924,-0.8700053950135924,-0.8700053950135924,-0.8700053950135924,-0.8700053950135924,-0.8700053950135924,-0.8700053950135924,-0.8700053950135924,-0.8700053950135924,-0.8700053950135924,-0.8700053950135924,-0.8700053950135924,-0.8700053950135924,-0.8700053950135924,-0.8700053950135924,-0.8700053950135924,-0.8700053950135924,-0.8700053950135924,-0.8700053950135924,-0.8700053950135924,-0.8700053950135924,-0.8700053950135924,-0.8700053950135924,-0.8700053950135924,-0.8700053950135924,-0.8700053950135924,-0.8700053950135924,-0.8700053950135924,-0.8700053950135924,-0.8700053950135924,-0.8700053950135924,-0.8700053950135924,-0.8700053950135924,-0.8700053950135924,-0.8700053950135924,-0.8700053950135924,-0.8700053950135924,-0.8700053950135924,-0.8700053950135924,-0.8700053950135924,-0.8314177659663352,-0.8700053950135924,-0.7790148129391957,-0.8700053950135924,-0.8336091621838337,-0.8700053950135924,-0.8700053950135924,-0.8700053950135924,-0.8700053950135924,-0.8700053950135924,-0.8700053950135924,-0.8700053950135924,-0.8700053950135924,-0.8700053950135924,-0.8700053950135924,-0.8700053950135924,-0.8700053950135924,-0.8700053950135924,-0.8700053950135924,-0.8700053950135924,-0.8700053950135924,-0.8700053950135924,-0.8700053950135924,-0.8700053950135924,-0.8700053950135924,-0.8700053950135924,-0.8700053950135924,-0.8700053950135924,-0.8700053950135924,-0.8182162890107738,-0.8700053950135924,-0.8700053950135924,-0.8700053950135924,-0.8700053950135924,-0.27443067598117743,-0.8700053950135924,-0.8700053950135924,-0.8700053950135924,-0.8700053950135924,-0.8700053950135924,-0.8700053950135924,-0.8700053950135924,-0.8700053950135924,-0.8700053950135924,-0.8700053950135924,-0.8700053950135924,-0.8700053950135924,-0.8700053950135924,-0.8700053950135924,-0.8700053950135924,-0.8700053950135924,-0.8700053950135924,-0.8700053950135924,-0.8700053950135924,-0.8700053950135924,-0.8700053950135924,-0.8700053950135924,-0.8700053950135924,-0.8700053950135924,-0.8700053950135924,-0.8700053950135924,-0.8700053950135924,-0.8700053950135924,-0.8700053950135924,-0.7349265927588179,-0.8700053950135924,-0.8700053950135924,-0.826329915617882,-0.7570515689902033,-0.8700053950135924,-0.7589660406177184,-0.8700053950135924,-0.8700053950135924,-0.7306155671549421,-0.8449525387636629,-0.8429338168757555,-0.8700053950135924,-0.8700053950135924,-0.7244204636945576,-0.8700053950135924,-0.8700053950135924,-0.8349715880116857,-0.8700053950135924,-0.8700053950135924,-0.8700053950135924,-0.8406272698595271,-0.8433197660549099,-0.8700053950135924,-0.8310094312674223,-0.8700053950135924,-0.8700053950135924,-0.8700053950135924,-0.8700053950135924,-0.8700053950135924,-0.8700053950135924,-0.8700053950135924,-0.8700053950135924,-0.8700053950135924,-0.8700053950135924,-0.8700053950135924,-0.8700053950135924,-0.8700053950135924,-0.8700053950135924,-0.8700053950135924,-0.8700053950135924,-0.8700053950135924,-0.8700053950135924,-0.8377328732926241,-0.8700053950135924,-0.8700053950135924,-0.8700053950135924,-0.8460517500068043,-0.8700053950135924,-0.8700053950135924,-0.8700053950135924,-0.8700053950135924,-0.8700053950135924,-0.8700053950135924,-0.8700053950135924,-0.8700053950135924,-0.8700053950135924,-0.83741175367351,-0.8700053950135924,-0.8700053950135924,-0.8700053950135924,-0.8700053950135924,-0.8700053950135924,-0.8700053950135924,-0.8700053950135924,-0.48911458633007127,-0.8700053950135924,-0.8232102385181884,-0.8700053950135924,-0.8700053950135924,-0.8700053950135924,-0.8700053950135924,-0.8700053950135924,-0.8700053950135924,-0.8700053950135924,-0.8700053950135924,-0.8700053950135924,-0.8700053950135924,-0.8700053950135924,-0.8700053950135924,-0.8700053950135924,-0.8700053950135924,-0.8700053950135924,-0.8700053950135924,-0.8700053950135924,-0.8700053950135924,-0.8700053950135924,-0.8700053950135924,-0.8700053950135924,-0.8700053950135924,-0.8700053950135924,-0.8700053950135924,-0.8700053950135924,-0.8700053950135924,-0.8700053950135924,-0.8700053950135924,-0.8700053950135924,-0.8700053950135924,-0.8700053950135924,-0.8700053950135924,-0.8700053950135924,-0.8700053950135924,-0.8700053950135924,-0.8700053950135924,-0.8700053950135924,-0.8700053950135924,-0.8700053950135924,-0.8700053950135924,-0.8700053950135924,-0.8700053950135924,-0.8700053950135924,-0.8700053950135924,-0.8700053950135924,-0.8700053950135924,-0.8700053950135924,-0.8700053950135924,-0.8700053950135924,-0.8700053950135924,-0.8700053950135924,-0.8700053950135924,-0.8700053950135924,-0.8700053950135924,-0.8700053950135924,-0.8700053950135924,-0.8700053950135924,-0.8700053950135924,-0.8700053950135924,-0.8700053950135924,1.3137685747719292,-0.8700053950135924,-0.8700053950135924,-0.8700053950135924,-0.8700053950135924,-0.8700053950135924
-0.11203533773096849,-0.538131199345661,1.668437730560575,-0.538131199345661,-0.7033676826920172,-0.4648295453855011,-1.096933728981207,-0.6173030170247277,0.6451039720015455,-0.7033676826920172,-1.0183565364195493,1.0984250298477816,-1.0183565364195493,-0.6173030170247277,-0.21624949762990653,-0.2727860098355923,-1.096933728981207,-1.096933728981207,-0.7033676826920172,-1.096933728981207,-0.538131199345661,-0.6173030170247277,-1.096933728981207,-0.901855017471593,-0.4648295453855011,-0.538131199345661,-0.6173030170247277,-1.0183565364195493,-1.096933728981207,-0.797640857572655,-0.2727860098355923,-1.096933728981207,-0.3327510165778624,-1.096933728981207,-0.797640857572655,-0.11203533773096849,-0.797640857572655,-0.21624949762990653,-1.096933728981207,-0.6173030170247277,-1.096933728981207,-0.901855017471593,-0.4648295453855011,-0.538131199345661,-0.6173030170247277,-1.0183565364195493,-1.096933728981207,-0.797640857572655,-0.2727860098355923,-1.096933728981207,-0.3327510165778624,-1.096933728981207,-0.797640857572655,-0.11203533773096849,-0.797640857572655,-0.21624949762990653,-1.096933728981207,0.7942858609576123,-1.096933728981207,-0.3327510165778624,-0.538131199345661,0.06830250281695922,-0.3327510165778624,-0.017762162850330287,-0.0637760259906795,-1.096933728981207,-0.16277054484031625,-1.096933728981207,0.06830250281695922,0.7942858609576123,-1.096933728981207,-1.096933728981207,-0.901855017471593,-1.096933728981207,0.49645688688845147,1.7006070596461935,0.06830250281695922,1.2955891273952507,1.4497635791329209,0.38329135654449087,0.4414916533030797,0.4414916533030797,-1.096933728981207,0.7539080226586461,-1.096933728981207,1.3756772209003612,-1.096933728981207,1.739401039026293,0.9579994499562016,-0.3327510165778624,-0.901855017471593,-0.538131199345661,-0.6173030170247277,-0.4648295453855011,-0.3965873381778338,-0.6173030170247277,1.1411274748183142,-0.538131199345661,0.8519207849180238,1.5375263047597103,1.8704253214638973,0.32145124083595084,1.8704253214638973,0.2207759744561858,1.2084404948430576,1.7469805372909508,1.8704253214638973,1.2714630610014237,1.7767307402951829,1.2467337808773706,-1.096933728981207,1.609494014237879,1.418689201058362,0.4693560222117804,1.4798913807992997,0.7118114703156233,0.774302965490234,0.6218294938510074,-0.797640857572655,-1.096933728981207,-1.096933728981207,-1.096933728981207,-1.096933728981207,-0.0637760259906795,1.4497635791329209,0.3528545032638245,1.2084404948430576,-0.2727860098355923,1.6519520208818297,-1.096933728981207,1.8609620047267421,-0.2727860098355923,-0.16277054484031625,1.8704253214638973,1.7317630112380535,1.112864989710445,-1.096933728981207,0.7118114703156233,-0.017762162850330287,1.5831159261249594,1.7163077017394575,-1.096933728981207,-1.096933728981207,-1.096933728981207,-1.096933728981207,1.8704253214638973,1.8542103083168513,1.8704253214638973,-1.096933728981207,1.2467337808773706,0.9238884943961923,0.6451039720015455,1.8704253214638973,-0.4648295453855011,1.8704253214638973,-1.096933728981207,-0.16277054484031625,1.8542103083168513,-0.3327510165778624,-1.096933728981207,-1.096933728981207,0.5979941312604431,1.8704253214638973,0.4693560222117804,-1.096933728981207,1.609494014237879,1.3756772209003612,-1.096933728981207,1.4497635791329209,0.5735701821107184,1.8704253214638973,1.8704253214638973,0.9410910094425512,1.4497635791329209,0.9579994499562016,0.06830250281695922,0.7330836812166751,1.8197427204531835,1.5186853601793993,1.8704253214638973,-0.11203533773096849,1.5186853601793993,1.0837711368852283,-0.797640857572655,-1.096933728981207,1.8704253214638973,0.4414916533030797,0.5735701821107184,-1.0183565364195493,1.5831159261249594,1.6765786792613817,1.8704253214638973,1.8704253214638973,1.5091285739165539,0.6218294938510074,1.8704253214638973,1.8704253214638973,1.234133359732534,1.8704253214638973,0.774302965490234,0.2207759744561858,-1.096933728981207,-1.0183565364195493,-1.096933728981207,-1.096933728981207,1.8704253214638973,1.6846531704969507,1.6266965292842381,-0.3965873381778338,0.9410910094425512,1.8704253214638973,1.8704253214638973,-1.096933728981207,1.4497635791329209,1.0688968763861773,1.8704253214638973,1.5651314364284308,0.5228349750013707,-1.096933728981207,1.8704253214638973,1.8704253214638973,0.41281951000609457,1.8704253214638973,1.8704253214638973,1.8704253214638973,1.8704253214638973,-0.797640857572655,-0.2727860098355923,1.1549615420534673,1.3421445288373728,1.0070567606776377,1.0228830132458286,-0.21624949762990653,0.6451039720015455,-0.901855017471593,1.127097173144767,0.9063814942978732,1.0228830132458286,0.7942858609576123,1.0070567606776377,1.0537955191846062,1.0228830132458286,1.4798913807992997,1.0837711368852283,1.3421445288373728,0.14747432049602588,-0.4648295453855011,-1.096933728981207,-0.797640857572655,-1.0183565364195493,0.32145124083595084,-0.4648295453855011,0.6678433569913562,-0.3327510165778624,-1.096933728981207,-0.901855017471593,-0.797640857572655,1.1549615420534673,-1.096933728981207,-0.538131199345661,1.3421445288373728,-1.096933728981207,-0.538131199345661,1.2213703480254048,-1.096933728981207,-0.3327510165778624,1.0070567606776377,-1.096933728981207,-0.3327510165778624,1.0228830132458286,-1.096933728981207,-0.797640857572655,-0.6173030170247277,-0.3327510165778624,1.0837711368852283,1.3421445288373728,-1.096933728981207,-0.6173030170247277,-1.096933728981207,-0.6173030170247277,-0.4648295453855011,-0.538131199345661,0.14747432049602588,-0.538131199345661,-0.538131199345661,-0.3965873381778338,-1.096933728981207,-0.538131199345661,-1.0183565364195493,-1.0183565364195493,-0.16277054484031625,0.32145124083595084,-0.901855017471593,-0.3965873381778338,-0.2727860098355923,-0.3327510165778624,-1.096933728981207,-0.901855017471593,-0.538131199345661,-0.3327510165778624,-1.096933728981207,-1.0183565364195493
-1.0,-1.0,1.0,-1.0,1.0,-1.0,-1.0,-1.0,-1.0,-1.0,-1.0,-1.0,-1.0,-1.0,-1.0,-1.0,-1.0,-1.0,-1.0,-1.0,-1.0,-1.0,-1.0,-1.0,-1.0,-1.0,-1.0,-1.0,-1.0,-1.0,-1.0,-1.0,-1.0,-1.0,-1.0,-1.0,-1.0,-1.0,-1.0,-1.0,-1.0,-1.0,-1.0,-1.0,-1.0,-1.0,-1.0,-1.0,-1.0,-1.0,-1.0,-1.0,-1.0,-1.0,-1.0,-1.0,-1.0,-1.0,-1.0,-1.0,-1.0,-1.0,-1.0,-1.0,-1.0,-1.0,-1.0,-1.0,-1.0,-1.0,-1.0,-1.0,-1.0,-1.0,-1.0,1.0,-1.0,1.0,1.0,-1.0,1.0,-1.0,-1.0,-1.0,-1.0,-1.0,-1.0,-1.0,1.0,-1.0,-1.0,-1.0,-1.0,-1.0,-1.0,-1.0,-1.0,-1.0,-1.0,1.0,-1.0,-1.0,1.0,-1.0,1.0,1.0,-1.0,-1.0,1.0,-1.0,-1.0,-1.0,1.0,-1.0,-1.0,-1.0,-1.0,-1.0,-1.0,-1.0,-1.0,-1.0,-1.0,-1.0,-1.0,-1.0,1.0,-1.0,1.0,-1.0,-1.0,-1.0,-1.0,-1.0,-1.0,-1.0,-1.0,-1.0,-1.0,-1.0,1.0,-1.0,-1.0,-1.0,-1.0,1.0,-1.0,-1.0,-1.0,1.0,-1.0,-1.0,1.0,-1.0,1.0,-1.0,-1.0,1.0,-1.0,-1.0,-1.0,-1.0,-1.0,-1.0,-1.0,-1.0,-1.0,-1.0,1.0,-1.0,-1.0,1.0,-1.0,-1.0,-1.0,-1.0,-1.0,-1.0,1.0,-1.0,-1.0,-1.0,1.0,-1.0,-1.0,1.0,-1.0,-1.0,-1.0,1.0,1.0,1.0,-1.0,1.0,-1.0,-1.0,-1.0,-1.0,-1.0,-1.0,-1.0,-1.0,-1.0,-1.0,-1.0,-1.0,1.0,1.0,-1.0,-1.0,1.0,-1.0,-1.0,-1.0,-1.0,1.0,-1.0,-1.0,-1.0,-1.0,1.0,-1.0,1.0,1.0,-1.0,-1.0,-1.0,-1.0,-1.0,-1.0,-1.0,-1.0,-1.0,-1.0,-1.0,-1.0,-1.0,-1.0,-1.0,-1.0,-1.0,-1.0,-1.0,-1.0,-1.0,-1.0,-1.0,-1.0,-1.0,-1.0,-1.0,-1.0,1.0,-1.0,-1.0,-1.0,-1.0,-1.0,-1.0,-1.0,-1.0,-1.0,-1.0,-1.0,-1.0,-1.0,-1.0,-1.0,-1.0,-1.0,-1.0,-1.0,-1.0,-1.0,-1.0,-1.0,-1.0,-1.0,-1.0,-1.0,-1.0,-1.0,-1.0,-1.0,-1.0,-1.0,-1.0,-1.0,-1.0,-1.0,-1.0,-1.0,-1.0,-1.0,-1.0,-1.0,-1.0,-1.0,1.0,-1.0,-1.0,-1.0
-1.7346329817420907,-1.6691805830595525,-1.6657506552869332,-1.6612349949819738,-1.6606921287158039,-1.6588537861326376,-1.658520663651124,-1.656978429940414,-1.656201144150216,-1.6552758039237898,-1.6549550193119622,-1.653918638258365,-1.648539327075408,-0.915052974261669,-0.8291567255099573,-0.7940554862541948,-0.7869118597061854,-0.781051371605487,-0.7753019243319597,-0.7724025249558244,-0.7630627576037639,-0.7570418771971517,-0.7511443754873961,-0.7445189394661854,-0.7375480430937754,-0.7305771467213656,-0.7241491166151258,-0.7178321273360572,-0.7118729362778732,-0.7056669878259757,-0.6989181731079082,-0.6926998867863249,-0.6860497750257427,-0.679967205270702,-0.6737612568188044,-0.6668273740554517,-0.660387006079526,-0.6535765020130303,-0.6475679594761035,-0.621596743787745,-0.6165382172166156,-0.6108998107702593,-0.6049159439727041,-0.5989320771751487,-0.5934910766437633,-0.5881611169395492,-0.5831889554562198,-0.5779700365791767,-0.5722082514359637,-0.5669769946892349,-0.5613139125035073,-0.5562183723233209,-0.5509994534462779,-0.5450526002577797,-0.5395992618567086,-0.533775787365067,-0.5298029933262777,-0.5117033384973838,-0.5085448438578494,-0.5032395598930065,-0.49992067294755826,-0.46685518218993305,-0.45035945042017744,-0.4371579298564987,-0.42187130931593986,-0.39139677119230765,-0.3901629842237395,-0.3843888612108408,-0.3829946819363589,-0.38148946183470583,-0.34326674154846576,-0.3240196648388034,-0.30332905737591626,-0.28721579956641674,-0.17632302683151532,-0.17032682216427447,-0.16644039321328483,-0.16261565361072372,-0.15663178681316842,-0.1499446614435292,-0.1481186567300485,-0.14431859286685872,-0.14372637512194597,-0.1417399781025513,-0.1410243816607818,-0.13938344499258623,-0.13811264441496104,-0.13631131544085168,-0.13270865749263275,-0.12863716049635798,-0.12821767292704497,-0.12457800136976897,-0.12415851380045577,-0.12116041146683534,-0.12069157241877951,-0.1182733499603859,-0.11712592807961764,-0.11596616832916364,-0.1150038144936805,-0.10989593644380846,-0.10124708979414607,-0.09612687387458849,-0.08984689820457689,-0.08362861188299349,-0.07304271969267923,-0.053709277895216956,-0.04158115199419255,-0.037509654997917606,-0.032512817775216946,-0.027935468121829114,-0.02680038411074661,-0.025196461051607905,-0.02076716583444868,-0.015893707308604385,-0.014092378334495198,-0.00898450028462299,-0.007701361837312249,-0.003913635843808211,-5.083838105603194E-4,0.002378677695889125,0.005191711984224453,0.00800474627255978,0.01083011843058067,0.013902247982315407,0.015469157432396682,0.017591271018333833,0.0203919674369836,0.025919333056168642,0.029188868522874233,0.03231034955335122,0.034321422312117565,0.03686302346736755,0.0407494524183572,0.04421639380003365,0.04944765054676222,0.052408739271325784,0.05346979606429454,0.054271757593863525,0.05685037235817094,0.05860234985353788,0.0636362006852956,0.06697976337011531,0.0673005479819429,0.06760899472408494,0.06791744146622695,0.0727292106436427,0.07971244488573784,0.08406771288478332,0.08628852942820608,0.08943468619805457,0.09359254828212919,0.09664000209449243,0.10285828841607565,0.10913826408608743,0.11619552554629706,0.12309239470059251,0.125436589940872,0.13118603721439942,0.13730562057849738,0.13947708564317715,0.14154984775037133,0.14404209742687904,0.14662071219118647,0.14954478730669296,0.1501493429212911,0.1517532659804298,0.15480071979279303,0.15605918250073228,0.1586377972650397,0.16377035105428303,0.16647234451544718,0.1746400142473682,0.18143818044417842,0.18430056621125637,0.188458428295331,0.19008702709384082,0.19327019747274635,0.19570075780082555,0.20469506480168703,0.2149601723801737,0.21871088476462067,0.2224739350187536,0.2255337267008024,0.23078965918690247,0.23125849823495867,0.23603325380331697,0.241609970901245,0.24306583952415511,0.24376909809623923,0.24676720042985947,0.25610696778192005,0.2676922274167745,0.27735277938066305,0.284545757407415,0.28964129758760127,0.2935277265385909,0.3001531625598014,0.30449609268916134,0.3083948595098365,0.31192349023994115,0.31445275352550595,0.31647616415395746,0.31825281738869554,0.3200294706234336,0.32176911024911464,0.32607502676941746,0.33527907755493536,0.3432370035022,0.34640783601141995,0.3474442170650172,0.3529469069448308,0.3602385879290683,0.36292824352054687,0.36434709853439995,0.36690103755933623,0.37499468007314274,0.3836065131137481,0.3869130621895107,0.3874929420647377,0.39015792191684484,0.3968450472864839,0.5115008702755183,0.5192613903078116,0.5303531351552387,0.5385331427568453,0.544467658075658,0.5573113804184521,0.56017376618553,0.5702538057187314,0.5819994576594997,0.5925113226316998,0.6032329313885567,0.6120298324744473,0.6212338832599656,0.6333126576822474,0.7010599001263221,0.7044404764201985,0.770953931895705,0.774174115883668,0.8402804216595469,0.8436733358231092,0.9095205463355891,0.9133699616775217,0.9840289413674169,0.9877549780124928,1.0008207820096293,1.002177947675054,1.0160457132017595,1.0177730149577549,1.0274459047913287,1.0359960484835058,1.0380564727210144,1.039549354952982,1.0420045910204323,1.0423994028503742,1.0439663123004557,1.0539970003549144,1.086248191713285,1.0918249088112124,1.0970191519488843,1.1373269722120043,1.1431010952249032,1.1482953383625747,1.1888375781497225,1.194475984596079,1.199781268560922,1.2389910184220163,1.2444443568230872,1.24974964078793,1.2899340823541936,1.29539975862495,1.3004829609354507,1.3388413977882332,1.3463798361661843,1.3559170094332156,1.3602105880838327,1.3658489945301888,1.3710062240588037,1.4291916174964754,1.4347683345944033,1.437655396100853,1.4405301197376164,1.4437256279862078,1.4466497031017143,1.449364034432564,1.4518316083697003,1.4551134817060916,1.457112216595172,1.4590492621358238,1.4610726727642753,1.4633058271773836,1.4671305667799448,1.4727813110959869,1.478654137066371,1.5128300360957074,1.5160008686049273,1.5166177620892114,1.5182833744967783,1.5190483224172906,1.5723109058503757,1.5882144198752186,1.602242577707838
-1.1401173367911488,-1.1388900664704715,-1.138758576503529,-1.1385752620770972,-1.138552443470254,-1.1384739267098691,-1.1384594931645622,-1.138391848837902,-1.1383572434654774,-1.1383155986250364,-1.1383010480885336,-1.1382536387374014,-1.137997748738324,-0.9490128330635993,-0.9068695401851402,-0.8884402056026026,-0.88460375435368,-0.8814347374866275,-0.8783067857411572,-0.8767222551256152,-0.871585541394299,-0.8682478628260754,-0.8649585939421374,-0.8612397363740851,-0.8573000232336611,-0.8533326767122202,-0.8496498024850339,-0.8460076562993588,-0.8425510028789567,-0.8389297507668225,-0.8349668700802213,-0.8312925871964941,-0.8273388136447246,-0.8237004470580742,-0.8199665961788495,-0.8157688731311814,-0.8118454293845869,-0.8076708407290982,-0.8039659246335065,-0.7877157088335053,-0.7845059534507016,-0.7809111013562423,-0.7770762215029359,-0.773220979641486,-0.7696978167912576,-0.7662302320303545,-0.7629808603470134,-0.7595551068853271,-0.7557550209840382,-0.7522884846858523,-0.7485182535699924,-0.7451102795671843,-0.7416044823135282,-0.7375908167573484,-0.7338925587722354,-0.7299246156086814,-0.7272066055142327,-0.7147100296780119,-0.7125102136251041,-0.7088024427798661,-0.7064747919666262,-0.6829427422550993,-0.6709706034534147,-0.661277838310111,-0.6499303364939728,-0.6269120854522131,-0.6259690489853544,-0.621544132931036,-0.6204728821208685,-0.6193150695553079,-0.5894824606013641,-0.5741457224882628,-0.5574237749880999,-0.544232579054526,-0.4494451218793966,-0.44412047938633076,-0.4406584015217654,-0.43724289139020417,-0.4318825822505303,-0.4258682064122197,-0.4242214845668526,-0.42078844402093407,-0.4202526851125787,-0.4184542040454117,-0.41780575426590966,-0.4163176923483267,-0.41516423139645664,-0.41352765502065447,-0.41024896667675875,-0.40653471565326743,-0.40615149958698493,-0.4028223359262414,-0.4024381515554712,-0.39968944990504707,-0.3992591496218766,-0.39703772097125495,-0.3959825124543607,-0.39491519679865894,-0.39402897122180147,-0.3893163425244104,-0.3813029167440571,-0.37653883161386437,-0.3706752962940168,-0.3648472618507883,-0.3548751478744953,-0.3364982035335077,-0.3248616084656546,-0.3209363681705765,-0.31610614384462615,-0.3116689591231456,-0.3105667893534726,-0.3090081264305165,-0.30469622062508567,-0.2999390324786267,-0.29817726072099954,-0.2931715172698746,-0.291911704136314,-0.2881873714841803,-0.28483214709321397,-0.28198233505530107,-0.27920103597013307,-0.2764152369439243,-0.2736126899117357,-0.27056022743861613,-0.2690012821872959,-0.26688772885457185,-0.2640944098005068,-0.2585685154428987,-0.25529167233971545,-0.25215754230781245,-0.2501353853278022,-0.24757648585641026,-0.24365650237438158,-0.2401523795274571,-0.23485208193702617,-0.23184501607305824,-0.23076627068483954,-0.22995051505551573,-0.2273250683691271,-0.22553911479537062,-0.22039793007865913,-0.21697511026967115,-0.21664638742985054,-0.2163302525916505,-0.21601406365097364,-0.21107451098772836,-0.20388240715919792,-0.19938283146154798,-0.19708427778265303,-0.19382319235043355,-0.1895048092233598,-0.18633346015002208,-0.17984598490093823,-0.17327183285295472,-0.16585722155195054,-0.15858376002034083,-0.15610540433436754,-0.150013679786504,-0.14350913204642587,-0.1411959476727988,-0.13898540669115944,-0.13632425942508955,-0.13356717630553364,-0.13043614820667224,-0.12978819829077357,-0.12806814032178349,-0.12479599980587786,-0.12344321074369272,-0.12066850614449076,-0.11513439582804795,-0.1122149870132943,-0.10336486439599822,-0.09596974665018121,-0.09284815043085796,-0.08830546336939141,-0.08652345243788374,-0.08303607603878792,-0.08036935478930915,-0.0704719148259653,-0.059119858576771635,-0.054957044697755565,-0.05077249794039903,-0.04736404536872285,-0.04149677615562304,-0.04097264157557238,-0.03562762586432996,-0.02936845475692249,-0.027731512215558193,-0.026940353995947783,-0.023564366329588866,-0.013014636176534524,1.404172683278637E-4,0.011168324847340098,0.01941386661347055,0.025272851958306693,0.02975149501817064,0.03740631763690456,0.042437548115589016,0.0469633572385676,0.05106695288377769,0.054012697918565965,0.05637191319878186,0.05844533894092207,0.06052055967339452,0.06255428592702925,0.06759552064617344,0.07840669617046196,0.08779299264046916,0.0915429922000773,0.0927699127590629,0.09929450767415161,0.10796685349156034,0.11117342314740607,0.11286661966951703,0.11591725832650517,0.12560948590759968,0.13596315790403232,0.13994969846934904,0.1406494713731501,0.14386790773639643,0.15196158077731428,0.29468955590460244,0.30462026967021316,0.31887322519482,0.3294294047959207,0.3371116261207685,0.35380638180268914,0.35753980172322497,0.3707243271676734,0.3861603368332841,0.4000414416638189,0.4142642472198834,0.42598264246251155,0.4382905125388533,0.4545156232314987,0.5470564411704621,0.551742581468372,0.6452650793256356,0.6498567280897791,0.745420545072108,0.7503924166072647,0.8481792326403463,0.8539721151895713,0.9618018530489074,0.9675668090249743,0.987844715734096,0.9899565795113946,1.0115960203637588,1.0142989835639424,1.0294669316447975,1.0429186160715616,1.046166435836178,1.0485211548543216,1.0523965481137936,1.0530200468697937,1.0554954315507183,1.0713748687080447,1.1228189909024269,1.1317744365857414,1.1401315889047634,1.2055053763651074,1.2149458724798967,1.2234544836870491,1.2903933407125154,1.2997768891229606,1.3086225566393481,1.3744944918751438,1.3837252914645661,1.3927217101221248,1.4613841052042953,1.470794146342419,1.479560943527916,1.5461900151818526,1.5593827508719138,1.576119701291849,1.5836714614191696,1.5936044944930352,1.6027056811684839,1.7064359100240105,1.716478927330317,1.7216851362989463,1.726873806066975,1.7326469843643275,1.7379348647438366,1.7428477972572491,1.7473177352286065,1.753268117791797,1.7568950359913966,1.7604121799627295,1.7640884178069918,1.7681484318296574,1.775108634956987,1.7854069979481721,1.7961293425726301,1.8589153464611488,1.8647742890433874,1.865914825519513,1.8689953549725389,1.8704106452933822,1.9697741494633885,1.9997555596619598,2.0263209232920927
-1.0,-1.0,-1.0,-1.0,-1.0,-1.0,-1.0,-1.0,1.0,-1.0,-1.0,1.0,-1.0,-1.0,1.0,-1.0,-1.0,-1.0,-1.0,-1.0,-1.0,-1.0,-1.0,-1.0,-1.0,-1.0,-1.0,-1.0,-1.0,-1.0,-1.0,-1.0,-1.0,-1.0,-1.0,-1.0,-1.0,-1.0,-1.0,-1.0,-1.0,-1.0,-1.0,-1.0,-1.0,-1.0,-1.0,-1.0,-1.0,-1.0,-1.0,-1.0,-1.0,-1.0,-1.0,-1.0,-1.0,-1.0,-1.0,-1.0,-1.0,-1.0,-1.0,-1.0,-1.0,-1.0,-1.0,-1.0,1.0,-1.0,-1.0,-1.0,-1.0,-1.0,-1.0,1.0,-1.0,-1.0,-1.0,-1.0,-1.0,-1.0,-1.0,-1.0,1.0,-1.0,-1.0,1.0,-1.0,-1.0,-1.0,-1.0,-1.0,-1.0,-1.0,-1.0,1.0,-1.0,1.0,1.0,1.0,1.0,1.0,1.0,1.0,1.0,1.0,1.0,1.0,-1.0,-1.0,1.0,-1.0,-1.0,-1.0,-1.0,-1.0,-1.0,-1.0,-1.0,-1.0,-1.0,-1.0,-1.0,1.0,1.0,1.0,-1.0,-1.0,-1.0,1.0,1.0,-1.0,-1.0,1.0,-1.0,1.0,-1.0,-1.0,-1.0,-1.0,-1.0,-1.0,-1.0,1.0,1.0,1.0,-1.0,-1.0,1.0,-1.0,-1.0,1.0,1.0,1.0,-1.0,-1.0,1.0,-1.0,-1.0,-1.0,-1.0,1.0,-1.0,-1.0,1.0,-1.0,-1.0,1.0,-1.0,-1.0,1.0,1.0,-1.0,-1.0,-1.0,-1.0,1.0,1.0,1.0,-1.0,-1.0,-1.0,-1.0,1.0,1.0,1.0,-1.0,-1.0,1.0,1.0,1.0,-1.0,-1.0,-1.0,1.0,1.0,-1.0,1.0,-1.0,-1.0,-1.0,-1.0,-1.0,-1.0,-1.0,1.0,-1.0,-1.0,1.0,1.0,-1.0,-1.0,1.0,-1.0,1.0,-1.0,-1.0,1.0,1.0,1.0,-1.0,1.0,1.0,-1.0,1.0,-1.0,-1.0,-1.0,-1.0,-1.0,-1.0,-1.0,-1.0,-1.0,-1.0,1.0,-1.0,1.0,-1.0,1.0,-1.0,1.0,-1.0,1.0,-1.0,-1.0,-1.0,-1.0,-1.0,-1.0,-1.0,-1.0,-1.0,1.0,-1.0,-1.0,-1.0,-1.0,-1.0,-1.0,-1.0,-1.0,-1.0,-1.0,-1.0,-1.0,-1.0,-1.0,-1.0,-1.0,-1.0,1.0,-1.0,-1.0,1.0,-1.0,-1.0,-1.0,-1.0,-1.0,-1.0,-1.0,-1.0,-1.0,-1.0,-1.0,-1.0,-1.0,-1.0,-1.0,-1.0,-1.0,1.0,-1.0,-1.0,-1.0,-1.0,-1.0,-1.0,-1.0,-1.0
-1.0,-1.0,-1.0,-1.0,-1.0,-1.0,-1.0,-1.0,-1.0,-1.0,-1.0,-1.0,-1.0,-1.0,-1.0,-1.0,-1.0,-1.0,-1.0,-1.0,-1.0,-1.0,-1.0,-1.0,-1.0,-1.0,-1.0,-1.0,-1.0,-1.0,-1.0,-1.0,-1.0,-1.0,-1.0,-1.0,-1.0,-1.0,-1.0,-1.0,-1.0,-1.0,-1.0,-1.0,-1.0,-1.0,-1.0,-1.0,-1.0,-1.0,-1.0,-1.0,-1.0,-1.0,-1.0,-1.0,-1.0,-1.0,-1.0,-1.0,-1.0,-1.0,-1.0,-1.0,-1.0,-1.0,-1.0,-1.0,-1.0,-1.0,-1.0,-1.0,-1.0,-1.0,-1.0,-1.0,-1.0,-1.0,-1.0,-1.0,-1.0,-1.0,-1.0,-1.0,-1.0,-1.0,-1.0,-1.0,-1.0,-1.0,-1.0,-1.0,-1.0,-1.0,-1.0,-1.0,-1.0,-1.0,-1.0,-1.0,-1.0,1.0,-1.0,-1.0,-1.0,-1.0,-1.0,-1.0,-1.0,-1.0,-1.0,-1.0,-1.0,-1.0,-1.0,-1.0,-1.0,-1.0,-1.0,-1.0,-1.0,-1.0,-1.0,-1.0,-1.0,1.0,-1.0,-1.0,-1.0,-1.0,-1.0,-1.0,-1.0,-1.0,-1.0,-1.0,-1.0,-1.0,-1.0,-1.0,-1.0,-1.0,-1.0,-1.0,-1.0,-1.0,-1.0,-1.0,-1.0,-1.0,-1.0,-1.0,-1.0,1.0,-1.0,-1.0,-1.0,-1.0,-1.0,-1.0,-1.0,-1.0,-1.0,-1.0,-1.0,-1.0,-1.0,-1.0,-1.0,-1.0,-1.0,-1.0,1.0,-1.0,-1.0,-1.0,-1.0,-1.0,-1.0,-1.0,-1.0,-1.0,-1.0,-1.0,-1.0,-1.0,1.0,-1.0,-1.0,-1.0,-1.0,-1.0,-1.0,-1.0,-1.0,-1.0,-1.0,-1.0,-1.0,-1.0,-1.0,-1.0,-1.0,-1.0,-1.0,-1.0,-1.0,-1.0,-1.0,-1.0,-1.0,-1.0,-1.0,-1.0,-1.0,-1.0,-1.0,-1.0,-1.0,-1.0,-1.0,-1.0,-1.0,-1.0,-1.0,-1.0,-1.0,-1.0,-1.0,-1.0,-1.0,-1.0,-1.0,-1.0,-1.0,-1.0,-1.0,-1.0,-1.0,-1.0,-1.0,-1.0,-1.0,-1.0,-1.0,-1.0,-1.0,-1.0,-1.0,-1.0,-1.0,-1.0,-1.0,-1.0,-1.0,-1.0,-1.0,-1.0,-1.0,-1.0,-1.0,-1.0,-1.0,-1.0,-1.0,-1.0,-1.0,-1.0,-1.0,-1.0,-1.0,-1.0,-1.0,-1.0,-1.0,-1.0,-1.0,-1.0,-1.0,-1.0,-1.0,-1.0,-1.0,-1.0,-1.0,-1.0,-1.0,-1.0,-1.0,-1.0,-1.0,-1.0,-1.0,-1.0,-1.0,-1.0,-1.0,-1.0,-1.0,-1.0,-1.0,-1.0
-1.0,-1.0,-1.0,-1.0,-1.0,-1.0,-1.0,-1.0,-1.0,-1.0,-1.0,-1.0,-1.0,-1.0,-1.0,-1.0,-1.0,-1.0,-1.0,-1.0,-1.0,-1.0,-1.0,-1.0,-1.0,-1.0,-1.0,-1.0,-1.0,-1.0,-1.0,-1.0,-1.0,-1.0,-1.0,-1.0,-1.0,-1.0,-1.0,-1.0,-1.0,-1.0,-1.0,-1.0,-1.0,-1.0,-1.0,-1.0,-1.0,-1.0,-1.0,-1.0,-1.0,-1.0,-1.0,-1.0,-1.0,-1.0,-1.0,-1.0,-1.0,-1.0,-1.0,-1.0,-1.0,-1.0,-1.0,-1.0,-1.0,-1.0,-1.0,-1.0,-1.0,-1.0,-1.0,-1.0,-1.0,-1.0,-1.0,-1.0,-1.0,-1.0,-1.0,-1.0,-1.0,-1.0,-1.0,-1.0,-1.0,-1.0,-1.0,-1.0,-1.0,-1.0,-1.0,-1.0,-1.0,-1.0,-1.0,-1.0,-1.0,-1.0,-1.0,-1.0,-1.0,-1.0,-1.0,-1.0,-1.0,-1.0,-1.0,-1.0,-1.0,-1.0,-1.0,-1.0,-1.0,-1.0,-1.0,-1.0,-1.0,-1.0,-1.0,-1.0,-1.0,-1.0,-1.0,-1.0,-1.0,-1.0,-1.0,-1.0,-1.0,-1.0,-1.0,-1.0,-1.0,-1.0,-1.0,-1.0,-1.0,-1.0,-1.0,-1.0,-1.0,-1.0,-1.0,-1.0,-1.0,-1.0,-1.0,-1.0,-1.0,-1.0,-1.0,-1.0,-1.0,-1.0,-1.0,-1.0,-1.0,-1.0,-1.0,-1.0,-1.0,-1.0,-1.0,-1.0,-1.0,-1.0,-1.0,-1.0,-1.0,-1.0,-1.0,-1.0,-1.0,-1.0,-1.0,-1.0,-1.0,-1.0,-1.0,-1.0,-1.0,-1.0,-1.0,-1.0,-1.0,-1.0,-1.0,-1.0,-1.0,-1.0,-1.0,-1.0,-1.0,-1.0,-1.0,-1.0,-1.0,-1.0,-1.0,-1.0,-1.0,-1.0,-1.0,-1.0,-1.0,-1.0,-1.0,-1.0,-1.0,-1.0,-1.0,-1.0,-1.0,-1.0,-1.0,-1.0,-1.0,-1.0,-1.0,-1.0,-1.0,-1.0,-1.0,-1.0,-1.0,-1.0,-1.0,-1.0,-1.0,-1.0,-1.0,-1.0,-1.0,-1.0,-1.0,-1.0,-1.0,-1.0,-1.0,-1.0,-1.0,-1.0,-1.0,-1.0,-1.0,-1.0,-1.0,-1.0,-1.0,-1.0,-1.0,-1.0,-1.0,-1.0,-1.0,-1.0,-1.0,-1.0,-1.0,-1.0,-1.0,-1.0,-1.0,-1.0,-1.0,-1.0,-1.0,-1.0,-1.0,-1.0,-1.0,-1.0,-1.0,-1.0,-1.0,-1.0,-1.0,-1.0,-1.0,-1.0,-1.0,-1.0,-1.0,-1.0,-1.0,-1.0,-1.0,-1.0,-1.0,-1.0,-1.0,-1.0,1.0,-1.0,-1.0,-1.0,-1.0,-1.0
-1.0,-1.0,-1.0,-1.0,-1.0,-1.0,-1.0,-1.0,-1.0,-1.0,-1.0,-1.0,-1.0,-1.0,-1.0,-1.0,-1.0,-1.0,-1.0,-1.0,-1.0,-1.0,-1.0,-1.0,-1.0,-1.0,-1.0,-1.0,-1.0,-1.0,-1.0,-1.0,-1.0,-1.0,-1.0,-1.0,-1.0,-1.0,-1.0,-1.0,-1.0,-1.0,-1.0,-1.0,-1.0,-1.0,-1.0,-1.0,-1.0,-1.0,-1.0,-1.0,-1.0,-1.0,-1.0,-1.0,-1.0,-1.0,-1.0,-1.0,-1.0,-1.0,-1.0,-1.0,-1.0,-1.0,-1.0,-1.0,-1.0,-1.0,-1.0,-1.0,-1.0,-1.0,-1.0,-1.0,-1.0,-1.0,-1.0,-1.0,-1.0,-1.0,-1.0,-1.0,-1.0,-1.0,-1.0,-1.0,-1.0,-1.0,-1.0,-1.0,-1.0,-1.0,-1.0,-1.0,-1.0,-1.0,-1.0,-1.0,-1.0,-1.0,-1.0,-1.0,-1.0,-1.0,-1.0,-1.0,-1.0,-1.0,-1.0,-1.0,-1.0,-1.0,-1.0,-1.0,-1.0,-1.0,-1.0,-1.0,-1.0,-1.0,-1.0,-1.0,-1.0,-1.0,-1.0,-1.0,-1.0,-1.0,-1.0,-1.0,-1.0,-1.0,-1.0,-1.0,-1.0,-1.0,-1.0,-1.0,-1.0,-1.0,-1.0,-1.0,-1.0,-1.0,-1.0,-1.0,-1.0,-1.0,-1.0,-1.0,-1.0,-1.0,-1.0,-1.0,-1.0,-1.0,-1.0,-1.0,-1.0,-1.0,-1.0,-1.0,-1.0,-1.0,-1.0,-1.0,-1.0,-1.0,-1.0,-1.0,-1.0,-1.0,-1.0,-1.0,-1.0,-1.0,-1.0,-1.0,-1.0,-1.0,-1.0,-1.0,-1.0,-1.0,-1.0,-1.0,-1.0,-1.0,-1.0,-1.0,-1.0,-1.0,-1.0,-1.0,-1.0,-1.0,-1.0,-1.0,-1.0,-1.0,-1.0,-1.0,-1.0,-1.0,-1.0,-1.0,-1.0,-1.0,-1.0,-1.0,-1.0,-1.0,-1.0,-1.0,-1.0,-1.0,-1.0,-1.0,-1.0,-1.0,-1.0,-1.0,-1.0,-1.0,-1.0,-1.0,-1.0,-1.0,-1.0,-1.0,-1.0,-1.0,-1.0,-1.0,-1.0,-1.0,-1.0,-1.0,-1.0,-1.0,-1.0,-1.0,-1.0,-1.0,-1.0,-1.0,-1.0,-1.0,-1.0,-1.0,-1.0,-1.0,-1.0,-1.0,-1.0,-1.0,-1.0,-1.0,-1.0,-1.0,-1.0,-1.0,-1.0,-1.0,-1.0,-1.0,-1.0,-1.0,-1.0,-1.0,-1.0,-1.0,-1.0,-1.0,-1.0,-1.0,-1.0,-1.0,-1.0,-1.0,-1.0,-1.0,-1.0,-1.0,-1.0,-1.0,-1.0,-1.0,-1.0,-1.0,-1.0,-1.0,-1.0,-1.0,-1.0,-1.0,-1.0,-1.0,-1.0,-1.0
-1.0,-1.0,-1.0,-1.0,-1.0,-1.0,-1.0,-1.0,-1.0,-1.0,-1.0,-1.0,-1.0,-1.0,-1.0,-1.0,-1.0,-1.0,-1.0,-1.0,-1.0,-1.0,-1.0,-1.0,-1.0,-1.0,-1.0,-1.0,-1.0,-1.0,-1.0,-1.0,-1.0,-1.0,-1.0,-1.0,-1.0,-1.0,-1.0,-1.0,-1.0,-1.0,-1.0,-1.0,-1.0,-1.0,-1.0,-1.0,-1.0,-1.0,-1.0,-1.0,-1.0,-1.0,-1.0,-1.0,-1.0,-1.0,-1.0,-1.0,-1.0,-1.0,-1.0,-1.0,-1.0,-1.0,-1.0,-1.0,-1.0,-1.0,-1.0,-1.0,-1.0,-1.0,-1.0,-1.0,-1.0,-1.0,-1.0,-1.0,-1.0,-1.0,-1.0,-1.0,-1.0,-1.0,-1.0,-1.0,-1.0,-1.0,-1.0,-1.0,-1.0,-1.0,-1.0,-1.0,-1.0,-1.0,-1.0,-1.0,-1.0,-1.0,-1.0,-1.0,-1.0,-1.0,-1.0,-1.0,-1.0,-1.0,-1.0,-1.0,-1.0,-1.0,-1.0,-1.0,-1.0,-1.0,-1.0,-1.0,-1.0,-1.0,-1.0,-1.0,-1.0,-1.0,-1.0,-1.0,-1.0,-1.0,-1.0,-1.0,-1.0,-1.0,-1.0,-1.0,-1.0,-1.0,-1.0,-1.0,-1.0,-1.0,-1.0,-1.0,-1.0,-1.0,-1.0,-1.0,-1.0,-1.0,-1.0,-1.0,-1.0,-1.0,-1.0,-1.0,-1.0,-1.0,-1.0,-1.0,-1.0,-1.0,-1.0,-1.0,-1.0,-1.0,-1.0,-1.0,-1.0,-1.0,-1.0,-1.0,-1.0,-1.0,-1.0,-1.0,-1.0,-1.0,-1.0,-1.0,-1.0,-1.0,-1.0,-1.0,-1.0,-1.0,-1.0,-1.0,-1.0,-1.0,-1.0,-1.0,-1.0,-1.0,-1.0,-1.0,-1.0,-1.0,-1.0,-1.0,-1.0,-1.0,-1.0,-1.0,-1.0,-1.0,-1.0,-1.0,-1.0,-1.0,-1.0,-1.0,-1.0,-1.0,-1.0,-1.0,-1.0,-1.0,-1.0,-1.0,-1.0,-1.0,-1.0,-1.0,-1.0,-1.0,-1.0,-1.0,-1.0,-1.0,-1.0,-1.0,-1.0,-1.0,-1.0,-1.0,-1.0,-1.0,-1.0,-1.0,-1.0,-1.0,-1.0,-1.0,-1.0,-1.0,-1.0,-1.0,-1.0,-1.0,-1.0,-1.0,-1.0,-1.0,-1.0,-1.0,-1.0,-1.0,-1.0,-1.0,-1.0,-1.0,-1.0,-1.0,-1.0,-1.0,-1.0,-1.0,-1.0,-1.0,-1.0,-1.0,-1.0,-1.0,-1.0,-1.0,-1.0,-1.0,-1.0,-1.0,-1.0,-1.0,-1.0,-1.0,-1.0,-1.0,-1.0,-1.0,-1.0,-1.0,-1.0,-1.0,-1.0,-1.0,-1.0,-1.0,-1.0,-1.0,-1.0,-1.0,-1.0,-1.0
-1.0,-1.0,-1.0,-1.0,-1.0,-1.0,-1.0,-1.0,-1.0,-1.0,-1.0,-1.0,-1.0,-1.0,-1.0,-1.0,-1.0,-1.0,-1.0,-1.0,-1.0,-1.0,-1.0,-1.0,-1.0,-1.0,-1.0,-1.0,-1.0,-1.0,-1.0,-1.0,-1.0,-1.0,-1.0,-1.0,-1.0,-1.0,-1.0,-1.0,-1.0,-1.0,-1.0,-1.0,-1.0,-1.0,-1.0,-1.0,-1.0,-1.0,-1.0,-1.0,-1.0,-1.0,-1.0,-1.0,-1.0,-1.0,-1.0,-1.0,-1.0,-1.0,-1.0,-1.0,-1.0,-1.0,-1.0,-1.0,-1.0,-1.0,-1.0,-1.0,-1.0,-1.0,-1.0,-1.0,-1.0,-1.0,-1.0,-1.0,-1.0,-1.0,-1.0,-1.0,-1.0,-1.0,-1.0,-1.0,-1.0,-1.0,-1.0,-1.0,-1.0,-1.0,-1.0,-1.0,-1.0,-1.0,-1.0,-1.0,-1.0,-1.0,-1.0,-1.0,-1.0,-1.0,-1.0,-1.0,-1.0,-1.0,-1.0,-1.0,-1.0,-1.0,-1.0,-1.0,-1.0,-1.0,-1.0,-1.0,-1.0,-1.0,-1.0,-1.0,-1.0,-1.0,-1.0,-1.0,-1.0,-1.0,-1.0,-1.0,-1.0,-1.0,-1.0,-1.0,-1.0,-1.0,-1.0,-1.0,-1.0,-1.0,-1.0,-1.0,-1.0,-1.0,-1.0,-1.0,-1.0,-1.0,-1.0,-1.0,-1.0,-1.0,-1.0,-1.0,-1.0,-1.0,-1.0,-1.0,-1.0,-1.0,-1.0,-1.0,-1.0,-1.0,-1.0,-1.0,-1.0,-1.0,-1.0,-1.0,-1.0,-1.0,-1.0,-1.0,-1.0,-1.0,-1.0,-1.0,-1.0,-1.0,-1.0,-1.0,-1.0,-1.0,-1.0,-1.0,-1.0,-1.0,-1.0,-1.0,-1.0,-1.0,-1.0,-1.0,-1.0,-1.0,-1.0,-1.0,-1.0,-1.0,-1.0,-1.0,-1.0,-1.0,-1.0,-1.0,-1.0,-1.0,-1.0,-1.0,-1.0,-1.0,-1.0,-1.0,-1.0,-1.0,-1.0,-1.0,-1.0,-1.0,-1.0,-1.0,-1.0,-1.0,-1.0,-1.0,-1.0,-1.0,-1.0,-1.0,-1.0,-1.0,-1.0,-1.0,-1.0,-1.0,-1.0,-1.0,-1.0,-1.0,-1.0,-1.0,-1.0,-1.0,-1.0,-1.0,-1.0,-1.0,-1.0,-1.0,-1.0,-1.0,-1.0,-1.0,-1.0,-1.0,-1.0,-1.0,-1.0,-1.0,-1.0,-1.0,-1.0,-1.0,-1.0,-1.0,-1.0,-1.0,-1.0,-1.0,-1.0,-1.0,-1.0,-1.0,-1.0,-1.0,-1.0,-1.0,-1.0,-1.0,-1.0,-1.0,-1.0,-1.0,-1.0,-1.0,-1.0,-1.0,-1.0,-1.0,-1.0,-1.0,-1.0,-1.0,-1.0,-1.0,-1.0,-1.0,-1.0,-1.0
-1.0,-1.0,-1.0,-1.0,-1.0,-1.0,-1.0,-1.0,1.0,-1.0,-1.0,-1.0,-1.0,-1.0,-1.0,-1.0,-1.0,-1.0,-1.0,-1.0,-1.0,-1.0,-1.0,-1.0,-1.0,-1.0,-1.0,-1.0,-1.0,-1.0,-1.0,-1.0,-1.0,-1.0,-1.0,-1.0,-1.0,-1.0,-1.0,-1.0,-1.0,-1.0,-1.0,-1.0,-1.0,-1.0,-1.0,-1.0,-1.0,-1.0,-1.0,-1.0,-1.0,-1.0,-1.0,-1.0,-1.0,-1.0,-1.0,-1.0,-1.0,1.0,-1.0,-1.0,-1.0,-1.0,-1.0,-1.0,-1.0,-1.0,-1.0,-1.0,-1.0,-1.0,-1.0,-1.0,-1.0,-1.0,-1.0,-1.0,-1.0,-1.0,-1.0,-1.0,-1.0,-1.0,-1.0,-1.0,-1.0,-1.0,-1.0,-1.0,-1.0,-1.0,-1.0,-1.0,-1.0,-1.0,-1.0,-1.0,-1.0,-1.0,-1.0,-1.0,-1.0,-1.0,-1.0,-1.0,-1.0,-1.0,-1.0,-1.0,-1.0,-1.0,-1.0,-1.0,-1.0,-1.0,-1.0,-1.0,-1.0,-1.0,-1.0,-1.0,-1.0,-1.0,-1.0,-1.0,-1.0,-1.0,-1.0,-1.0,-1.0,-1.0,-1.0,-1.0,-1.0,-1.0,1.0,-1.0,-1.0,-1.0,-1.0,-1.0,-1.0,-1.0,-1.0,-1.0,-1.0,-1.0,-1.0,-1.0,-1.0,-1.0,-1.0,-1.0,-1.0,-1.0,-1.0,-1.0,-1.0,-1.0,-1.0,-1.0,-1.0,-1.0,-1.0,-1.0,1.0,-1.0,-1.0,-1.0,-1.0,-1.0,-1.0,-1.0,-1.0,1.0,-1.0,-1.0,-1.0,-1.0,1.0,-1.0,-1.0,1.0,-1.0,-1.0,-1.0,-1.0,1.0,-1.0,1.0,-1.0,-1.0,-1.0,-1.0,-1.0,-1.0,-1.0,-1.0,-1.0,-1.0,-1.0,-1.0,-1.0,-1.0,-1.0,-1.0,-1.0,-1.0,-1.0,-1.0,-1.0,-1.0,1.0,-1.0,-1.0,-1.0,-1.0,-1.0,-1.0,-1.0,-1.0,-1.0,-1.0,-1.0,-1.0,-1.0,-1.0,-1.0,-1.0,-1.0,-1.0,-1.0,-1.0,-1.0,-1.0,-1.0,-1.0,-1.0,-1.0,-1.0,-1.0,-1.0,-1.0,-1.0,-1.0,-1.0,-1.0,-1.0,-1.0,-1.0,-1.0,-1.0,-1.0,-1.0,-1.0,-1.0,-1.0,-1.0,-1.0,-1.0,-1.0,-1.0,-1.0,-1.0,-1.0,-1.0,-1.0,-1.0,-1.0,-1.0,-1.0,-1.0,-1.0,-1.0,-1.0,-1.0,-1.0,-1.0,-1.0,-1.0,-1.0,-1.0,-1.0,-1.0,-1.0,-1.0,-1.0,-1.0,-1.0,-1.0,-1.0,-1.0,-1.0,1.0,-1.0,-1.0,-1.0,-1.0,-1.0
-0.47847101069523384,0.12695613510809048,-0.9597079727440301,1.337810426714739,-0.47847101069523384,1.337810426714739,-1.0838981564985581,0.5305742323103066,-0.6802800592963419,0.12695613510809048,1.337810426714739,-1.0838981564985581,1.337810426714739,0.12695613510809048,0.5305742323103066,-0.5995564398558987,1.337810426714739,1.337810426714739,0.12695613510809048,1.337810426714739,-0.27666196209412575,1.337810426714739,1.337810426714739,1.337810426714739,1.337810426714739,1.337810426714739,1.337810426714739,1.337810426714739,1.337810426714739,1.337810426714739,1.337810426714739,1.337810426714739,1.337810426714739,1.337810426714739,1.337810426714739,1.337810426714739,1.337810426714739,1.337810426714739,1.337810426714739,1.337810426714739,1.337810426714739,1.337810426714739,1.337810426714739,1.337810426714739,1.337810426714739,1.337810426714739,1.337810426714739,1.337810426714739,1.337810426714739,1.337810426714739,1.337810426714739,1.337810426714739,1.337810426714739,1.337810426714739,1.337810426714739,1.337810426714739,0.0,-0.39198141843761614,1.337810426714739,1.337810426714739,-1.0838981564985581,-0.27666196209412575,-0.27666196209412575,0.12695613510809048,0.12695613510809048,1.337810426714739,-0.27666196209412575,1.337810426714739,-0.47847101069523384,-0.39198141843761614,1.337810426714739,1.337810426714739,1.337810426714739,1.337810426714739,0.934192329512523,-0.8637428307518948,0.12695613510809048,-0.781184583596896,-0.7714196296323262,-0.47847101069523384,-0.19168973110418552,-1.0838981564985581,-1.0838981564985581,-1.0838981564985581,0.0,-0.781184583596896,-1.0838981564985581,-0.8532592438115775,-0.5740647705589167,1.337810426714739,0.12695613510809048,1.337810426714739,0.5305742323103066,1.337810426714739,-0.47847101069523384,1.337810426714739,-0.9109189719833226,-1.0838981564985581,-0.814819425030414,-0.6802800592963419,-0.8097424678329018,-0.1152147232132392,-0.7769210121475768,-0.6802800592963419,-0.8230987706140492,-0.8075958349238866,-0.8702179873915025,-0.7379397874680871,-0.7747438692798393,-0.9109189719833226,-1.0838981564985581,-0.9786064789675452,-0.6435875050052313,-0.27666196209412575,-0.7989912643558174,-0.5995564398558987,-0.6802800592963419,-0.27666196209412575,0.12695613510809048,-1.0838981564985581,-1.0838981564985581,-1.0838981564985581,-1.0838981564985581,0.5305742323103066,-0.781184583596896,-0.6802800592963419,-0.6181849674190778,0.12695613510809048,-0.6435875050052313,-1.0838981564985581,-0.8333765789247688,0.5305742323103066,0.5305742323103066,-1.0248320934933557,-0.8532592438115775,-0.711327605234974,-1.0838981564985581,-0.781184583596896,0.12695613510809048,-1.0838981564985581,-0.729501778467344,1.337810426714739,0.0,-1.0838981564985581,0.0,-0.8346046258736598,-0.7932931265129625,-0.9168837714493653,-1.0838981564985581,-0.9685787001550679,-0.8417272981772284,-0.54574069356227,-0.8548176148432463,-0.27666196209412575,-0.9109189719833226,1.337810426714739,0.12695613510809048,-0.7725356243711342,-0.27666196209412575,1.337810426714739,0.0,-0.39198141843761614,-0.781184583596896,-0.5995564398558987,-1.0838981564985581,-0.9738204936252264,-0.9325413700477271,-1.0838981564985581,-0.9564398100136478,-0.04602304940714509,-0.7932931265129625,-0.8346046258736598,-0.8417272981772284,-0.371630926141706,-0.357385581534569,-0.6802800592963419,-0.39198141843761614,-0.5995564398558987,-0.9325413700477271,-0.9597079727440301,-0.47847101069523384,-0.5140843722130765,-0.8637428307518948,1.337810426714739,0.0,-0.7485846603613323,-0.47847101069523384,-0.47847101069523384,-1.0838981564985581,-0.8927106367711927,-0.8662164860973629,-0.9109189719833226,-0.9168837714493653,-0.8071314612741813,-0.27666196209412575,-1.0233554419182256,-0.9022700127575608,-0.9325413700477271,-0.9455148088863697,-0.17575743779357167,-0.1152147232132392,-1.0838981564985581,-1.0838981564985581,-1.0838981564985581,-1.0838981564985581,-0.9586373677116635,-0.9738204936252264,-0.9597079727440301,-1.0838981564985581,-1.0838981564985581,-0.9518049610505601,-1.0082197632731427,-1.0838981564985581,-1.0838981564985581,-0.5995564398558987,-0.7453797523934736,-0.9414447104271877,-0.7379397874680871,0.0,-0.1869690516047444,-0.8197117656025621,1.337810426714739,-0.7521572546885175,-0.9628127273378934,-0.6333477224123634,-0.747549742163378,1.337810426714739,1.337810426714739,-0.9109189719833226,-0.1524717783395976,-0.8820891078974501,-0.6435875050052313,-0.47847101069523384,-0.47847101069523384,1.337810426714739,-0.39198141843761614,-0.20327685351190458,-0.6435875050052313,-0.47847101069523384,-0.8820891078974501,-0.897612880866766,-0.7610036787367851,-0.22917748007033553,-0.897612880866766,-0.7610036787367851,-0.5995564398558987,1.337810426714739,1.337810426714739,-1.0838981564985581,1.337810426714739,-0.7379397874680871,1.337810426714739,-0.7610036787367851,-1.0838981564985581,0.0,1.337810426714739,1.337810426714739,-0.9109189719833226,1.337810426714739,1.337810426714739,-0.1524717783395976,1.337810426714739,1.337810426714739,-0.1524717783395976,1.337810426714739,1.337810426714739,-0.8820891078974501,1.337810426714739,1.337810426714739,-0.6435875050052313,1.337810426714739,1.337810426714739,0.12695613510809048,1.337810426714739,-0.897612880866766,-0.7610036787367851,1.337810426714739,1.337810426714739,1.337810426714739,0.5305742323103066,1.337810426714739,1.337810426714739,1.337810426714739,1.337810426714739,1.337810426714739,1.337810426714739,1.337810426714739,0.7323832809114148,1.337810426714739,1.337810426714739,-0.5995564398558987,0.7323832809114148,1.337810426714739,0.5305742323103066,-0.27666196209412575,1.337810426714739,-1.0838981564985581,1.337810426714739,1.337810426714739,-0.27666196209412575,1.337810426714739,1.337810426714739
-0.7114277058548415,-0.2788056493287897,-0.8495671615547007,1.4516825767754173,-0.7114277058548415,1.4516825767754173,-0.8556350580301921,0.16983944632785655,-0.791542901507814,-0.2788056493287897,1.4516825767754173,-0.8556350580301921,1.4516825767754173,-0.2788056493287897,0.16983944632785655,-0.7633423526379678,1.4516825767754173,1.4516825767754173,-0.2788056493287897,1.4516825767754173,-0.59926643194068,1.4516825767754173,1.4516825767754173,1.4516825767754173,1.4516825767754173,1.4516825767754173,1.4516825767754173,1.4516825767754173,1.4516825767754173,1.4516825767754173,1.4516825767754173,1.4516825767754173,1.4516825767754173,1.4516825767754173,1.4516825767754173,1.4516825767754173,1.4516825767754173,1.4516825767754173,1.4516825767754173,1.4516825767754173,1.4516825767754173,1.4516825767754173,1.4516825767754173,1.4516825767754173,1.4516825767754173,1.4516825767754173,1.4516825767754173,1.4516825767754173,1.4516825767754173,1.4516825767754173,1.4516825767754173,1.4516825767754173,1.4516825767754173,1.4516825767754173,1.4516825767754173,1.4516825767754173,0.0,-0.6672825980460608,1.4516825767754173,1.4516825767754173,-0.8556350580301921,-0.59926643194068,-0.59926643194068,-0.2788056493287897,-0.2788056493287897,1.4516825767754173,-0.59926643194068,1.4516825767754173,-0.7114277058548415,-0.6672825980460608,1.4516825767754173,1.4516825767754173,1.4516825767754173,1.4516825767754173,0.7466688550292592,-0.8365663172466746,-0.2788056493287897,-0.8195832199863545,-0.8172197800313474,-0.7114277058548415,-0.5424534400094861,-0.8556350580301921,-0.8556350580301921,-0.8556350580301921,0.0,-0.8195832199863545,-0.8556350580301921,-0.8347070069208442,-0.7533716725540432,1.4516825767754173,-0.2788056493287897,1.4516825767754173,0.16983944632785655,1.4516825767754173,-0.7114277058548415,1.4516825767754173,-0.843863029281184,-0.8556350580301921,-0.8271496551313574,-0.791542901507814,-0.8260645935043816,-0.4864642364612945,-0.8185605235292489,-0.791542901507814,-0.828875634573275,-0.8255997084306776,-0.8376715124304944,-0.8085469430341592,-0.8180327787848314,-0.843863029281184,-0.8556350580301921,-0.8512733989851909,-0.7793600948961223,-0.59926643194068,-0.8236998658529519,-0.7633423526379678,-0.791542901507814,-0.59926643194068,-0.2788056493287897,-0.8556350580301921,-0.8556350580301921,-0.8556350580301921,-0.8556350580301921,0.16983944632785655,-0.8195832199863545,-0.791542901507814,-0.7703052638435941,-0.2788056493287897,-0.7793600948961223,-0.8556350580301921,-0.8309431927350073,0.16983944632785655,0.16983944632785655,-0.8542624716918188,-0.8347070069208442,-0.8010239897507694,-0.8556350580301921,-0.8195832199863545,-0.2788056493287897,-0.8556350580301921,-0.8062219498487513,1.4516825767754173,0.0,-0.8556350580301921,0.0,-0.8311846765194926,-0.8224096840889913,-0.8446608956767766,-0.8556350580301921,-0.8504030452528551,-0.832561881682136,-0.7416934464348534,-0.8349888629780601,-0.59926643194068,-0.843863029281184,1.4516825767754173,-0.2788056493287897,-0.8174936848834056,-0.59926643194068,1.4516825767754173,0.0,-0.6672825980460608,-0.8195832199863545,-0.7633423526379678,-0.8556350580301921,-0.8508678728343128,-0.8466220985192328,-0.8556350580301921,-0.8492435964379329,-0.43184202306589653,-0.8224096840889913,-0.8311846765194926,-0.832561881682136,-0.6560401069224404,-0.6479764708976872,-0.791542901507814,-0.6672825980460608,-0.7633423526379678,-0.8466220985192328,-0.8495671615547007,-0.7114277058548415,-0.727894289321231,-0.8365663172466746,1.4516825767754173,0.0,-0.8114000927238597,-0.7114277058548415,-0.7114277058548415,-0.8556350580301921,-0.8412542694476087,-0.8369924209101872,-0.843863029281184,-0.8446608956767766,-0.8254986644327311,-0.59926643194068,-0.8541929845084386,-0.8426563963344106,-0.8466220985192328,-0.8481009596308269,-0.5311685156356533,-0.4864642364612945,-0.8556350580301921,-0.8556350580301921,-0.8556350580301921,-0.8556350580301921,-0.849462091706396,-0.8508678728343128,-0.8495671615547007,-0.8556350580301921,-0.8556350580301921,-0.8487703113481259,-0.8533818181524523,-0.8556350580301921,-0.8556350580301921,-0.7633423526379678,-0.8105504609343258,-0.8476512599858821,-0.8085469430341592,0.0,-0.5391305813764734,-0.828176071301927,1.4516825767754173,-0.8123376732524551,-0.8498667639431781,-0.7757711701840272,-0.811126616000763,1.4516825767754173,1.4516825767754173,-0.843863029281184,-0.5143158812838001,-0.8396120188995977,-0.7793600948961223,-0.7114277058548415,-0.7114277058548415,1.4516825767754173,-0.6672825980460608,-0.5505352054939131,-0.7793600948961223,-0.7114277058548415,-0.8396120188995977,-0.8419822909603365,-0.8146160778558702,-0.5682183284350296,-0.8419822909603365,-0.8146160778558702,-0.7633423526379678,1.4516825767754173,1.4516825767754173,-0.8556350580301921,1.4516825767754173,-0.8085469430341592,1.4516825767754173,-0.8146160778558702,-0.8556350580301921,0.0,1.4516825767754173,1.4516825767754173,-0.843863029281184,1.4516825767754173,1.4516825767754173,-0.5143158812838001,1.4516825767754173,1.4516825767754173,-0.5143158812838001,1.4516825767754173,1.4516825767754173,-0.8396120188995977,1.4516825767754173,1.4516825767754173,-0.7793600948961223,1.4516825767754173,1.4516825767754173,-0.2788056493287897,1.4516825767754173,-0.8419822909603365,-0.8146160778558702,1.4516825767754173,1.4516825767754173,1.4516825767754173,0.16983944632785655,1.4516825767754173,1.4516825767754173,1.4516825767754173,1.4516825767754173,1.4516825767754173,1.4516825767754173,1.4516825767754173,0.4422311115479633,1.4516825767754173,1.4516825767754173,-0.7633423526379678,0.4422311115479633,1.4516825767754173,0.16983944632785655,-0.59926643194068,1.4516825767754173,-0.8556350580301921,1.4516825767754173,1.4516825767754173,-0.59926643194068,1.4516825767754173,1.4516825767754173
-0.7383952689010893,-0.49006343445140743,-0.7735650415070298,1.4965912411460476,-0.7383952689010893,1.4965912411460476,-0.7738712452510439,-0.10114161965190568,-0.7633598448510573,-0.49006343445140743,1.4965912411460476,-0.7738712452510439,1.4965912411460476,-0.49006343445140743,-0.10114161965190568,-0.7557075453598672,1.4965912411460476,1.4965912411460476,-0.49006343445140743,1.4965912411460476,-0.6897800420511516,1.4965912411460476,1.4965912411460476,1.4965912411460476,1.4965912411460476,1.4965912411460476,1.4965912411460476,1.4965912411460476,1.4965912411460476,1.4965912411460476,1.4965912411460476,1.4965912411460476,1.4965912411460476,1.4965912411460476,1.4965912411460476,1.4965912411460476,1.4965912411460476,1.4965912411460476,1.4965912411460476,1.4965912411460476,1.4965912411460476,1.4965912411460476,1.4965912411460476,1.4965912411460476,1.4965912411460476,1.4965912411460476,1.4965912411460476,1.4965912411460476,1.4965912411460476,1.4965912411460476,1.4965912411460476,1.4965912411460476,1.4965912411460476,1.4965912411460476,1.4965912411460476,1.4965912411460476,0.0,-0.720915851982307,1.4965912411460476,1.4965912411460476,-0.7738712452510439,-0.6897800420511516,-0.6897800420511516,-0.49006343445140743,-0.49006343445140743,1.4965912411460476,-0.6897800420511516,1.4965912411460476,-0.7383952689010893,-0.720915851982307,1.4965912411460476,1.4965912411460476,1.4965912411460476,1.4965912411460476,0.5400538047472733,-0.772165413180122,-0.49006343445140743,-0.7694367482072996,-0.7689936110954461,-0.7383952689010893,-0.6603315699581145,-0.7738712452510439,-0.7738712452510439,-0.7738712452510439,0.0,-0.7694367482072996,-0.7738712452510439,-0.7719099343892388,-0.7526859997153369,1.4965912411460476,-0.49006343445140743,1.4965912411460476,-0.10114161965190568,1.4965912411460476,-0.7383952689010893,1.4965912411460476,-0.7730438172312198,-0.7738712452510439,-0.7707567562436405,-0.7633598448510573,-0.7705771172321977,-0.62856164612163,-0.7692467236448807,-0.7633598448510573,-0.7710354923777286,-0.7704991309301553,-0.7723115442757558,-0.7672518210924518,-0.7691476300881053,-0.7730438172312198,-0.7738712452510439,-0.7736846370085522,-0.7602245886836685,-0.6897800420511516,-0.7701741762725832,-0.7557075453598672,-0.7633598448510573,-0.6897800420511516,-0.49006343445140743,-0.7738712452510439,-0.7738712452510439,-0.7738712452510439,-0.7738712452510439,-0.10114161965190568,-0.7694367482072996,-0.7633598448510573,-0.7577237821877965,-0.49006343445140743,-0.7602245886836685,-0.7738712452510439,-0.771357715088564,-0.10114161965190568,-0.10114161965190568,-0.7738383022803035,-0.7719099343892388,-0.7656037441626612,-0.7738712452510439,-0.7694367482072996,-0.49006343445140743,-0.7738712452510439,-0.7667555635711237,1.4965912411460476,0.0,-0.7738712452510439,0.0,-0.7713944978689893,-0.7699478860745497,-0.7731264955732721,-0.7738712452510439,-0.7736260813933183,-0.7716007827646468,-0.7489553331918166,-0.7719494226718427,-0.6897800420511516,-0.7730438172312198,1.4965912411460476,-0.49006343445140743,-0.7690456850394303,-0.6897800420511516,1.4965912411460476,0.0,-0.720915851982307,-0.7694367482072996,-0.7557075453598672,-0.7738712452510439,-0.7736580162421787,-0.7733169331205758,-0.7738712452510439,-0.7735402257895485,-0.5951467929690571,-0.7699478860745497,-0.7713944978689893,-0.7716007827646468,-0.7161045424625977,-0.7125687581183223,-0.7633598448510573,-0.720915851982307,-0.7557075453598672,-0.7733169331205758,-0.7735650415070298,-0.7383952689010893,-0.7442946934233594,-0.772165413180122,1.4965912411460476,0.0,-0.7678442369576128,-0.7383952689010893,-0.7383952689010893,-0.7738712452510439,-0.7727540545684968,-0.7722222694903575,-0.7730438172312198,-0.7731264955732721,-0.7704821000818447,-0.6897800420511516,-0.7738357692746939,-0.7729133938895951,-0.7733169331205758,-0.7734476021048939,-0.6541398250699473,-0.62856164612163,-0.7738712452510439,-0.7738712452510439,-0.7738712452510439,-0.7738712452510439,-0.7735570539807338,-0.7736580162421787,-0.7735650415070298,-0.7738712452510439,-0.7738712452510439,-0.7735027855237248,-0.7738019562347354,-0.7738712452510439,-0.7738712452510439,-0.7557075453598672,-0.7676697624733538,-0.7734091116287363,-0.7672518210924518,0.0,-0.6585198005323988,-0.7709235674324908,1.4965912411460476,-0.7680348358231858,-0.7735874374402443,-0.7592501830422408,-0.7677882589084591,1.4965912411460476,1.4965912411460476,-0.7730438172312198,-0.6446915407450645,-0.7725573202010455,-0.7602245886836685,-0.7383952689010893,-0.7383952689010893,1.4965912411460476,-0.720915851982307,-0.6646979927120402,-0.7602245886836685,-0.7383952689010893,-0.7725573202010455,-0.7728378076149961,-0.7684894082462508,-0.6740503828326087,-0.7728378076149961,-0.7684894082462508,-0.7557075453598672,1.4965912411460476,1.4965912411460476,-0.7738712452510439,1.4965912411460476,-0.7672518210924518,1.4965912411460476,-0.7684894082462508,-0.7738712452510439,0.0,1.4965912411460476,1.4965912411460476,-0.7730438172312198,1.4965912411460476,1.4965912411460476,-0.6446915407450645,1.4965912411460476,1.4965912411460476,-0.6446915407450645,1.4965912411460476,1.4965912411460476,-0.7725573202010455,1.4965912411460476,1.4965912411460476,-0.7602245886836685,1.4965912411460476,1.4965912411460476,-0.49006343445140743,1.4965912411460476,-0.7728378076149961,-0.7684894082462508,1.4965912411460476,1.4965912411460476,1.4965912411460476,-0.10114161965190568,1.4965912411460476,1.4965912411460476,1.4965912411460476,1.4965912411460476,1.4965912411460476,1.4965912411460476,1.4965912411460476,0.1839801161977291,1.4965912411460476,1.4965912411460476,-0.7557075453598672,0.1839801161977291,1.4965912411460476,-0.10114161965190568,-0.6897800420511516,1.4965912411460476,-0.7738712452510439,1.4965912411460476,1.4965912411460476,-0.6897800420511516,1.4965912411460476,1.4965912411460476
-1.0,-1.0,-1.0,-1.0,-1.0,-1.0,-1.0,-1.0,-1.0,-1.0,-1.0,-1.0,-1.0,-1.0,-1.0,-1.0,-1.0,-1.0,-1.0,-1.0,-1.0,-1.0,-1.0,-1.0,-1.0,-1.0,-1.0,-1.0,-1.0,-1.0,-1.0,-1.0,-1.0,-1.0,-1.0,-1.0,-1.0,-1.0,-1.0,-1.0,-1.0,-1.0,-1.0,-1.0,-1.0,-1.0,-1.0,-1.0,-1.0,-1.0,-1.0,-1.0,-1.0,-1.0,-1.0,-1.0,-1.0,-1.0,-1.0,1.0,-1.0,-1.0,-1.0,-1.0,-1.0,-1.0,-1.0,-1.0,-1.0,-1.0,-1.0,-1.0,-1.0,-1.0,-1.0,-1.0,-1.0,-1.0,-1.0,-1.0,-1.0,-1.0,-1.0,-1.0,-1.0,-1.0,-1.0,-1.0,-1.0,-1.0,-1.0,-1.0,-1.0,-1.0,-1.0,-1.0,-1.0,-1.0,-1.0,-1.0,-1.0,-1.0,-1.0,-1.0,-1.0,-1.0,-1.0,-1.0,-1.0,-1.0,-1.0,-1.0,-1.0,-1.0,-1.0,-1.0,-1.0,-1.0,-1.0,-1.0,-1.0,-1.0,-1.0,-1.0,-1.0,-1.0,-1.0,-1.0,-1.0,-1.0,-1.0,-1.0,-1.0,-1.0,-1.0,-1.0,-1.0,-1.0,-1.0,-1.0,-1.0,-1.0,-1.0,-1.0,-1.0,-1.0,-1.0,-1.0,-1.0,-1.0,-1.0,-1.0,-1.0,-1.0,-1.0,-1.0,-1.0,-1.0,-1.0,-1.0,-1.0,-1.0,-1.0,-1.0,-1.0,-1.0,-1.0,-1.0,-1.0,-1.0,-1.0,-1.0,-1.0,-1.0,-1.0,-1.0,-1.0,-1.0,-1.0,-1.0,-1.0,-1.0,-1.0,-1.0,-1.0,-1.0,-1.0,-1.0,-1.0,-1.0,-1.0,-1.0,-1.0,-1.0,-1.0,-1.0,-1.0,-1.0,-1.0,-1.0,-1.0,-1.0,-1.0,-1.0,-1.0,-1.0,-1.0,-1.0,-1.0,-1.0,-1.0,-1.0,-1.0,-1.0,-1.0,-1.0,-1.0,-1.0,-1.0,-1.0,-1.0,-1.0,-1.0,-1.0,-1.0,-1.0,-1.0,-1.0,-1.0,-1.0,-1.0,-1.0,-1.0,-1.0,-1.0,-1.0,-1.0,-1.0,-1.0,-1.0,-1.0,-1.0,-1.0,-1.0,-1.0,-1.0,-1.0,-1.0,-1.0,-1.0,-1.0,-1.0,-1.0,-1.0,-1.0,-1.0,-1.0,-1.0,-1.0,-1.0,-1.0,-1.0,-1.0,-1.0,-1.0,-1.0,-1.0,-1.0,1.0,-1.0,-1.0,-1.0,-1.0,-1.0,-1.0,-1.0,-1.0,-1.0,-1.0,-1.0,-1.0,-1.0,-1.0,-1.0,-1.0,-1.0,-1.0,-1.0,-1.0,-1.0,-1.0,-1.0,-1.0,-1.0,-1.0,-1.0,-1.0,-1.0,-1.0,-1.0,-1.0,-1.0
1.0,1.0,1.0,1.0,1.0,1.0,1.0,1.0,1.0,1.0,1.0,1.0,1.0,1.0,1.0,1.0,1.0,1.0,1.0,1.0,1.0,1.0,1.0,1.0,1.0,1.0,1.0,1.0,1.0,1.0,1.0,1.0,1.0,1.0,1.0,1.0,1.0,1.0,1.0,1.0,1.0,1.0,1.0,1.0,1.0,1.0,1.0,1.0,1.0,1.0,1.0,1.0,1.0,1.0,1.0,1.0,1.0,1.0,1.0,1.0,1.0,1.0,1.0,1.0,1.0,1.0,1.0,1.0,1.0,1.0,1.0,1.0,1.0,1.0,1.0,1.0,1.0,1.0,1.0,1.0,1.0,1.0,1.0,1.0,1.0,1.0,1.0,1.0,1.0,1.0,1.0,1.0,1.0,1.0,1.0,1.0,1.0,1.0,1.0,1.0,1.0,1.0,1.0,1.0,1.0,1.0,1.0,1.0,1.0,1.0,1.0,1.0,1.0,1.0,1.0,1.0,1.0,1.0,1.0,1.0,1.0,1.0,1.0,1.0,1.0,1.0,1.0,1.0,1.0,1.0,1.0,1.0,1.0,1.0,1.0,1.0,1.0,1.0,1.0,1.0,1.0,1.0,1.0,1.0,1.0,1.0,1.0,1.0,1.0,1.0,1.0,1.0,1.0,1.0,1.0,1.0,1.0,1.0,1.0,1.0,1.0,1.0,1.0,1.0,1.0,1.0,1.0,1.0,1.0,1.0,1.0,1.0,1.0,1.0,1.0,1.0,1.0,1.0,1.0,1.0,1.0,1.0,1.0,1.0,1.0,1.0,1.0,1.0,1.0,1.0,1.0,1.0,1.0,1.0,1.0,1.0,1.0,1.0,1.0,1.0,1.0,1.0,1.0,1.0,1.0,1.0,1.0,1.0,1.0,1.0,1.0,1.0,1.0,1.0,1.0,1.0,1.0,1.0,1.0,1.0,1.0,1.0,1.0,1.0,1.0,1.0,1.0,1.0,1.0,1.0,1.0,1.0,1.0,1.0,1.0,1.0,1.0,1.0,1.0,1.0,1.0,1.0,1.0,1.0,1.0,1.0,1.0,1.0,1.0,1.0,1.0,1.0,1.0,1.0,1.0,1.0,1.0,1.0,1.0,1.0,1.0,1.0,1.0,1.0,1.0,1.0,1.0,1.0,1.0,1.0,1.0,1.0,1.0,1.0,1.0,1.0,1.0,1.0,1.0,1.0,1.0,1.0,1.0,1.0,1.0,1.0,1.0,1.0,1.0,1.0,1.0,1.0,1.0,1.0,1.0,1.0,1.0,1.0,1.0,1.0,1.0,1.0
1.0,0.0,0.0,0.0,0.0,0.0,0.0,0.0,0.0,0.0,0.0,0.0,0.0,0.0,0.0,0.0,0.0,0.0,0.0,0.0,0.0,0.0,0.0,0.0,0.0,0.0,0.0,0.0,0.0,0.0,0.0,0.0,0.0,0.0,0.0,0.0,0.0,0.0,0.0,0.0,0.0,0.0,0.0,0.0,0.0,0.0,0.0,0.0,0.0,0.0,0.0,0.0,0.0,0.0,0.0,0.0,0.0,0.0,0.0,0.0,0.0,0.0,0.0,0.0,0.0,0.0,0.0,0.0,0.0,0.0,0.0,0.0,0.0,0.0,0.0,0.0,0.0,0.0,0.0,0.0,0.0,0.0,0.0,0.0,0.0,0.0,0.0,0.0,0.0,0.0,0.0,0.0,0.0,0.0,0.0,0.0,0.0,0.0,0.0,0.0,0.0,0.0,0.0,0.0,0.0,0.0,0.0,0.0,0.0,0.0,0.0,0.0,0.0,0.0,0.0,0.0,0.0,0.0,0.0,0.0,0.0,0.0,0.0,0.0,0.0,0.0,0.0,0.0,0.0,0.0,0.0,0.0,0.0,0.0,0.0,0.0,0.0,0.0,0.0,0.0,0.0,0.0,0.0,0.0,0.0,0.0,0.0,0.0,0.0,0.0,0.0,0.0,0.0,0.0,0.0,0.0,0.0,0.0,0.0,0.0,0.0,0.0,0.0,0.0,0.0,0.0,0.0,0.0,0.0,0.0,0.0,0.0,0.0,0.0,0.0,0.0,0.0,0.0,0.0,0.0,0.0,0.0,0.0,0.0,0.0,0.0,0.0,0.0,0.0,0.0,0.0,0.0,0.0,0.0,0.0,0.0,0.0,0.0,0.0,0.0,0.0,0.0,0.0,0.0,0.0,0.0,0.0,0.0,0.0,0.0,0.0,0.0,0.0,0.0,0.0,0.0,0.0,0.0,0.0,0.0,0.0,0.0,0.0,0.0,0.0,0.0,0.0,0.0,0.0,0.0,0.0,0.0,0.0,0.0,0.0,0.0,0.0,0.0,0.0,0.0,0.0,0.0,0.0,0.0,0.0,0.0,0.0,0.0,0.0,0.0,0.0,0.0,0.0,0.0,0.0,0.0,0.0,0.0,0.0,0.0,0.0,0.0,0.0,0.0,0.0,0.0,0.0,0.0,0.0,0.0,0.0,0.0,0.0,0.0,0.0,0.0,0.0,0.0,0.0,0.0,0.0,0.0,0.0,0.0,0.0,0.0,0.0,0.0,0.0,0.0,0.0,0.0,0.0,0.0,0.0,0.0,0.0,0.0,0.0,0.0,0.0,0.0
-0.7052804283062044,-0.8293216630196937,-0.7765042979942693,-0.7765042979942693,-0.7765042979942693,-0.7765042979942693,-0.7765042979942693,-0.7765042979942693,-0.7765042979942693,-1.0,-1.0,-1.0,-0.8293216630196937,0.6643356643356644,0.6643356643356644,1.0,1.0,1.0,-1.0,-1.0,0.8755980861244019,1.0,1.0,1.0,1.0,1.0,1.0,1.0,1.0,1.0,1.0,1.0,1.0,1.0,1.0,1.0,1.0,1.0,1.0,0.9896373056994818,0.9896373056994818,0.9896373056994818,0.9896373056994818,0.9896373056994818,0.9896373056994818,0.9896373056994818,0.9896373056994818,0.9896373056994818,0.9896373056994818,0.9896373056994818,0.9896373056994818,0.9896373056994818,0.9896373056994818,0.9896373056994818,0.9896373056994818,0.9896373056994818,0.9896373056994818,-0.4476190476190476,0.05454545454545445,1.0,1.0,0.05454545454545445,-0.010638297872340385,1.0,1.0,1.0,1.0,-1.0,-1.0,-1.0,1.0,1.0,1.0,1.0,-0.8715605493133582,-0.9057911908646004,-1.0,-1.0,-0.4476190476190476,-0.4476190476190476,-0.4476190476190476,-0.4476190476190476,-0.4476190476190476,-0.4476190476190476,-0.4476190476190476,-1.0,-1.0,-1.0,-0.6829971181556196,-0.6829971181556196,-0.6829971181556196,-0.6829971181556196,-0.6829971181556196,-0.6829971181556196,-0.6829971181556196,-0.6829971181556196,-0.6829971181556196,-0.6829971181556196,-0.6829971181556196,-0.9057911908646004,-0.9057911908646004,-0.9057911908646004,-0.9057911908646004,-0.9057911908646004,-1.0,-1.0,-1.0,-0.9057911908646004,-1.0,-1.0,-1.0,-1.0,-0.44666666666666666,-0.44666666666666666,-0.44666666666666666,-0.44666666666666666,-0.44666666666666666,-0.44666666666666666,-0.44666666666666666,-0.44666666666666666,-0.44666666666666666,-0.44666666666666666,-0.44666666666666666,-0.44666666666666666,-0.44666666666666666,-0.9057911908646004,-0.9392857142857143,-0.9392857142857143,-0.9392857142857143,-0.9392857142857143,-0.9392857142857143,-0.8685121107266436,-0.8685121107266436,-0.8685121107266436,-0.9057911908646004,-0.8274509803921568,-0.8274509803921568,-0.8274509803921568,-0.8274509803921568,-0.8274509803921568,-1.0,-1.0,-1.0,-1.0,-1.0,-1.0,-0.9057911908646004,-1.0,-1.0,-1.0,-0.8439201451905626,-0.8439201451905626,-0.8439201451905626,-0.9057911908646004,-0.9057911908646004,-0.9173913043478261,-0.9173913043478261,-0.9173913043478261,-0.5605381165919283,-0.5605381165919283,-0.5605381165919283,-0.5605381165919283,-0.5605381165919283,-1.0,-1.0,-1.0,-0.8393574297188755,-0.8393574297188755,-0.8393574297188755,-0.8393574297188755,-0.8393574297188755,-0.9057911908646004,-0.9057911908646004,-0.2435897435897436,-0.2435897435897436,-0.5566037735849056,-0.5566037735849056,-0.5566037735849056,-0.9057911908646004,-0.9057911908646004,-0.6459627329192547,-0.6459627329192547,-0.6459627329192547,-0.6459627329192547,-0.6459627329192547,-0.6459627329192547,-0.9057911908646004,-1.0,-1.0,-1.0,-0.9057911908646004,-0.9057911908646004,-0.9057911908646004,-0.8359375,-0.8359375,-0.8359375,-0.9057911908646004,-0.9057911908646004,-0.9057911908646004,-0.7934272300469484,-0.7934272300469484,-0.7934272300469484,-0.7934272300469484,-0.7934272300469484,-0.7934272300469484,-0.7934272300469484,-0.9057911908646004,-1.0,-1.0,-1.0,-0.9057911908646004,-1.0,-1.0,-1.0,-0.9057911908646004,-0.9057911908646004,-0.4864864864864865,-0.4864864864864865,-0.4864864864864865,-0.9057911908646004,-0.9057911908646004,-0.9057911908646004,-0.9057911908646004,-0.9057911908646004,-0.9057911908646004,-0.9057911908646004,0.2592592592592593,0.2592592592592593,1.0,1.0,1.0,1.0,1.0,1.0,0.9739884393063585,1.0,1.0,1.0,1.0,1.0,1.0,1.0,1.0,1.0,1.0,-1.0,-1.0,-1.0,-1.0,-0.6721311475409837,-0.6026490066225165,-0.6026490066225165,-0.6026490066225165,-0.6026490066225165,-0.6026490066225165,-0.6721311475409837,0.6248062015503877,0.9540229885057472,0.7333333333333334,0.7333333333333334,0.9607843137254901,0.7333333333333334,0.7333333333333334,0.9578947368421054,0.7777777777777777,0.7777777777777777,0.95,0.7777777777777777,0.7777777777777777,0.9466666666666668,0.6666666666666667,0.6666666666666667,-0.030612244897959218,-0.030612244897959218,-0.030612244897959218,-0.030612244897959218,0.7142857142857142,0.7142857142857142,0.7837837837837838,1.0,1.0,1.0,1.0,1.0,1.0,1.0,1.0,1.0,1.0,1.0,1.0,1.0,1.0,1.0,0.346938775510204,0.346938775510204,0.346938775510204,0.346938775510204,0.346938775510204,-0.032258064516129004,1.0,1.0
-0.4775130935520587,-0.4775130935520587,0.04722599305560278,0.04722599305560278,0.04722599305560278,0.04722599305560278,0.04722599305560278,0.04722599305560278,0.04722599305560278,-0.4775130935520587,-0.4775130935520587,-0.4775130935520587,-0.4775130935520587,0.04722599305560278,0.04722599305560278,-1.0022521801597202,-1.0022521801597202,-1.0022521801597202,0.04722599305560278,0.04722599305560278,0.5719650796632643,0.5719650796632643,0.5719650796632643,0.5719650796632643,0.5719650796632643,0.5719650796632643,0.5719650796632643,0.5719650796632643,0.5719650796632643,0.5719650796632643,0.5719650796632643,0.5719650796632643,0.5719650796632643,0.5719650796632643,0.5719650796632643,0.5719650796632643,0.5719650796632643,0.5719650796632643,0.5719650796632643,0.5719650796632643,0.5719650796632643,0.5719650796632643,0.5719650796632643,0.5719650796632643,0.5719650796632643,0.5719650796632643,0.5719650796632643,0.5719650796632643,0.5719650796632643,0.5719650796632643,0.5719650796632643,0.5719650796632643,0.5719650796632643,0.5719650796632643,0.5719650796632643,0.5719650796632643,0.5719650796632643,0.04722599305560278,-0.4775130935520587,2.1461823394862485,2.1461823394862485,-0.4775130935520587,0.04722599305560278,-0.4775130935520587,-0.4775130935520587,0.04722599305560278,0.04722599305560278,0.04722599305560278,0.04722599305560278,0.04722599305560278,0.5719650796632643,0.5719650796632643,0.5719650796632643,0.5719650796632643,-0.4775130935520587,-0.4775130935520587,-0.4775130935520587,-0.4775130935520587,0.04722599305560278,0.04722599305560278,0.04722599305560278,0.04722599305560278,0.04722599305560278,0.04722599305560278,0.04722599305560278,-0.4775130935520587,-0.4775130935520587,-0.4775130935520587,-0.4775130935520587,-0.4775130935520587,-0.4775130935520587,-0.4775130935520587,-0.4775130935520587,-0.4775130935520587,-0.4775130935520587,-0.4775130935520587,-0.4775130935520587,-0.4775130935520587,-0.4775130935520587,-0.4775130935520587,-0.4775130935520587,-0.4775130935520587,-0.4775130935520587,-0.4775130935520587,-0.4775130935520587,-0.4775130935520587,-0.4775130935520587,-0.4775130935520587,-0.4775130935520587,-0.4775130935520587,-0.4775130935520587,-0.4775130935520587,-0.4775130935520587,-0.4775130935520587,-0.4775130935520587,-0.4775130935520587,-0.4775130935520587,-0.4775130935520587,-0.4775130935520587,-0.4775130935520587,-0.4775130935520587,-0.4775130935520587,-0.4775130935520587,-0.4775130935520587,-0.4775130935520587,-0.4775130935520587,-0.4775130935520587,-0.4775130935520587,-0.4775130935520587,-0.4775130935520587,-0.4775130935520587,-0.4775130935520587,-0.4775130935520587,-0.4775130935520587,-0.4775130935520587,-0.4775130935520587,-0.4775130935520587,-0.4775130935520587,-0.4775130935520587,-0.4775130935520587,-0.4775130935520587,-0.4775130935520587,-0.4775130935520587,-0.4775130935520587,-0.4775130935520587,-0.4775130935520587,-0.4775130935520587,-0.4775130935520587,-0.4775130935520587,-0.4775130935520587,-0.4775130935520587,-0.4775130935520587,-0.4775130935520587,-0.4775130935520587,-0.4775130935520587,0.04722599305560278,0.04722599305560278,0.04722599305560278,0.04722599305560278,0.04722599305560278,0.04722599305560278,0.04722599305560278,0.04722599305560278,-0.4775130935520587,-0.4775130935520587,-0.4775130935520587,-0.4775130935520587,-0.4775130935520587,-0.4775130935520587,-0.4775130935520587,-0.4775130935520587,-0.4775130935520587,-0.4775130935520587,-0.4775130935520587,-0.4775130935520587,-0.4775130935520587,-0.4775130935520587,-0.4775130935520587,-0.4775130935520587,-0.4775130935520587,-0.4775130935520587,-0.4775130935520587,-0.4775130935520587,-0.4775130935520587,-0.4775130935520587,-0.4775130935520587,-0.4775130935520587,-0.4775130935520587,-0.4775130935520587,-0.4775130935520587,-0.4775130935520587,-0.4775130935520587,-0.4775130935520587,0.04722599305560278,0.04722599305560278,0.04722599305560278,-0.4775130935520587,-0.4775130935520587,-0.4775130935520587,-0.4775130935520587,-0.4775130935520587,-0.4775130935520587,-0.4775130935520587,-0.4775130935520587,-0.4775130935520587,-0.4775130935520587,-0.4775130935520587,-0.4775130935520587,-0.4775130935520587,-0.4775130935520587,-0.4775130935520587,-0.4775130935520587,-0.4775130935520587,-0.4775130935520587,-0.4775130935520587,-0.4775130935520587,0.04722599305560278,0.04722599305560278,0.04722599305560278,-0.4775130935520587,-0.4775130935520587,-0.4775130935520587,-0.4775130935520587,-0.4775130935520587,-0.4775130935520587,-0.4775130935520587,-0.4775130935520587,-0.4775130935520587,-0.4775130935520587,-0.4775130935520587,-0.4775130935520587,-0.4775130935520587,-0.4775130935520587,-0.4775130935520587,-0.4775130935520587,-1.0022521801597202,-1.0022521801597202,-0.4775130935520587,-0.4775130935520587,-0.4775130935520587,-0.4775130935520587,-0.4775130935520587,-0.4775130935520587,-0.4775130935520587,-0.4775130935520587,0.04722599305560278,0.04722599305560278,0.5719650796632643,0.5719650796632643,-0.4775130935520587,-0.4775130935520587,-0.4775130935520587,-0.4775130935520587,-0.4775130935520587,-0.4775130935520587,-0.4775130935520587,-0.4775130935520587,-0.4775130935520587,-0.4775130935520587,-0.4775130935520587,0.04722599305560278,-0.4775130935520587,-0.4775130935520587,0.04722599305560278,0.04722599305560278,0.04722599305560278,-0.4775130935520587,0.04722599305560278,0.04722599305560278,-0.4775130935520587,-1.0022521801597202,-1.0022521801597202,-0.4775130935520587,-0.4775130935520587,-0.4775130935520587,-0.4775130935520587,-0.4775130935520587,-0.4775130935520587,0.04722599305560278,1.0967041662709258,1.0967041662709258,1.0967041662709258,1.0967041662709258,1.0967041662709258,1.0967041662709258,1.0967041662709258,-0.4775130935520587,-0.4775130935520587,-0.4775130935520587,-0.4775130935520587,-0.4775130935520587,-0.4775130935520587,-0.4775130935520587,-0.4775130935520587,-0.4775130935520587,-0.4775130935520587,-0.4775130935520587,-0.4775130935520587,-0.4775130935520587,0.04722599305560278,1.0967041662709258,1.0967041662709258
1.0,1.0,1.0,1.0,1.0,1.0,1.0,1.0,1.0,1.0,1.0,1.0,1.0,1.0,1.0,1.0,-1.0,-1.0,-1.0,-1.0,-1.0,-1.0,-1.0,-1.0,-1.0,-1.0,-1.0,-1.0,-1.0,-1.0,-1.0,-1.0,-1.0,-1.0,-1.0,-1.0,-1.0,-1.0,-1.0,-1.0,-1.0,-1.0,-1.0,-1.0,-1.0,-1.0,-1.0,-1.0,-1.0,-1.0,-1.0,-1.0,-1.0,-1.0,-1.0,-1.0,-1.0,1.0,-1.0,-1.0,-1.0,-1.0,1.0,1.0,1.0,-1.0,-1.0,1.0,1.0,1.0,-1.0,-1.0,-1.0,-1.0,1.0,1.0,1.0,1.0,1.0,1.0,1.0,1.0,1.0,1.0,1.0,1.0,1.0,1.0,1.0,1.0,1.0,1.0,1.0,1.0,1.0,1.0,1.0,1.0,1.0,1.0,1.0,1.0,1.0,1.0,1.0,1.0,1.0,1.0,1.0,1.0,1.0,1.0,1.0,1.0,1.0,1.0,1.0,1.0,1.0,1.0,1.0,1.0,1.0,1.0,1.0,1.0,1.0,1.0,1.0,1.0,1.0,1.0,1.0,1.0,1.0,1.0,1.0,1.0,1.0,1.0,1.0,1.0,1.0,1.0,1.0,1.0,1.0,1.0,1.0,1.0,1.0,1.0,1.0,1.0,1.0,1.0,1.0,1.0,1.0,1.0,1.0,1.0,1.0,1.0,1.0,1.0,1.0,1.0,1.0,1.0,1.0,1.0,1.0,1.0,1.0,1.0,1.0,1.0,1.0,1.0,1.0,1.0,1.0,1.0,1.0,1.0,1.0,1.0,1.0,1.0,1.0,1.0,1.0,1.0,1.0,1.0,1.0,1.0,1.0,1.0,1.0,1.0,1.0,1.0,1.0,1.0,1.0,1.0,1.0,1.0,1.0,1.0,1.0,1.0,1.0,1.0,1.0,1.0,1.0,1.0,1.0,1.0,1.0,1.0,1.0,1.0,-1.0,-1.0,1.0,1.0,1.0,1.0,1.0,1.0,1.0,1.0,1.0,1.0,1.0,1.0,1.0,1.0,1.0,1.0,1.0,1.0,1.0,-1.0,-1.0,1.0,1.0,1.0,1.0,1.0,1.0,1.0,1.0,1.0,-1.0,-1.0,1.0,-1.0,-1.0,1.0,-1.0,-1.0,1.0,-1.0,-1.0,1.0,-1.0,-1.0,1.0,1.0,1.0,1.0,-1.0,-1.0,1.0,1.0,1.0,1.0,1.0,1.0,1.0,1.0,1.0,1.0,1.0,1.0,1.0,1.0,-1.0,-1.0,1.0,1.0,1.0,1.0,1.0,1.0,-1.0,-1.0
-0.10540170059024219,-0.7249320161096005,-0.7249320161096005,-0.7249320161096005,-0.7249320161096005,-0.7249320161096005,-0.7249320161096005,-0.7249320161096005,-0.7249320161096005,-0.2659690429474603,-0.2659690429474603,-0.2659690429474603,-0.7249320161096005,-2.0285821632829135,-2.0285821632829135,-0.2659690429474603,-2.446043165467626,-2.446043165467626,-2.446043165467626,-2.446043165467626,-2.446043165467626,-2.446043165467626,-2.446043165467626,-2.446043165467626,-2.446043165467626,-2.446043165467626,-2.446043165467626,-2.446043165467626,-2.446043165467626,-2.446043165467626,-2.446043165467626,-2.446043165467626,-2.446043165467626,-2.446043165467626,-2.446043165467626,-2.446043165467626,-2.446043165467626,-2.446043165467626,-2.446043165467626,-2.446043165467626,-2.446043165467626,-2.446043165467626,-2.446043165467626,-2.446043165467626,-2.446043165467626,-2.446043165467626,-2.446043165467626,-2.446043165467626,-2.446043165467626,-2.446043165467626,-2.446043165467626,-2.446043165467626,-2.446043165467626,-2.446043165467626,-2.446043165467626,-2.446043165467626,-2.446043165467626,-2.061324202669949,-2.446043165467626,-2.446043165467626,-2.446043165467626,-2.446043165467626,-0.9692187598894492,-0.2659690429474603,-0.2659690429474603,-2.446043165467626,-2.446043165467626,-1.356006104207543,-1.356006104207543,-1.356006104207543,-2.446043165467626,-2.446043165467626,-2.446043165467626,-2.446043165467626,0.025474463317328985,0.05209449739625479,-0.21642190379927478,-0.21642190379927478,-0.7148078328780825,-0.7148078328780825,-0.7148078328780825,-0.7148078328780825,-0.7148078328780825,-0.7148078328780825,-0.7148078328780825,0.30773467350521483,0.30773467350521483,0.30773467350521483,-0.5161414832366595,-0.5161414832366595,-0.5161414832366595,-0.5161414832366595,-0.5161414832366595,-0.5161414832366595,-0.5161414832366595,-0.5161414832366595,-0.5161414832366595,-0.5161414832366595,-0.5161414832366595,0.05209449739625479,0.05209449739625479,0.05209449739625479,0.05209449739625479,0.05209449739625479,0.103180888341897,0.103180888341897,0.103180888341897,0.05209449739625479,0.016158196437502374,0.996179133248425,0.996179133248425,0.996179133248425,-0.4716364129965325,-0.4716364129965325,-0.4716364129965325,-0.4716364129965325,-0.4716364129965325,-0.4716364129965325,-0.4716364129965325,-0.4716364129965325,-0.4716364129965325,-0.4716364129965325,-0.4716364129965325,-0.4716364129965325,-0.4716364129965325,0.05209449739625479,0.28434092972753294,0.28434092972753294,0.28434092972753294,0.28434092972753294,0.28434092972753294,-0.21958448714915885,-0.21958448714915885,-0.21958448714915885,0.05209449739625479,0.17004578155657307,0.17004578155657307,0.17004578155657307,0.17004578155657307,0.17004578155657307,0.12332990750256932,0.12332990750256932,0.12332990750256932,0.12332990750256932,0.12332990750256932,0.12332990750256932,0.05209449739625479,0.24171945133805767,0.24171945133805767,0.24171945133805767,0.155980787217733,0.155980787217733,0.155980787217733,0.05209449739625479,0.05209449739625479,-0.2659690429474603,-0.2659690429474603,-0.2659690429474603,-0.3905447070914697,-0.3905447070914697,-0.3905447070914697,-0.3905447070914697,-0.3905447070914697,0.12332990750256932,0.12332990750256932,0.12332990750256932,0.10990580576291333,0.10990580576291333,0.10990580576291333,0.10990580576291333,0.10990580576291333,0.05209449739625479,0.05209449739625479,-0.7504299590630527,-0.7504299590630527,-0.03648755636639027,-0.03648755636639027,-0.03648755636639027,0.05209449739625479,0.05209449739625479,-0.0677804863547178,-0.0677804863547178,-0.0677804863547178,-0.0677804863547178,-0.0677804863547178,-0.0677804863547178,0.05209449739625479,0.33703018243045796,0.33703018243045796,0.33703018243045796,0.05209449739625479,0.05209449739625479,0.05209449739625479,0.1377483871488666,0.1377483871488666,0.1377483871488666,0.05209449739625479,0.05209449739625479,0.05209449739625479,0.6932635709614126,0.6932635709614126,0.6932635709614126,0.6932635709614126,0.6932635709614126,0.6932635709614126,0.6932635709614126,0.05209449739625479,0.46072233122592815,0.46072233122592815,0.46072233122592815,0.05209449739625479,0.3209739900387382,0.3209739900387382,0.3209739900387382,0.05209449739625479,0.05209449739625479,-0.2659690429474603,-0.2659690429474603,-0.2659690429474603,0.05209449739625479,0.05209449739625479,0.05209449739625479,0.05209449739625479,0.05209449739625479,0.05209449739625479,0.05209449739625479,-2.446043165467626,-2.446043165467626,-0.9692187598894492,-0.9692187598894492,-0.9692187598894492,-0.9692187598894492,-0.9692187598894492,-0.9692187598894492,2.995521695066738E-4,-0.09156311314584703,-0.09156311314584703,-0.7249320161096005,-0.7249320161096005,-0.09156311314584703,-0.09156311314584703,0.8240680183126226,0.8240680183126226,-0.11024946276744832,-0.11024946276744832,0.35690927777258696,0.35690927777258696,-2.446043165467626,-2.446043165467626,-0.5472689297242557,-0.1821200382351462,-0.1821200382351462,-0.1821200382351462,-0.1821200382351462,-0.1821200382351462,-0.5472689297242557,-0.9673841954104699,-1.676605239872273,-2.446043165467626,-2.446043165467626,-1.2197514715500326,-2.446043165467626,-2.446043165467626,-0.8109875735775016,-2.446043165467626,-2.446043165467626,-1.1379986919555263,-2.446043165467626,-2.446043165467626,-1.0445669438475194,-2.446043165467626,-2.446043165467626,-0.3905447070914697,-0.3905447070914697,-0.3905447070914697,-0.3905447070914697,-2.446043165467626,-2.446043165467626,-1.7920209287115763,-1.9788844249275905,-1.9788844249275905,-1.9788844249275905,-1.9788844249275905,-1.9788844249275905,-1.9788844249275905,-1.9788844249275905,-1.291886277074597,-1.291886277074597,-1.291886277074597,-1.291886277074597,-1.291886277074597,-1.291886277074597,-2.446043165467626,-2.446043165467626,-2.0826974783809313,-2.0826974783809313,-2.0826974783809313,-2.0826974783809313,-2.0826974783809313,-1.1379986919555263,-2.446043165467626,-2.446043165467626
1.0,-1.0,-1.0,-1.0,-1.0,-1.0,-1.0,-1.0,-1.0,-1.0,-1.0,-1.0,-1.0,-1.0,-1.0,-1.0,-1.0,-1.0,-1.0,-1.0,-1.0,-1.0,-1.0,-1.0,-1.0,-1.0,-1.0,-1.0,-1.0,-1.0,-1.0,-1.0,-1.0,-1.0,-1.0,-1.0,-1.0,-1.0,-1.0,-1.0,-1.0,-1.0,-1.0,-1.0,-1.0,-1.0,-1.0,-1.0,-1.0,-1.0,-1.0,-1.0,-1.0,-1.0,-1.0,-1.0,-1.0,1.0,1.0,1.0,1.0,1.0,-1.0,-1.0,-1.0,-1.0,-1.0,-1.0,-1.0,-1.0,-1.0,-1.0,-1.0,-1.0,1.0,1.0,1.0,1.0,1.0,1.0,1.0,1.0,1.0,1.0,1.0,-1.0,-1.0,-1.0,1.0,1.0,1.0,1.0,1.0,1.0,1.0,1.0,1.0,1.0,1.0,1.0,1.0,1.0,1.0,1.0,-1.0,-1.0,-1.0,1.0,-1.0,-1.0,-1.0,-1.0,1.0,1.0,1.0,1.0,1.0,1.0,1.0,1.0,1.0,1.0,1.0,1.0,1.0,1.0,1.0,1.0,1.0,1.0,1.0,1.0,1.0,1.0,1.0,1.0,1.0,1.0,1.0,1.0,1.0,1.0,1.0,1.0,1.0,1.0,1.0,-1.0,-1.0,-1.0,-1.0,-1.0,-1.0,1.0,1.0,-1.0,-1.0,-1.0,-1.0,-1.0,-1.0,-1.0,-1.0,-1.0,-1.0,-1.0,-1.0,-1.0,-1.0,-1.0,-1.0,1.0,1.0,-1.0,-1.0,-1.0,-1.0,-1.0,1.0,1.0,-1.0,-1.0,-1.0,-1.0,-1.0,-1.0,1.0,-1.0,-1.0,-1.0,1.0,1.0,1.0,-1.0,-1.0,-1.0,1.0,1.0,1.0,1.0,1.0,1.0,1.0,1.0,1.0,1.0,1.0,-1.0,-1.0,-1.0,1.0,-1.0,-1.0,-1.0,1.0,1.0,-1.0,-1.0,-1.0,1.0,1.0,1.0,1.0,1.0,1.0,1.0,-1.0,-1.0,-1.0,-1.0,-1.0,-1.0,-1.0,-1.0,-1.0,-1.0,-1.0,-1.0,-1.0,-1.0,-1.0,-1.0,-1.0,-1.0,-1.0,-1.0,-1.0,-1.0,-1.0,-1.0,-1.0,-1.0,-1.0,-1.0,-1.0,-1.0,1.0,1.0,1.0,1.0,1.0,1.0,1.0,1.0,1.0,1.0,1.0,1.0,1.0,1.0,1.0,1.0,1.0,1.0,1.0,1.0,1.0,1.0,1.0,-1.0,-1.0,-1.0,-1.0,-1.0,-1.0,-1.0,-1.0,-1.0,-1.0,-1.0,-1.0,-1.0,1.0,1.0,1.0,1.0,1.0,1.0,1.0,-1.0,-1.0,-1.0
1.0,-1.0,-1.0,-1.0,-1.0,-1.0,-1.0,-1.0,-1.0,-1.0,-1.0,-1.0,-1.0,-1.0,-1.0,-1.0,-1.0,-1.0,-1.0,-1.0,-1.0,-1.0,-1.0,-1.0,-1.0,-1.0,-1.0,-1.0,-1.0,-1.0,-1.0,-1.0,-1.0,-1.0,-1.0,-1.0,-1.0,-1.0,-1.0,-1.0,-1.0,-1.0,-1.0,-1.0,-1.0,-1.0,-1.0,-1.0,-1.0,-1.0,-1.0,-1.0,-1.0,-1.0,-1.0,-1.0,-1.0,-1.0,-1.0,-1.0,-1.0,-1.0,-1.0,-1.0,-1.0,-1.0,-1.0,-1.0,-1.0,-1.0,-1.0,-1.0,-1.0,-1.0,1.0,1.0,-1.0,-1.0,1.0,1.0,1.0,1.0,1.0,1.0,1.0,-1.0,-1.0,-1.0,1.0,1.0,1.0,1.0,1.0,1.0,1.0,1.0,1.0,1.0,1.0,1.0,1.0,1.0,1.0,1.0,-1.0,-1.0,-1.0,1.0,-1.0,-1.0,-1.0,-1.0,-1.0,-1.0,-1.0,-1.0,-1.0,-1.0,-1.0,-1.0,-1.0,-1.0,-1.0,-1.0,-1.0,1.0,-1.0,-1.0,-1.0,-1.0,-1.0,-1.0,-1.0,-1.0,1.0,-1.0,-1.0,-1.0,-1.0,-1.0,-1.0,-1.0,-1.0,-1.0,-1.0,-1.0,1.0,-1.0,-1.0,-1.0,-1.0,-1.0,-1.0,1.0,1.0,-1.0,-1.0,-1.0,-1.0,-1.0,-1.0,-1.0,-1.0,-1.0,-1.0,-1.0,-1.0,-1.0,-1.0,-1.0,-1.0,1.0,1.0,-1.0,-1.0,-1.0,-1.0,-1.0,1.0,1.0,-1.0,-1.0,-1.0,-1.0,-1.0,-1.0,1.0,-1.0,-1.0,-1.0,1.0,1.0,1.0,-1.0,-1.0,-1.0,1.0,1.0,1.0,-1.0,-1.0,-1.0,-1.0,-1.0,-1.0,-1.0,1.0,-1.0,-1.0,-1.0,1.0,-1.0,-1.0,-1.0,1.0,1.0,-1.0,-1.0,-1.0,1.0,1.0,1.0,1.0,1.0,1.0,1.0,-1.0,-1.0,-1.0,-1.0,-1.0,-1.0,-1.0,-1.0,-1.0,-1.0,-1.0,-1.0,-1.0,-1.0,-1.0,-1.0,-1.0,-1.0,-1.0,-1.0,-1.0,-1.0,-1.0,-1.0,-1.0,-1.0,-1.0,-1.0,-1.0,-1.0,-1.0,-1.0,-1.0,-1.0,-1.0,-1.0,-1.0,-1.0,-1.0,-1.0,-1.0,-1.0,-1.0,-1.0,-1.0,-1.0,-1.0,-1.0,-1.0,-1.0,-1.0,-1.0,1.0,-1.0,-1.0,-1.0,-1.0,-1.0,-1.0,-1.0,1.0,1.0,1.0,1.0,1.0,1.0,-1.0,-1.0,-1.0,-1.0,-1.0,-1.0,-1.0,-1.0,-1.0,-1.0
1.8691588785046729,0.05826326677299304,-0.06772340083998737,-0.06772340083998737,-0.06772340083998737,-0.06772340083998737,-0.06772340083998737,-0.06772340083998737,-0.06772340083998737,-0.7168653651146805,-0.7168653651146805,-0.7168653651146805,0.05826326677299304,-0.16075149027109703,-0.16075149027109703,-1.214393746886843,-1.6051638516534874,-1.6051638516534874,-1.4798068485718616,-1.4798068485718616,-0.30732044300709765,-0.33732959849041266,-0.33732959849041266,-0.33732959849041266,-0.33732959849041266,-0.33732959849041266,-0.33732959849041266,-0.33732959849041266,-0.33732959849041266,-0.33732959849041266,-0.33732959849041266,-0.33732959849041266,-0.33732959849041266,-0.33732959849041266,-0.33732959849041266,-0.33732959849041266,-0.33732959849041266,-0.33732959849041266,-0.33732959849041266,-0.34453729490425905,-0.34453729490425905,-0.34453729490425905,-0.34453729490425905,-0.34453729490425905,-0.34453729490425905,-0.34453729490425905,-0.34453729490425905,-0.34453729490425905,-0.34453729490425905,-0.34453729490425905,-0.34453729490425905,-0.34453729490425905,-0.34453729490425905,-0.34453729490425905,-0.34453729490425905,-0.34453729490425905,-0.34453729490425905,-0.6289904905805966,-0.9311527171810882,-1.2302355934642644,-1.2302355934642644,-0.9311527171810882,-0.35680282110750033,-0.838928682527586,-0.838928682527586,-1.3186664344168477,-1.3186664344168477,-0.7619402558565319,-0.7619402558565319,-0.7619402558565319,-1.2812632999899616,-1.2812632999899616,-1.2812632999899616,-1.2812632999899616,1.8246433513722244,1.8150003919326811,-0.18078125869716333,-0.18078125869716333,0.01881061274645508,0.01881061274645508,0.01881061274645508,0.01881061274645508,0.01881061274645508,0.01881061274645508,0.01881061274645508,-0.2749317514696077,-0.2749317514696077,-0.2749317514696077,-0.07040898133324332,-0.07040898133324332,-0.07040898133324332,-0.07040898133324332,-0.07040898133324332,-0.07040898133324332,-0.07040898133324332,-0.07040898133324332,-0.07040898133324332,-0.07040898133324332,-0.07040898133324332,1.8150003919326811,1.8150003919326811,1.8150003919326811,1.8150003919326811,1.8150003919326811,0.6805862407365462,0.6805862407365462,0.6805862407365462,1.8150003919326811,0.06837815778920443,-0.33495152862710814,-0.33495152862710814,-0.33495152862710814,0.18548114729726461,0.18548114729726461,0.18548114729726461,0.18548114729726461,0.18548114729726461,0.18548114729726461,0.18548114729726461,0.18548114729726461,0.18548114729726461,0.18548114729726461,0.18548114729726461,0.18548114729726461,0.18548114729726461,1.8150003919326811,0.15324148772392274,0.15324148772392274,0.15324148772392274,0.15324148772392274,0.15324148772392274,-0.15587537938671386,-0.15587537938671386,-0.15587537938671386,1.8150003919326811,-0.21436282936522158,-0.21436282936522158,-0.21436282936522158,-0.21436282936522158,-0.21436282936522158,0.22072256752378547,0.22072256752378547,0.22072256752378547,0.22072256752378547,0.22072256752378547,0.22072256752378547,1.8150003919326811,0.005265034768299754,0.005265034768299754,0.005265034768299754,0.14567047156678264,0.14567047156678264,0.14567047156678264,1.8150003919326811,1.8150003919326811,0.06132078947810325,0.06132078947810325,0.06132078947810325,-0.277022536700879,-0.277022536700879,-0.277022536700879,-0.277022536700879,-0.277022536700879,-0.450022148404846,-0.450022148404846,-0.450022148404846,0.09841125094609943,0.09841125094609943,0.09841125094609943,0.09841125094609943,0.09841125094609943,1.8150003919326811,1.8150003919326811,-0.4439925199768518,-0.4439925199768518,-0.3006606193121438,-0.3006606193121438,-0.3006606193121438,1.8150003919326811,1.8150003919326811,0.21855080659081957,0.21855080659081957,0.21855080659081957,0.21855080659081957,0.21855080659081957,0.21855080659081957,1.8150003919326811,-0.1859257846356537,-0.1859257846356537,-0.1859257846356537,1.8150003919326811,1.8150003919326811,1.8150003919326811,0.11136664721472321,0.11136664721472321,0.11136664721472321,1.8150003919326811,1.8150003919326811,1.8150003919326811,0.025438946854846194,0.025438946854846194,0.025438946854846194,0.025438946854846194,0.025438946854846194,0.025438946854846194,0.025438946854846194,1.8150003919326811,-0.1291658402091679,-0.1291658402091679,-0.1291658402091679,1.8150003919326811,-0.1291658402091679,-0.1291658402091679,-0.1291658402091679,1.8150003919326811,1.8150003919326811,-0.46859239543732956,-0.46859239543732956,-0.46859239543732956,1.8150003919326811,1.8150003919326811,1.8150003919326811,1.8150003919326811,1.8150003919326811,1.8150003919326811,1.8150003919326811,-1.2636276327082574,-1.2636276327082574,-0.0731100854993644,-0.0731100854993644,-0.0731100854993644,-0.0731100854993644,-0.0731100854993644,-0.0731100854993644,0.2521429699147987,-0.543793501424543,-0.543793501424543,-0.5946785893867566,-0.5946785893867566,-0.5400994923090695,-0.5400994923090695,-0.42348121457627924,-0.42348121457627924,-0.450022148404846,-0.450022148404846,-1.0799628719093755,-1.0799628719093755,-1.5382942985503691,-1.5382942985503691,-0.3693989939993358,-0.4592150295257363,-0.4592150295257363,-0.4592150295257363,-0.4592150295257363,-0.4592150295257363,-0.3693989939993358,0.2192758489699871,-0.7168653651146805,-1.5382942985503691,-1.5382942985503691,-0.642536068558752,-1.5382942985503691,-1.5382942985503691,-0.6757584618689061,-1.4530973093943156,-1.4530973093943156,-0.7560623202458499,-1.4530973093943156,-1.4530973093943156,-0.786220507693313,-1.6355140186915886,-1.6355140186915886,-0.33732959849041266,-0.33732959849041266,-0.33732959849041266,-0.33732959849041266,-1.570533958123711,-1.570533958123711,-0.14469184377380367,-0.6245611709756697,-0.6245611709756697,-0.6245611709756697,-0.6245611709756697,-0.6245611709756697,-0.6245611709756697,-0.6245611709756697,-0.7222676185731274,-0.7222676185731274,-0.7222676185731274,-0.7222676185731274,-0.7222676185731274,-0.7222676185731274,-1.3186664344168477,-1.3186664344168477,-0.6612301501539382,-0.6612301501539382,-0.6612301501539382,-0.6612301501539382,-0.6612301501539382,-1.199071399773296,-1.5382942985503691,-1.5382942985503691
-1.0917363902447395,-0.6408117842928496,-0.5270279664518228,-0.5270279664518228,-0.5270279664518228,-0.5270279664518228,-0.5270279664518228,-0.5270279664518228,-0.5270279664518228,-0.716687970928574,-0.716687970928574,-0.716687970928574,-0.6408117842928496,-1.0917363902447395,-1.0917363902447395,0.0,0.0,0.0,0.0,0.0,0.0,0.0,0.0,0.0,0.0,0.0,0.0,0.0,0.0,0.0,0.0,0.0,0.0,0.0,0.0,0.0,0.0,0.0,0.0,0.0,0.0,0.0,0.0,0.0,0.0,0.0,0.0,0.0,0.0,0.0,0.0,0.0,0.0,0.0,0.0,0.0,0.0,0.11694978773856532,0.7093734160734742,0.0,0.0,0.7093734160734742,-1.0917363902447395,0.0,0.0,0.0,0.0,-0.5574843988968935,-0.5574843988968935,-0.5574843988968935,0.0,0.0,0.0,0.0,-1.0917363902447395,-1.0917363902447395,0.04618308031155293,0.04618308031155293,-1.0917363902447395,-1.0917363902447395,-1.0917363902447395,-1.0917363902447395,-1.0917363902447395,-1.0917363902447395,-1.0917363902447395,-1.0917363902447395,-1.0917363902447395,-1.0917363902447395,-0.34364949654908017,-0.34364949654908017,-0.34364949654908017,-0.34364949654908017,-0.34364949654908017,-0.34364949654908017,-0.34364949654908017,-0.34364949654908017,-0.34364949654908017,-0.34364949654908017,-0.34364949654908017,-1.0917363902447395,-1.0917363902447395,-1.0917363902447395,-1.0917363902447395,-1.0917363902447395,-0.5137330698640148,-0.5137330698640148,-0.5137330698640148,-1.0917363902447395,-1.0917363902447395,-1.0917363902447395,-1.0917363902447395,-1.0917363902447395,-1.0917363902447395,-1.0917363902447395,-1.0917363902447395,-1.0917363902447395,-1.0917363902447395,-1.0917363902447395,-1.0917363902447395,-1.0917363902447395,-1.0917363902447395,-1.0917363902447395,-1.0917363902447395,-1.0917363902447395,-1.0917363902447395,-1.0917363902447395,-1.0917363902447395,-1.0917363902447395,-1.0917363902447395,-1.0917363902447395,-1.0917363902447395,-1.0917363902447395,-1.0917363902447395,-1.0917363902447395,-1.0917363902447395,-1.0917363902447395,-1.0917363902447395,-1.0917363902447395,-1.0917363902447395,-1.0917363902447395,-0.9388989682979517,-0.9388989682979517,-0.9388989682979517,-0.9388989682979517,-0.9388989682979517,-0.9388989682979517,-1.0917363902447395,-0.7848215955566088,-0.7848215955566088,-0.7848215955566088,-1.0917363902447395,-1.0917363902447395,-1.0917363902447395,-1.0917363902447395,-1.0917363902447395,-1.0917363902447395,-1.0917363902447395,-1.0917363902447395,-1.0917363902447395,-1.0917363902447395,-1.0917363902447395,-1.0917363902447395,-1.0917363902447395,-1.0917363902447395,-1.0917363902447395,-1.0917363902447395,-1.0917363902447395,-1.0917363902447395,-1.0917363902447395,-1.0917363902447395,-1.0917363902447395,-1.0917363902447395,-1.0917363902447395,-1.0917363902447395,-1.0917363902447395,-1.0917363902447395,-1.0917363902447395,-1.0917363902447395,-1.0917363902447395,-1.0917363902447395,-1.0917363902447395,-1.0917363902447395,-1.0917363902447395,-1.0917363902447395,-1.0917363902447395,-1.0917363902447395,-1.0917363902447395,-0.7787425554490117,-0.7787425554490117,-0.7787425554490117,-1.0917363902447395,-1.0917363902447395,-1.0917363902447395,-1.0917363902447395,-1.0917363902447395,-1.0917363902447395,-1.0917363902447395,-1.0917363902447395,-1.0917363902447395,-1.0917363902447395,-1.0917363902447395,-1.0917363902447395,-1.0917363902447395,-1.0917363902447395,-1.0917363902447395,-1.0917363902447395,-1.0917363902447395,-1.0917363902447395,-1.0917363902447395,-1.0917363902447395,-1.0917363902447395,-1.0917363902447395,-1.0917363902447395,-1.0917363902447395,-1.0917363902447395,-1.0917363902447395,-1.0917363902447395,-1.0917363902447395,-1.0917363902447395,-1.0917363902447395,-1.0917363902447395,-1.0917363902447395,-1.0917363902447395,-1.0917363902447395,-1.0917363902447395,-1.0917363902447395,0.0,0.0,-1.0917363902447395,-1.0917363902447395,-1.0917363902447395,-1.0917363902447395,-1.0917363902447395,-1.0917363902447395,-0.5127793237968321,0.18432475571185836,0.18432475571185836,-0.004239130156812998,-0.004239130156812998,-1.0917363902447395,-1.0917363902447395,-1.0837117207548872,-1.0837117207548872,-0.5151626563746414,-0.5151626563746414,0.0,0.0,0.0,0.0,-0.7999219527050337,-0.4826935923875507,-0.4826935923875507,-0.4826935923875507,-0.4826935923875507,-0.4826935923875507,-0.7999219527050337,-1.0917363902447395,0.0,0.0,0.0,0.0,0.0,0.0,0.0,0.0,0.0,0.0,0.0,0.0,0.1974758812565125,0.0,0.0,-0.5449014343407009,-0.5449014343407009,-0.5449014343407009,-0.5449014343407009,0.0,0.0,-1.0917363902447395,0.0,0.0,0.0,0.0,0.0,0.0,0.0,0.0,0.0,0.0,0.0,0.0,0.0,0.2648508492298048,0.2648508492298048,-0.2439874492648732,-0.2439874492648732,-0.2439874492648732,-0.2439874492648732,-0.2439874492648732,0.0,0.0,0.0
1.969566382794139,1.969566382794139,1.969566382794139,1.969566382794139,1.969566382794139,1.969566382794139,1.969566382794139,1.969566382794139,1.969566382794139,-0.5077224524862195,-0.5077224524862195,-0.5077224524862195,1.969566382794139,-0.5077224524862195,-0.5077224524862195,-0.5077224524862195,-0.5077224524862195,-0.5077224524862195,-0.5077224524862195,-0.5077224524862195,-0.5077224524862195,-0.5077224524862195,-0.5077224524862195,-0.5077224524862195,-0.5077224524862195,-0.5077224524862195,-0.5077224524862195,-0.5077224524862195,-0.5077224524862195,-0.5077224524862195,-0.5077224524862195,-0.5077224524862195,-0.5077224524862195,-0.5077224524862195,-0.5077224524862195,-0.5077224524862195,-0.5077224524862195,-0.5077224524862195,-0.5077224524862195,-0.5077224524862195,-0.5077224524862195,-0.5077224524862195,-0.5077224524862195,-0.5077224524862195,-0.5077224524862195,-0.5077224524862195,-0.5077224524862195,-0.5077224524862195,-0.5077224524862195,-0.5077224524862195,-0.5077224524862195,-0.5077224524862195,-0.5077224524862195,-0.5077224524862195,-0.5077224524862195,-0.5077224524862195,-0.5077224524862195,1.969566382794139,1.969566382794139,-0.5077224524862195,-0.5077224524862195,1.969566382794139,-0.5077224524862195,-0.5077224524862195,-0.5077224524862195,-0.5077224524862195,-0.5077224524862195,-0.5077224524862195,-0.5077224524862195,-0.5077224524862195,-0.5077224524862195,-0.5077224524862195,-0.5077224524862195,-0.5077224524862195,1.969566382794139,1.969566382794139,-0.5077224524862195,-0.5077224524862195,-0.5077224524862195,-0.5077224524862195,-0.5077224524862195,-0.5077224524862195,-0.5077224524862195,-0.5077224524862195,-0.5077224524862195,-0.5077224524862195,-0.5077224524862195,-0.5077224524862195,-0.5077224524862195,-0.5077224524862195,-0.5077224524862195,-0.5077224524862195,-0.5077224524862195,-0.5077224524862195,-0.5077224524862195,-0.5077224524862195,-0.5077224524862195,-0.5077224524862195,-0.5077224524862195,1.969566382794139,1.969566382794139,1.969566382794139,1.969566382794139,1.969566382794139,1.969566382794139,1.969566382794139,1.969566382794139,1.969566382794139,1.969566382794139,-0.5077224524862195,-0.5077224524862195,-0.5077224524862195,-0.5077224524862195,-0.5077224524862195,-0.5077224524862195,-0.5077224524862195,-0.5077224524862195,-0.5077224524862195,-0.5077224524862195,-0.5077224524862195,-0.5077224524862195,-0.5077224524862195,-0.5077224524862195,-0.5077224524862195,-0.5077224524862195,1.969566382794139,-0.5077224524862195,-0.5077224524862195,-0.5077224524862195,-0.5077224524862195,-0.5077224524862195,1.969566382794139,1.969566382794139,1.969566382794139,1.969566382794139,1.969566382794139,1.969566382794139,1.969566382794139,1.969566382794139,1.969566382794139,-0.5077224524862195,-0.5077224524862195,-0.5077224524862195,-0.5077224524862195,-0.5077224524862195,-0.5077224524862195,1.969566382794139,-0.5077224524862195,-0.5077224524862195,-0.5077224524862195,-0.5077224524862195,-0.5077224524862195,-0.5077224524862195,1.969566382794139,1.969566382794139,-0.5077224524862195,-0.5077224524862195,-0.5077224524862195,-0.5077224524862195,-0.5077224524862195,-0.5077224524862195,-0.5077224524862195,-0.5077224524862195,-0.5077224524862195,-0.5077224524862195,-0.5077224524862195,1.969566382794139,1.969566382794139,1.969566382794139,1.969566382794139,1.969566382794139,1.969566382794139,1.969566382794139,1.969566382794139,1.969566382794139,1.969566382794139,1.969566382794139,1.969566382794139,1.969566382794139,1.969566382794139,1.969566382794139,1.969566382794139,1.969566382794139,1.969566382794139,1.969566382794139,1.969566382794139,1.969566382794139,1.969566382794139,1.969566382794139,1.969566382794139,1.969566382794139,1.969566382794139,1.969566382794139,-0.5077224524862195,-0.5077224524862195,-0.5077224524862195,1.969566382794139,1.969566382794139,1.969566382794139,-0.5077224524862195,-0.5077224524862195,-0.5077224524862195,-0.5077224524862195,-0.5077224524862195,-0.5077224524862195,-0.5077224524862195,1.969566382794139,-0.5077224524862195,-0.5077224524862195,-0.5077224524862195,1.969566382794139,1.969566382794139,1.969566382794139,1.969566382794139,1.969566382794139,1.969566382794139,-0.5077224524862195,-0.5077224524862195,-0.5077224524862195,1.969566382794139,1.969566382794139,1.969566382794139,1.969566382794139,1.969566382794139,1.969566382794139,1.969566382794139,-0.5077224524862195,-0.5077224524862195,1.969566382794139,1.969566382794139,1.969566382794139,1.969566382794139,1.969566382794139,1.969566382794139,1.969566382794139,1.969566382794139,1.969566382794139,-0.5077224524862195,-0.5077224524862195,-0.5077224524862195,-0.5077224524862195,-0.5077224524862195,-0.5077224524862195,-0.5077224524862195,-0.5077224524862195,-0.5077224524862195,-0.5077224524862195,-0.5077224524862195,-0.5077224524862195,-0.5077224524862195,-0.5077224524862195,-0.5077224524862195,-0.5077224524862195,-0.5077224524862195,-0.5077224524862195,-0.5077224524862195,-0.5077224524862195,-0.5077224524862195,-0.5077224524862195,-0.5077224524862195,-0.5077224524862195,-0.5077224524862195,-0.5077224524862195,-0.5077224524862195,-0.5077224524862195,-0.5077224524862195,-0.5077224524862195,-0.5077224524862195,-0.5077224524862195,-0.5077224524862195,-0.5077224524862195,-0.5077224524862195,-0.5077224524862195,-0.5077224524862195,-0.5077224524862195,-0.5077224524862195,-0.5077224524862195,-0.5077224524862195,1.969566382794139,-0.5077224524862195,-0.5077224524862195,-0.5077224524862195,-0.5077224524862195,-0.5077224524862195,-0.5077224524862195,-0.5077224524862195,-0.5077224524862195,-0.5077224524862195,-0.5077224524862195,-0.5077224524862195,-0.5077224524862195,-0.5077224524862195,-0.5077224524862195,-0.5077224524862195,1.969566382794139,1.969566382794139,1.969566382794139,1.969566382794139,1.969566382794139,-0.5077224524862195,-0.5077224524862195,-0.5077224524862195
-0.8547309516344097,-0.826998905455453,-0.8136903069675475,-0.8136903069675475,-0.8136903069675475,-0.8136903069675475,-0.8136903069675475,-0.8136903069675475,-0.8136903069675475,-0.8700053950135924,-0.8700053950135924,-0.8700053950135924,-0.826998905455453,-0.8700053950135924,-0.8700053950135924,-0.8700053950135924,-0.8700053950135924,-0.8700053950135924,-0.8700053950135924,-0.8700053950135924,-0.8700053950135924,-0.8700053950135924,-0.8700053950135924,-0.8700053950135924,-0.8700053950135924,-0.8700053950135924,-0.8700053950135924,-0.8700053950135924,-0.8700053950135924,-0.8700053950135924,-0.8700053950135924,-0.8700053950135924,-0.8700053950135924,-0.8700053950135924,-0.8700053950135924,-0.8700053950135924,-0.8700053950135924,-0.8700053950135924,-0.8700053950135924,-0.8700053950135924,-0.8700053950135924,-0.8700053950135924,-0.8700053950135924,-0.8700053950135924,-0.8700053950135924,-0.8700053950135924,-0.8700053950135924,-0.8700053950135924,-0.8700053950135924,-0.8700053950135924,-0.8700053950135924,-0.8700053950135924,-0.8700053950135924,-0.8700053950135924,-0.8700053950135924,-0.8700053950135924,-0.8700053950135924,-0.5892344560411682,-0.33398814788441894,-0.8700053950135924,-0.8700053950135924,-0.33398814788441894,-0.8700053950135924,-0.8700053950135924,-0.8700053950135924,-0.8700053950135924,-0.8700053950135924,-0.8700053950135924,-0.8700053950135924,-0.8700053950135924,-0.8700053950135924,-0.8700053950135924,-0.8700053950135924,-0.8700053950135924,-0.8556104804562048,-0.8561452879969581,-0.8700053950135924,-0.8700053950135924,-0.8700053950135924,-0.8700053950135924,-0.8700053950135924,-0.8700053950135924,-0.8700053950135924,-0.8700053950135924,-0.8700053950135924,-0.8700053950135924,-0.8700053950135924,-0.8700053950135924,-0.8700053950135924,-0.8700053950135924,-0.8700053950135924,-0.8700053950135924,-0.8700053950135924,-0.8700053950135924,-0.8700053950135924,-0.8700053950135924,-0.8700053950135924,-0.8700053950135924,-0.8700053950135924,-0.8561452879969581,-0.8561452879969581,-0.8561452879969581,-0.8561452879969581,-0.8561452879969581,-0.8435124699035427,-0.8435124699035427,-0.8435124699035427,-0.8561452879969581,-0.8489626051548455,-0.8700053950135924,-0.8700053950135924,-0.8700053950135924,-0.8700053950135924,-0.8700053950135924,-0.8700053950135924,-0.8700053950135924,-0.8700053950135924,-0.8700053950135924,-0.8700053950135924,-0.8700053950135924,-0.8700053950135924,-0.8700053950135924,-0.8700053950135924,-0.8700053950135924,-0.8700053950135924,-0.8561452879969581,-0.8700053950135924,-0.8700053950135924,-0.8700053950135924,-0.8700053950135924,-0.8700053950135924,-0.824667527128772,-0.824667527128772,-0.824667527128772,-0.8561452879969581,-0.8186224780774626,-0.8186224780774626,-0.8186224780774626,-0.8186224780774626,-0.8186224780774626,-0.8700053950135924,-0.8700053950135924,-0.8700053950135924,-0.8700053950135924,-0.8700053950135924,-0.8700053950135924,-0.8561452879969581,-0.8700053950135924,-0.8700053950135924,-0.8700053950135924,-0.8700053950135924,-0.8700053950135924,-0.8700053950135924,-0.8561452879969581,-0.8561452879969581,-0.8700053950135924,-0.8700053950135924,-0.8700053950135924,-0.8700053950135924,-0.8700053950135924,-0.8700053950135924,-0.8700053950135924,-0.8700053950135924,-0.8700053950135924,-0.8700053950135924,-0.8700053950135924,-0.8173843355006883,-0.8173843355006883,-0.8173843355006883,-0.8173843355006883,-0.8173843355006883,-0.8561452879969581,-0.8561452879969581,-0.8280097417484862,-0.8280097417484862,-0.7772980095038298,-0.7772980095038298,-0.7772980095038298,-0.8561452879969581,-0.8561452879969581,-0.8191410944751099,-0.8191410944751099,-0.8191410944751099,-0.8191410944751099,-0.8191410944751099,-0.8191410944751099,-0.8561452879969581,-0.8458307754218708,-0.8458307754218708,-0.8458307754218708,-0.8561452879969581,-0.8561452879969581,-0.8561452879969581,-0.8700053950135924,-0.8700053950135924,-0.8700053950135924,-0.8561452879969581,-0.8561452879969581,-0.8561452879969581,-0.8700053950135924,-0.8700053950135924,-0.8700053950135924,-0.8700053950135924,-0.8700053950135924,-0.8700053950135924,-0.8700053950135924,-0.8561452879969581,-0.8700053950135924,-0.8700053950135924,-0.8700053950135924,-0.8561452879969581,-0.848595846290205,-0.848595846290205,-0.848595846290205,-0.8561452879969581,-0.8561452879969581,-0.8700053950135924,-0.8700053950135924,-0.8700053950135924,-0.8561452879969581,-0.8561452879969581,-0.8561452879969581,-0.8561452879969581,-0.8561452879969581,-0.8561452879969581,-0.8561452879969581,-0.8700053950135924,-0.8700053950135924,-0.822532047844342,-0.822532047844342,-0.822532047844342,-0.822532047844342,-0.822532047844342,-0.822532047844342,-0.8652717809172366,-0.8440080858494792,-0.8440080858494792,-0.8700053950135924,-0.8700053950135924,-0.8700053950135924,-0.8700053950135924,-0.8700053950135924,-0.8700053950135924,-0.8700053950135924,-0.8700053950135924,-0.8700053950135924,-0.8700053950135924,-0.8700053950135924,-0.8700053950135924,-0.8700053950135924,-0.8700053950135924,-0.8700053950135924,-0.8700053950135924,-0.8700053950135924,-0.8700053950135924,-0.8700053950135924,-0.8700053950135924,-0.8700053950135924,-0.8700053950135924,-0.8700053950135924,-0.8700053950135924,-0.8700053950135924,-0.8700053950135924,-0.8700053950135924,-0.8700053950135924,-0.8700053950135924,-0.8700053950135924,-0.8700053950135924,-0.8700053950135924,-0.8700053950135924,-0.8700053950135924,-0.8700053950135924,-0.8700053950135924,-0.8700053950135924,-0.8700053950135924,-0.8700053950135924,-0.8700053950135924,-0.8700053950135924,-0.825739706436859,-0.8700053950135924,-0.8700053950135924,-0.8700053950135924,-0.8700053950135924,-0.8700053950135924,-0.8700053950135924,-0.8700053950135924,-0.8700053950135924,-0.8700053950135924,-0.8700053950135924,-0.8700053950135924,-0.8700053950135924,-0.8700053950135924,-0.8700053950135924,-0.8700053950135924,-0.7363049478838667,-0.7363049478838667,-0.7363049478838667,-0.7363049478838667,-0.7363049478838667,-0.8700053950135924,-0.8700053950135924,-0.8700053950135924
1.0228830132458286,0.3528545032638245,0.5228349750013707,0.5228349750013707,0.5228349750013707,0.5228349750013707,0.5228349750013707,0.5228349750013707,0.5228349750013707,0.25548548960086465,0.25548548960086465,0.25548548960086465,0.3528545032638245,-0.7033676826920172,-0.7033676826920172,-0.797640857572655,-1.096933728981207,-1.096933728981207,-1.0183565364195493,-1.0183565364195493,-0.7033676826920172,-0.797640857572655,-0.797640857572655,-0.797640857572655,-0.797640857572655,-0.797640857572655,-0.797640857572655,-0.797640857572655,-0.797640857572655,-0.797640857572655,-0.797640857572655,-0.797640857572655,-0.797640857572655,-0.797640857572655,-0.797640857572655,-0.797640857572655,-0.797640857572655,-0.797640857572655,-0.797640857572655,-0.797640857572655,-0.797640857572655,-0.797640857572655,-0.797640857572655,-0.797640857572655,-0.797640857572655,-0.797640857572655,-0.797640857572655,-0.797640857572655,-0.797640857572655,-0.797640857572655,-0.797640857572655,-0.797640857572655,-0.797640857572655,-0.797640857572655,-0.797640857572655,-0.797640857572655,-0.797640857572655,-0.0637760259906795,-0.538131199345661,-0.4648295453855011,-0.4648295453855011,-0.538131199345661,-0.3965873381778338,-0.3327510165778624,-0.3327510165778624,-0.6173030170247277,-0.6173030170247277,0.14747432049602588,0.14747432049602588,0.14747432049602588,-1.096933728981207,-1.096933728981207,-1.096933728981207,-1.096933728981207,1.3756772209003612,1.3974169901573101,1.0984250298477816,1.0984250298477816,0.6218294938510074,0.6218294938510074,0.6218294938510074,0.6218294938510074,0.6218294938510074,0.6218294938510074,0.6218294938510074,1.1820624067301388,1.1820624067301388,1.1820624067301388,0.2207759744561858,0.2207759744561858,0.2207759744561858,0.2207759744561858,0.2207759744561858,0.2207759744561858,0.2207759744561858,0.2207759744561858,0.2207759744561858,0.2207759744561858,0.2207759744561858,1.3974169901573101,1.3974169901573101,1.3974169901573101,1.3974169901573101,1.3974169901573101,1.4897334489033234,1.4897334489033234,1.4897334489033234,1.3974169901573101,1.4081102800724594,1.0537955191846062,1.0537955191846062,1.0537955191846062,0.6218294938510074,0.6218294938510074,0.6218294938510074,0.6218294938510074,0.6218294938510074,0.6218294938510074,0.6218294938510074,0.6218294938510074,0.6218294938510074,0.6218294938510074,0.6218294938510074,0.6218294938510074,0.6218294938510074,1.3974169901573101,1.2591757019524048,1.2591757019524048,1.2591757019524048,1.2591757019524048,1.2591757019524048,1.4395135425003327,1.4395135425003327,1.4395135425003327,1.3974169901573101,0.8138730294009158,0.8138730294009158,0.8138730294009158,0.8138730294009158,0.8138730294009158,1.2591757019524048,1.2591757019524048,1.2591757019524048,1.2591757019524048,1.2591757019524048,1.2591757019524048,1.3974169901573101,1.2714630610014237,1.2714630610014237,1.2714630610014237,1.5741645556799375,1.5741645556799375,1.5741645556799375,1.3974169901573101,1.3974169901573101,1.3974169901573101,1.3974169901573101,1.3974169901573101,0.6678433569913562,0.6678433569913562,0.6678433569913562,0.6678433569913562,0.6678433569913562,0.8138730294009158,0.8138730294009158,0.8138730294009158,1.2955891273952507,1.2955891273952507,1.2955891273952507,1.2955891273952507,1.2955891273952507,1.3974169901573101,1.3974169901573101,1.234133359732534,1.234133359732534,1.127097173144767,1.127097173144767,1.127097173144767,1.3974169901573101,1.3974169901573101,1.2591757019524048,1.2591757019524048,1.2591757019524048,1.2591757019524048,1.2591757019524048,1.2591757019524048,1.3974169901573101,1.0837711368852283,1.0837711368852283,1.0837711368852283,1.3974169901573101,1.3974169901573101,1.3974169901573101,1.7240655429471978,1.7240655429471978,1.7240655429471978,1.3974169901573101,1.3974169901573101,1.3974169901573101,0.9746237015055396,0.9746237015055396,0.9746237015055396,0.9746237015055396,0.9746237015055396,0.9746237015055396,0.9746237015055396,1.3974169901573101,1.2084404948430576,1.2084404948430576,1.2084404948430576,1.3974169901573101,1.4994785492426022,1.4994785492426022,1.4994785492426022,1.3974169901573101,1.3974169901573101,0.774302965490234,0.774302965490234,0.774302965490234,1.3974169901573101,1.3974169901573101,1.3974169901573101,1.3974169901573101,1.3974169901573101,1.3974169901573101,1.3974169901573101,-0.538131199345661,-0.538131199345661,0.9238884943961923,0.9238884943961923,0.9238884943961923,0.9238884943961923,0.9238884943961923,0.9238884943961923,1.0070567606776377,1.0228830132458286,1.0228830132458286,0.9063814942978732,0.9063814942978732,1.0228830132458286,1.0228830132458286,1.2714630610014237,1.2714630610014237,1.2213703480254048,1.2213703480254048,-0.11203533773096849,-0.11203533773096849,-1.096933728981207,-1.096933728981207,-0.21624949762990653,0.10868034111592541,0.10868034111592541,0.10868034111592541,0.10868034111592541,0.10868034111592541,-0.21624949762990653,0.25548548960086465,0.25548548960086465,-1.096933728981207,-1.096933728981207,0.41281951000609457,-1.096933728981207,-1.096933728981207,0.32145124083595084,-0.901855017471593,-0.901855017471593,0.14747432049602588,-0.901855017471593,-0.901855017471593,0.10868034111592541,-1.096933728981207,-1.096933728981207,0.3528545032638245,0.3528545032638245,0.3528545032638245,0.3528545032638245,-1.096933728981207,-1.096933728981207,-0.538131199345661,-0.3965873381778338,-0.3965873381778338,-0.3965873381778338,-0.3965873381778338,-0.3965873381778338,-0.3965873381778338,-0.3965873381778338,-0.4648295453855011,-0.4648295453855011,-0.4648295453855011,-0.4648295453855011,-0.4648295453855011,-0.4648295453855011,-0.6173030170247277,-0.6173030170247277,-0.6173030170247277,-0.6173030170247277,-0.6173030170247277,-0.6173030170247277,-0.6173030170247277,-0.797640857572655,-1.096933728981207,-1.096933728981207
-1.0,-1.0,1.0,1.0,1.0,1.0,1.0,1.0,1.0,1.0,1.0,1.0,-1.0,-1.0,-1.0,-1.0,-1.0,-1.0,-1.0,-1.0,-1.0,-1.0,-1.0,-1.0,-1.0,-1.0,-1.0,-1.0,-1.0,-1.0,-1.0,-1.0,-1.0,-1.0,-1.0,-1.0,-1.0,-1.0,-1.0,-1.0,-1.0,-1.0,-1.0,-1.0,-1.0,-1.0,-1.0,-1.0,-1.0,-1.0,-1.0,-1.0,-1.0,-1.0,-1.0,-1.0,-1.0,-1.0,-1.0,-1.0,-1.0,-1.0,-1.0,-1.0,-1.0,-1.0,-1.0,-1.0,-1.0,-1.0,-1.0,-1.0,-1.0,-1.0,-1.0,1.0,-1.0,-1.0,1.0,1.0,1.0,1.0,1.0,1.0,1.0,1.0,1.0,1.0,1.0,1.0,1.0,1.0,1.0,1.0,1.0,1.0,1.0,1.0,1.0,1.0,1.0,1.0,1.0,1.0,1.0,1.0,1.0,1.0,1.0,1.0,1.0,1.0,1.0,1.0,1.0,1.0,1.0,1.0,1.0,1.0,1.0,1.0,1.0,1.0,1.0,1.0,1.0,1.0,1.0,1.0,1.0,-1.0,-1.0,-1.0,1.0,-1.0,-1.0,-1.0,-1.0,-1.0,1.0,1.0,1.0,1.0,1.0,1.0,1.0,1.0,1.0,1.0,1.0,1.0,1.0,1.0,1.0,1.0,1.0,1.0,1.0,1.0,1.0,1.0,1.0,1.0,1.0,1.0,-1.0,-1.0,-1.0,-1.0,-1.0,1.0,1.0,-1.0,-1.0,1.0,1.0,1.0,1.0,1.0,1.0,1.0,1.0,1.0,1.0,1.0,1.0,1.0,1.0,1.0,1.0,1.0,1.0,1.0,1.0,1.0,1.0,1.0,1.0,-1.0,-1.0,-1.0,-1.0,-1.0,-1.0,-1.0,1.0,1.0,1.0,1.0,1.0,1.0,1.0,1.0,1.0,1.0,1.0,1.0,1.0,1.0,1.0,1.0,1.0,1.0,1.0,1.0,-1.0,-1.0,-1.0,-1.0,-1.0,-1.0,-1.0,-1.0,1.0,1.0,1.0,1.0,1.0,1.0,1.0,1.0,1.0,1.0,1.0,-1.0,-1.0,-1.0,-1.0,-1.0,1.0,1.0,1.0,1.0,1.0,-1.0,-1.0,-1.0,-1.0,-1.0,-1.0,-1.0,-1.0,-1.0,-1.0,-1.0,-1.0,-1.0,-1.0,-1.0,-1.0,-1.0,-1.0,-1.0,-1.0,-1.0,-1.0,-1.0,-1.0,-1.0,-1.0,-1.0,-1.0,-1.0,-1.0,-1.0,-1.0,-1.0,-1.0,-1.0,-1.0,-1.0,1.0,1.0,-1.0,-1.0,-1.0,-1.0,-1.0,-1.0,-1.0,-1.0
-1.0,-1.0,-1.0,-1.0,-1.0,-1.0,-1.0,-1.0,-1.0,-1.0,-1.0,-1.0,-1.0,-1.0,-1.0,-1.0,-1.0,-1.0,-1.0,-1.0,-1.0,-1.0,-1.0,-1.0,-1.0,-1.0,-1.0,-1.0,-1.0,-1.0,-1.0,-1.0,-1.0,-1.0,-1.0,-1.0,-1.0,-1.0,-1.0,-1.0,-1.0,-1.0,-1.0,-1.0,-1.0,-1.0,-1.0,-1.0,-1.0,-1.0,-1.0,-1.0,-1.0,-1.0,-1.0,-1.0,-1.0,-1.0,-1.0,-1.0,-1.0,-1.0,-1.0,-1.0,-1.0,-1.0,-1.0,-1.0,-1.0,-1.0,-1.0,-1.0,-1.0,-1.0,-1.0,-1.0,-1.0,-1.0,-1.0,-1.0,-1.0,-1.0,-1.0,-1.0,-1.0,-1.0,-1.0,-1.0,-1.0,-1.0,-1.0,-1.0,-1.0,-1.0,-1.0,-1.0,-1.0,-1.0,-1.0,-1.0,-1.0,-1.0,-1.0,-1.0,-1.0,-1.0,-1.0,-1.0,-1.0,-1.0,-1.0,-1.0,-1.0,-1.0,-1.0,-1.0,-1.0,-1.0,-1.0,-1.0,-1.0,-1.0,-1.0,-1.0,-1.0,-1.0,-1.0,-1.0,-1.0,-1.0,-1.0,-1.0,-1.0,-1.0,-1.0,-1.0,-1.0,-1.0,-1.0,-1.0,-1.0,-1.0,-1.0,-1.0,-1.0,-1.0,-1.0,-1.0,-1.0,-1.0,-1.0,-1.0,-1.0,-1.0,-1.0,-1.0,-1.0,-1.0,-1.0,-1.0,-1.0,-1.0,-1.0,-1.0,-1.0,-1.0,-1.0,-1.0,-1.0,-1.0,-1.0,-1.0,-1.0,-1.0,-1.0,-1.0,-1.0,-1.0,-1.0,-1.0,-1.0,-1.0,-1.0,-1.0,-1.0,-1.0,-1.0,-1.0,-1.0,-1.0,-1.0,-1.0,-1.0,-1.0,-1.0,-1.0,-1.0,-1.0,-1.0,-1.0,-1.0,-1.0,-1.0,-1.0,-1.0,-1.0,-1.0,-1.0,-1.0,-1.0,-1.0,-1.0,-1.0,-1.0,-1.0,-1.0,-1.0,-1.0,-1.0,-1.0,-1.0,-1.0,-1.0,-1.0,-1.0,-1.0,-1.0,-1.0,-1.0,-1.0,-1.0,-1.0,-1.0,-1.0,-1.0,-1.0,-1.0,-1.0,-1.0,-1.0,-1.0,-1.0,-1.0,-1.0,-1.0,-1.0,-1.0,-1.0,-1.0,-1.0,-1.0,-1.0,-1.0,-1.0,-1.0,-1.0,-1.0,-1.0,-1.0,-1.0,-1.0,-1.0,-1.0,-1.0,-1.0,-1.0,-1.0,-1.0,-1.0,-1.0,-1.0,-1.0,-1.0,-1.0,-1.0,-1.0,-1.0,-1.0,-1.0,-1.0,-1.0,-1.0,-1.0,-1.0,-1.0,-1.0,-1.0,-1.0,-1.0,-1.0,-1.0,-1.0,-1.0,-1.0,-1.0,-1.0,-1.0,-1.0,-1.0,-1.0,-1.0,-1.0
1.0,-1.0,-1.0,-1.0,-1.0,-1.0,-1.0,-1.0,-1.0,-1.0,-1.0,-1.0,-1.0,-1.0,-1.0,-1.0,-1.0,-1.0,-1.0,-1.0,-1.0,-1.0,-1.0,-1.0,-1.0,-1.0,-1.0,-1.0,-1.0,-1.0,-1.0,-1.0,-1.0,-1.0,-1.0,-1.0,-1.0,-1.0,-1.0,-1.0,-1.0,-1.0,-1.0,-1.0,-1.0,-1.0,-1.0,-1.0,-1.0,-1.0,-1.0,-1.0,-1.0,-1.0,-1.0,-1.0,-1.0,-1.0,-1.0,-1.0,-1.0,-1.0,-1.0,-1.0,-1.0,-1.0,-1.0,-1.0,-1.0,-1.0,-1.0,-1.0,-1.0,-1.0,-1.0,-1.0,-1.0,-1.0,-1.0,-1.0,-1.0,-1.0,-1.0,-1.0,-1.0,-1.0,-1.0,-1.0,-1.0,-1.0,-1.0,-1.0,-1.0,-1.0,-1.0,-1.0,-1.0,-1.0,-1.0,-1.0,-1.0,-1.0,-1.0,-1.0,-1.0,-1.0,-1.0,-1.0,-1.0,-1.0,-1.0,-1.0,-1.0,-1.0,-1.0,-1.0,-1.0,-1.0,-1.0,-1.0,-1.0,-1.0,-1.0,-1.0,-1.0,-1.0,-1.0,-1.0,-1.0,-1.0,-1.0,-1.0,-1.0,-1.0,-1.0,-1.0,-1.0,-1.0,-1.0,-1.0,-1.0,-1.0,-1.0,-1.0,-1.0,-1.0,-1.0,-1.0,-1.0,-1.0,-1.0,-1.0,-1.0,-1.0,-1.0,-1.0,-1.0,-1.0,-1.0,-1.0,-1.0,-1.0,-1.0,-1.0,-1.0,-1.0,-1.0,-1.0,-1.0,-1.0,-1.0,-1.0,-1.0,-1.0,-1.0,-1.0,-1.0,-1.0,-1.0,-1.0,-1.0,-1.0,-1.0,-1.0,-1.0,-1.0,-1.0,-1.0,-1.0,-1.0,-1.0,-1.0,-1.0,-1.0,-1.0,-1.0,-1.0,-1.0,-1.0,-1.0,-1.0,-1.0,-1.0,-1.0,-1.0,-1.0,-1.0,-1.0,-1.0,-1.0,-1.0,-1.0,-1.0,-1.0,-1.0,-1.0,-1.0,-1.0,-1.0,-1.0,-1.0,-1.0,-1.0,-1.0,-1.0,-1.0,-1.0,-1.0,-1.0,-1.0,-1.0,-1.0,-1.0,-1.0,-1.0,-1.0,-1.0,-1.0,-1.0,-1.0,-1.0,-1.0,-1.0,-1.0,-1.0,-1.0,-1.0,-1.0,-1.0,-1.0,-1.0,-1.0,-1.0,-1.0,-1.0,-1.0,-1.0,-1.0,-1.0,-1.0,-1.0,-1.0,-1.0,-1.0,-1.0,-1.0,-1.0,-1.0,-1.0,-1.0,-1.0,-1.0,-1.0,-1.0,-1.0,-1.0,-1.0,-1.0,1.0,-1.0,-1.0,-1.0,-1.0,-1.0,-1.0,-1.0,-1.0,-1.0,-1.0,-1.0,-1.0,-1.0,-1.0,-1.0,1.0,1.0,1.0,1.0,1.0,-1.0,-1.0,-1.0
-1.0,-1.0,-1.0,-1.0,-1.0,-1.0,-1.0,-1.0,-1.0,-1.0,-1.0,-1.0,-1.0,-1.0,-1.0,-1.0,-1.0,-1.0,-1.0,-1.0,-1.0,-1.0,-1.0,-1.0,-1.0,-1.0,-1.0,-1.0,-1.0,-1.0,-1.0,-1.0,-1.0,-1.0,-1.0,-1.0,-1.0,-1.0,-1.0,-1.0,-1.0,-1.0,-1.0,-1.0,-1.0,-1.0,-1.0,-1.0,-1.0,-1.0,-1.0,-1.0,-1.0,-1.0,-1.0,-1.0,-1.0,-1.0,-1.0,-1.0,-1.0,-1.0,-1.0,-1.0,-1.0,-1.0,-1.0,-1.0,-1.0,-1.0,-1.0,-1.0,-1.0,-1.0,-1.0,-1.0,-1.0,-1.0,-1.0,-1.0,-1.0,-1.0,-1.0,-1.0,-1.0,-1.0,-1.0,-1.0,-1.0,-1.0,-1.0,-1.0,-1.0,-1.0,-1.0,-1.0,-1.0,-1.0,-1.0,-1.0,-1.0,-1.0,-1.0,-1.0,-1.0,-1.0,-1.0,-1.0,-1.0,-1.0,-1.0,-1.0,-1.0,-1.0,-1.0,-1.0,-1.0,-1.0,-1.0,-1.0,-1.0,-1.0,-1.0,-1.0,-1.0,-1.0,-1.0,-1.0,-1.0,-1.0,-1.0,-1.0,-1.0,-1.0,-1.0,-1.0,-1.0,-1.0,-1.0,-1.0,-1.0,-1.0,-1.0,-1.0,-1.0,-1.0,-1.0,-1.0,-1.0,-1.0,-1.0,-1.0,-1.0,-1.0,-1.0,-1.0,-1.0,-1.0,-1.0,-1.0,-1.0,-1.0,-1.0,-1.0,-1.0,-1.0,-1.0,-1.0,-1.0,-1.0,-1.0,-1.0,-1.0,-1.0,-1.0,-1.0,-1.0,-1.0,-1.0,-1.0,-1.0,-1.0,-1.0,-1.0,-1.0,-1.0,-1.0,-1.0,-1.0,-1.0,-1.0,-1.0,-1.0,-1.0,-1.0,-1.0,-1.0,-1.0,-1.0,-1.0,-1.0,-1.0,-1.0,-1.0,-1.0,-1.0,-1.0,-1.0,-1.0,-1.0,-1.0,-1.0,-1.0,-1.0,-1.0,-1.0,-1.0,-1.0,-1.0,-1.0,-1.0,-1.0,-1.0,-1.0,-1.0,-1.0,-1.0,-1.0,-1.0,-1.0,-1.0,-1.0,-1.0,-1.0,-1.0,-1.0,-1.0,-1.0,-1.0,-1.0,-1.0,-1.0,-1.0,-1.0,-1.0,-1.0,-1.0,-1.0,-1.0,-1.0,-1.0,-1.0,-1.0,-1.0,-1.0,-1.0,-1.0,-1.0,-1.0,-1.0,-1.0,-1.0,-1.0,-1.0,-1.0,-1.0,-1.0,-1.0,-1.0,-1.0,-1.0,-1.0,-1.0,-1.0,-1.0,-1.0,-1.0,-1.0,-1.0,-1.0,-1.0,-1.0,-1.0,-1.0,-1.0,-1.0,-1.0,-1.0,-1.0,-1.0,-1.0,-1.0,-1.0,-1.0,-1.0,-1.0,-1.0,-1.0,-1.0,-1.0,-1.0,-1.0
-1.0,-1.0,-1.0,-1.0,-1.0,-1.0,-1.0,-1.0,-1.0,-1.0,-1.0,-1.0,-1.0,-1.0,-1.0,-1.0,-1.0,-1.0,-1.0,-1.0,-1.0,-1.0,-1.0,-1.0,-1.0,-1.0,-1.0,-1.0,-1.0,-1.0,-1.0,-1.0,-1.0,-1.0,-1.0,-1.0,-1.0,-1.0,-1.0,-1.0,-1.0,-1.0,-1.0,-1.0,-1.0,-1.0,-1.0,-1.0,-1.0,-1.0,-1.0,-1.0,-1.0,-1.0,-1.0,-1.0,-1.0,-1.0,-1.0,-1.0,-1.0,-1.0,-1.0,-1.0,-1.0,-1.0,-1.0,-1.0,-1.0,-1.0,-1.0,-1.0,-1.0,-1.0,-1.0,-1.0,-1.0,-1.0,-1.0,-1.0,-1.0,-1.0,-1.0,-1.0,-1.0,-1.0,-1.0,-1.0,-1.0,-1.0,-1.0,-1.0,-1.0,-1.0,-1.0,-1.0,-1.0,-1.0,-1.0,-1.0,-1.0,-1.0,-1.0,-1.0,-1.0,-1.0,-1.0,-1.0,-1.0,-1.0,-1.0,-1.0,-1.0,-1.0,-1.0,-1.0,-1.0,-1.0,-1.0,-1.0,-1.0,-1.0,-1.0,-1.0,-1.0,-1.0,-1.0,-1.0,-1.0,-1.0,-1.0,-1.0,-1.0,-1.0,-1.0,-1.0,-1.0,-1.0,-1.0,-1.0,-1.0,-1.0,-1.0,-1.0,-1.0,-1.0,-1.0,-1.0,-1.0,-1.0,-1.0,-1.0,-1.0,-1.0,-1.0,-1.0,-1.0,-1.0,-1.0,-1.0,-1.0,-1.0,-1.0,-1.0,-1.0,-1.0,-1.0,-1.0,-1.0,-1.0,-1.0,-1.0,-1.0,-1.0,-1.0,-1.0,-1.0,-1.0,-1.0,-1.0,-1.0,-1.0,-1.0,-1.0,-1.0,-1.0,-1.0,-1.0,-1.0,-1.0,-1.0,-1.0,-1.0,-1.0,-1.0,-1.0,-1.0,-1.0,-1.0,-1.0,-1.0,-1.0,-1.0,-1.0,-1.0,-1.0,-1.0,-1.0,-1.0,-1.0,-1.0,-1.0,-1.0,-1.0,-1.0,-1.0,-1.0,-1.0,-1.0,-1.0,-1.0,-1.0,-1.0,-1.0,-1.0,-1.0,-1.0,-1.0,-1.0,-1.0,-1.0,-1.0,-1.0,-1.0,-1.0,-1.0,-1.0,-1.0,-1.0,-1.0,-1.0,-1.0,-1.0,-1.0,-1.0,-1.0,-1.0,-1.0,-1.0,-1.0,-1.0,-1.0,-1.0,-1.0,-1.0,-1.0,-1.0,-1.0,-1.0,-1.0,-1.0,-1.0,-1.0,-1.0,-1.0,-1.0,-1.0,-1.0,-1.0,-1.0,-1.0,-1.0,-1.0,-1.0,-1.0,-1.0,-1.0,-1.0,-1.0,-1.0,-1.0,-1.0,-1.0,-1.0,-1.0,-1.0,-1.0,-1.0,-1.0,-1.0,-1.0,-1.0,-1.0,-1.0,-1.0,-1.0,-1.0,-1.0,-1.0,-1.0,-1.0,-1.0
-1.0,-1.0,-1.0,-1.0,-1.0,-1.0,-1.0,-1.0,-1.0,-1.0,-1.0,-1.0,-1.0,-1.0,-1.0,-1.0,-1.0,-1.0,-1.0,-1.0,-1.0,-1.0,-1.0,-1.0,-1.0,-1.0,-1.0,-1.0,-1.0,-1.0,-1.0,-1.0,-1.0,-1.0,-1.0,-1.0,-1.0,-1.0,-1.0,-1.0,-1.0,-1.0,-1.0,-1.0,-1.0,-1.0,-1.0,-1.0,-1.0,-1.0,-1.0,-1.0,-1.0,-1.0,-1.0,-1.0,-1.0,-1.0,-1.0,-1.0,-1.0,-1.0,-1.0,-1.0,-1.0,-1.0,-1.0,-1.0,-1.0,-1.0,-1.0,-1.0,-1.0,-1.0,-1.0,-1.0,-1.0,-1.0,-1.0,-1.0,-1.0,-1.0,-1.0,-1.0,-1.0,-1.0,-1.0,-1.0,-1.0,-1.0,-1.0,-1.0,-1.0,-1.0,-1.0,-1.0,-1.0,-1.0,-1.0,-1.0,-1.0,-1.0,-1.0,-1.0,-1.0,-1.0,-1.0,-1.0,-1.0,-1.0,-1.0,-1.0,-1.0,-1.0,-1.0,-1.0,-1.0,-1.0,-1.0,-1.0,-1.0,-1.0,-1.0,-1.0,-1.0,-1.0,-1.0,-1.0,-1.0,-1.0,-1.0,-1.0,-1.0,-1.0,-1.0,-1.0,-1.0,-1.0,-1.0,-1.0,-1.0,-1.0,-1.0,-1.0,-1.0,-1.0,-1.0,-1.0,-1.0,-1.0,-1.0,-1.0,-1.0,-1.0,-1.0,-1.0,-1.0,-1.0,-1.0,-1.0,-1.0,-1.0,-1.0,-1.0,-1.0,-1.0,-1.0,-1.0,-1.0,-1.0,-1.0,-1.0,-1.0,-1.0,-1.0,-1.0,-1.0,-1.0,-1.0,-1.0,-1.0,-1.0,-1.0,-1.0,-1.0,-1.0,-1.0,-1.0,-1.0,-1.0,-1.0,-1.0,-1.0,-1.0,-1.0,-1.0,-1.0,-1.0,-1.0,-1.0,-1.0,-1.0,-1.0,-1.0,-1.0,-1.0,-1.0,-1.0,-1.0,-1.0,-1.0,-1.0,-1.0,-1.0,-1.0,-1.0,-1.0,-1.0,-1.0,-1.0,-1.0,-1.0,-1.0,-1.0,-1.0,-1.0,-1.0,-1.0,-1.0,-1.0,-1.0,-1.0,-1.0,-1.0,-1.0,-1.0,-1.0,-1.0,-1.0,-1.0,-1.0,-1.0,-1.0,-1.0,-1.0,-1.0,-1.0,-1.0,-1.0,-1.0,-1.0,-1.0,-1.0,-1.0,-1.0,-1.0,-1.0,-1.0,-1.0,-1.0,-1.0,-1.0,-1.0,-1.0,-1.0,-1.0,-1.0,-1.0,-1.0,-1.0,-1.0,-1.0,-1.0,-1.0,-1.0,-1.0,-1.0,-1.0,-1.0,-1.0,-1.0,-1.0,-1.0,-1.0,-1.0,-1.0,-1.0,-1.0,-1.0,-1.0,-1.0,-1.0,-1.0,-1.0,-1.0,-1.0,-1.0,-1.0,-1.0,-1.0,-1.0,-1.0
1.0,1.0,1.0,1.0,1.0,1.0,1.0,1.0,1.0,-1.0,-1.0,-1.0,1.0,-1.0,-1.0,-1.0,-1.0,-1.0,-1.0,-1.0,-1.0,-1.0,-1.0,-1.0,-1.0,-1.0,-1.0,-1.0,-1.0,-1.0,-1.0,-1.0,-1.0,-1.0,-1.0,-1.0,-1.0,-1.0,-1.0,-1.0,-1.0,-1.0,-1.0,-1.0,-1.0,-1.0,-1.0,-1.0,-1.0,-1.0,-1.0,-1.0,-1.0,-1.0,-1.0,-1.0,-1.0,1.0,1.0,-1.0,-1.0,1.0,-1.0,-1.0,-1.0,-1.0,-1.0,-1.0,-1.0,-1.0,-1.0,-1.0,-1.0,-1.0,1.0,1.0,-1.0,-1.0,-1.0,-1.0,-1.0,-1.0,-1.0,-1.0,-1.0,-1.0,-1.0,-1.0,-1.0,-1.0,-1.0,-1.0,-1.0,-1.0,-1.0,-1.0,-1.0,-1.0,-1.0,1.0,1.0,1.0,1.0,1.0,-1.0,-1.0,-1.0,1.0,-1.0,-1.0,-1.0,-1.0,-1.0,-1.0,-1.0,-1.0,-1.0,-1.0,-1.0,-1.0,-1.0,-1.0,-1.0,-1.0,-1.0,1.0,-1.0,-1.0,-1.0,-1.0,-1.0,-1.0,-1.0,-1.0,1.0,1.0,1.0,1.0,1.0,1.0,-1.0,-1.0,-1.0,-1.0,-1.0,-1.0,1.0,-1.0,-1.0,-1.0,-1.0,-1.0,-1.0,1.0,1.0,-1.0,-1.0,-1.0,-1.0,-1.0,-1.0,-1.0,-1.0,-1.0,-1.0,-1.0,1.0,1.0,1.0,1.0,1.0,1.0,1.0,-1.0,-1.0,1.0,1.0,1.0,1.0,1.0,1.0,1.0,1.0,1.0,1.0,1.0,1.0,-1.0,-1.0,-1.0,1.0,1.0,1.0,-1.0,-1.0,-1.0,1.0,1.0,1.0,-1.0,-1.0,-1.0,-1.0,-1.0,-1.0,-1.0,1.0,-1.0,-1.0,-1.0,1.0,-1.0,-1.0,-1.0,1.0,1.0,-1.0,-1.0,-1.0,1.0,1.0,1.0,1.0,1.0,1.0,1.0,-1.0,-1.0,-1.0,-1.0,-1.0,-1.0,-1.0,-1.0,-1.0,-1.0,-1.0,-1.0,-1.0,-1.0,-1.0,-1.0,-1.0,-1.0,-1.0,-1.0,-1.0,-1.0,-1.0,-1.0,-1.0,-1.0,-1.0,-1.0,-1.0,-1.0,-1.0,-1.0,-1.0,-1.0,-1.0,-1.0,-1.0,-1.0,-1.0,-1.0,-1.0,-1.0,-1.0,-1.0,-1.0,-1.0,-1.0,-1.0,-1.0,-1.0,-1.0,-1.0,1.0,-1.0,-1.0,-1.0,-1.0,-1.0,-1.0,-1.0,-1.0,-1.0,-1.0,-1.0,-1.0,-1.0,-1.0,-1.0,1.0,1.0,1.0,1.0,1.0,-1.0,-1.0,-1.0
-0.6867158831697258,-0.5740647705589167,-0.6590370015488569,-0.6590370015488569,-0.6590370015488569,-0.6590370015488569,-0.6590370015488569,-0.6590370015488569,-0.6590370015488569,-0.5995564398558987,-0.5995564398558987,-0.5995564398558987,-0.5740647705589167,0.8740789958866608,0.8740789958866608,0.2614955008421626,1.337810426714739,1.337810426714739,0.5305742323103066,0.5305742323103066,1.1763631878338527,1.337810426714739,1.337810426714739,1.337810426714739,1.337810426714739,1.337810426714739,1.337810426714739,1.337810426714739,1.337810426714739,1.337810426714739,1.337810426714739,1.337810426714739,1.337810426714739,1.337810426714739,1.337810426714739,1.337810426714739,1.337810426714739,1.337810426714739,1.337810426714739,1.337810426714739,1.337810426714739,1.337810426714739,1.337810426714739,1.337810426714739,1.337810426714739,1.337810426714739,1.337810426714739,1.337810426714739,1.337810426714739,1.337810426714739,1.337810426714739,1.337810426714739,1.337810426714739,1.337810426714739,1.337810426714739,1.337810426714739,1.337810426714739,-0.08672403399896521,0.12695613510809048,0.5305742323103066,0.5305742323103066,0.12695613510809048,0.08789631924981153,0.12695613510809048,0.12695613510809048,0.12695613510809048,0.12695613510809048,-0.27666196209412575,-0.27666196209412575,-0.27666196209412575,1.337810426714739,1.337810426714739,1.337810426714739,1.337810426714739,-0.7828707629827452,-0.792248411006723,-0.6986263364418972,-0.6986263364418972,-0.6565378182844469,-0.6565378182844469,-0.6565378182844469,-0.6565378182844469,-0.6565378182844469,-0.6565378182844469,-0.6565378182844469,-0.8289814635287374,-0.8289814635287374,-0.8289814635287374,-0.32959548303867864,-0.32959548303867864,-0.32959548303867864,-0.32959548303867864,-0.32959548303867864,-0.32959548303867864,-0.32959548303867864,-0.32959548303867864,-0.32959548303867864,-0.32959548303867864,-0.32959548303867864,-0.792248411006723,-0.792248411006723,-0.792248411006723,-0.792248411006723,-0.792248411006723,-0.8208371602389667,-0.8208371602389667,-0.8208371602389667,-0.792248411006723,-0.8559726427843655,-0.9564398100136478,-0.9564398100136478,-0.9564398100136478,-0.6041257013336596,-0.6041257013336596,-0.6041257013336596,-0.6041257013336596,-0.6041257013336596,-0.6041257013336596,-0.6041257013336596,-0.6041257013336596,-0.6041257013336596,-0.6041257013336596,-0.6041257013336596,-0.6041257013336596,-0.6041257013336596,-0.792248411006723,-0.6841986815992761,-0.6841986815992761,-0.6841986815992761,-0.6841986815992761,-0.6841986815992761,-0.8262695838162926,-0.8262695838162926,-0.8262695838162926,-0.792248411006723,-0.814819425030414,-0.814819425030414,-0.814819425030414,-0.814819425030414,-0.814819425030414,-0.7595621855324914,-0.7595621855324914,-0.7595621855324914,-0.7595621855324914,-0.7595621855324914,-0.7595621855324914,-0.792248411006723,-0.9512017957745419,-0.9512017957745419,-0.9512017957745419,-0.8234993841100315,-0.8234993841100315,-0.8234993841100315,-0.792248411006723,-0.792248411006723,-0.6964247831844307,-0.6964247831844307,-0.6964247831844307,-0.5995564398558987,-0.5995564398558987,-0.5995564398558987,-0.5995564398558987,-0.5995564398558987,-0.9109189719833226,-0.9109189719833226,-0.9109189719833226,-0.8333765789247688,-0.8333765789247688,-0.8333765789247688,-0.8333765789247688,-0.8333765789247688,-0.792248411006723,-0.792248411006723,-0.36635487258350713,-0.36635487258350713,-0.5740647705589167,-0.5740647705589167,-0.5740647705589167,-0.792248411006723,-0.792248411006723,-0.6876185701545641,-0.6876185701545641,-0.6876185701545641,-0.6876185701545641,-0.6876185701545641,-0.6876185701545641,-0.792248411006723,-0.8262695838162926,-0.8262695838162926,-0.8262695838162926,-0.792248411006723,-0.792248411006723,-0.792248411006723,-0.8746146986900016,-0.8746146986900016,-0.8746146986900016,-0.792248411006723,-0.792248411006723,-0.792248411006723,-0.8255825742891397,-0.8255825742891397,-0.8255825742891397,-0.8255825742891397,-0.8255825742891397,-0.8255825742891397,-0.8255825742891397,-0.792248411006723,-0.9942052460091768,-0.9942052460091768,-0.9942052460091768,-0.792248411006723,-1.0373268375906102,-1.0373268375906102,-1.0373268375906102,-0.792248411006723,-0.792248411006723,-0.8820891078974501,-0.8820891078974501,-0.8820891078974501,-0.792248411006723,-0.792248411006723,-0.792248411006723,-0.792248411006723,-0.792248411006723,-0.792248411006723,-0.792248411006723,1.337810426714739,1.337810426714739,-0.6151803661992103,-0.6151803661992103,-0.6151803661992103,-0.6151803661992103,-0.6151803661992103,-0.6151803661992103,-0.5847673798057411,-0.308951409870303,-0.308951409870303,-0.5740647705589167,-0.5740647705589167,-0.8901614698414944,-0.8901614698414944,-0.47847101069523384,-0.47847101069523384,-0.8244293797257048,-0.8244293797257048,-0.04602304940714509,-0.04602304940714509,0.12695613510809048,0.12695613510809048,-0.38082147104953634,-0.6181849674190778,-0.6181849674190778,-0.6181849674190778,-0.6181849674190778,-0.6181849674190778,-0.38082147104953634,-0.24156473625045477,-0.5140843722130765,1.337810426714739,1.337810426714739,0.12695613510809048,1.337810426714739,1.337810426714739,0.12695613510809048,1.337810426714739,1.337810426714739,-0.4381092009750122,1.337810426714739,1.337810426714739,-0.21900223392238052,1.337810426714739,1.337810426714739,-0.46117309224371034,-0.46117309224371034,-0.46117309224371034,-0.46117309224371034,1.337810426714739,1.337810426714739,0.8050345384078138,1.1648312421995037,1.1648312421995037,1.1648312421995037,1.1648312421995037,1.1648312421995037,1.1648312421995037,1.1648312421995037,0.48308975028651663,0.48308975028651663,0.48308975028651663,0.48308975028651663,0.48308975028651663,0.48308975028651663,0.8534687100720798,0.8534687100720798,0.7996529637784509,0.7996529637784509,0.7996529637784509,0.7996529637784509,0.7996529637784509,0.3691269934294201,1.337810426714739,1.337810426714739
-0.793570547059243,-0.7533716725540432,-0.7846188181161998,-0.7846188181161998,-0.7846188181161998,-0.7846188181161998,-0.7846188181161998,-0.7846188181161998,-0.7846188181161998,-0.7633423526379678,-0.7633423526379678,-0.7633423526379678,-0.7533716725540432,0.6526341428115009,0.6526341428115009,-0.14349998555932486,1.4516825767754173,1.4516825767754173,0.16983944632785655,0.16983944632785655,1.1542949705115835,1.4516825767754173,1.4516825767754173,1.4516825767754173,1.4516825767754173,1.4516825767754173,1.4516825767754173,1.4516825767754173,1.4516825767754173,1.4516825767754173,1.4516825767754173,1.4516825767754173,1.4516825767754173,1.4516825767754173,1.4516825767754173,1.4516825767754173,1.4516825767754173,1.4516825767754173,1.4516825767754173,1.4516825767754173,1.4516825767754173,1.4516825767754173,1.4516825767754173,1.4516825767754173,1.4516825767754173,1.4516825767754173,1.4516825767754173,1.4516825767754173,1.4516825767754173,1.4516825767754173,1.4516825767754173,1.4516825767754173,1.4516825767754173,1.4516825767754173,1.4516825767754173,1.4516825767754173,1.4516825767754173,-0.46442895385899885,-0.2788056493287897,0.16983944632785655,0.16983944632785655,-0.2788056493287897,-0.31542021117143854,-0.2788056493287897,-0.2788056493287897,-0.2788056493287897,-0.2788056493287897,-0.59926643194068,-0.59926643194068,-0.59926643194068,1.4516825767754173,1.4516825767754173,1.4516825767754173,1.4516825767754173,-0.8199837343026986,-0.8221703664424719,-0.7972370393806699,-0.7972370393806699,-0.7837808756314015,-0.7837808756314015,-0.7837808756314015,-0.7837808756314015,-0.7837808756314015,-0.7837808756314015,-0.7837808756314015,-0.8300692116611549,-0.8300692116611549,-0.8300692116611549,-0.6317861824148131,-0.6317861824148131,-0.6317861824148131,-0.6317861824148131,-0.6317861824148131,-0.6317861824148131,-0.6317861824148131,-0.6317861824148131,-0.6317861824148131,-0.6317861824148131,-0.6317861824148131,-0.8221703664424719,-0.8221703664424719,-0.8221703664424719,-0.8221703664424719,-0.8221703664424719,-0.8284095154010411,-0.8284095154010411,-0.8284095154010411,-0.8221703664424719,-0.8351965350367584,-0.8492435964379329,-0.8492435964379329,-0.8492435964379329,-0.7650755104198972,-0.7650755104198972,-0.7650755104198972,-0.7650755104198972,-0.7650755104198972,-0.7650755104198972,-0.7650755104198972,-0.7650755104198972,-0.7650755104198972,-0.7650755104198972,-0.7650755104198972,-0.7650755104198972,-0.7650755104198972,-0.8221703664424719,-0.792781368100998,-0.792781368100998,-0.792781368100998,-0.792781368100998,-0.792781368100998,-0.8295223641098027,-0.8295223641098027,-0.8295223641098027,-0.8221703664424719,-0.8271496551313574,-0.8271496551313574,-0.8271496551313574,-0.8271496551313574,-0.8271496551313574,-0.8142490194594602,-0.8142490194594602,-0.8142490194594602,-0.8142490194594602,-0.8142490194594602,-0.8142490194594602,-0.8221703664424719,-0.8487074764657542,-0.8487074764657542,-0.8487074764657542,-0.8289577816421055,-0.8289577816421055,-0.8289577816421055,-0.8221703664424719,-0.8221703664424719,-0.7965677265791685,-0.7965677265791685,-0.7965677265791685,-0.7633423526379678,-0.7633423526379678,-0.7633423526379678,-0.7633423526379678,-0.7633423526379678,-0.843863029281184,-0.843863029281184,-0.843863029281184,-0.8309431927350073,-0.8309431927350073,-0.8309431927350073,-0.8309431927350073,-0.8309431927350073,-0.8221703664424719,-0.8221703664424719,-0.6530721929718121,-0.6530721929718121,-0.7533716725540432,-0.7533716725540432,-0.7533716725540432,-0.8221703664424719,-0.8221703664424719,-0.7938523378915957,-0.7938523378915957,-0.7938523378915957,-0.7938523378915957,-0.7938523378915957,-0.7938523378915957,-0.8221703664424719,-0.8295223641098027,-0.8295223641098027,-0.8295223641098027,-0.8221703664424719,-0.8221703664424719,-0.8221703664424719,-0.8384031476346008,-0.8384031476346008,-0.8384031476346008,-0.8221703664424719,-0.8221703664424719,-0.8221703664424719,-0.8293829107186261,-0.8293829107186261,-0.8293829107186261,-0.8293829107186261,-0.8293829107186261,-0.8293829107186261,-0.8293829107186261,-0.8221703664424719,-0.8524700132636549,-0.8524700132636549,-0.8524700132636549,-0.8221703664424719,-0.8547817600883261,-0.8547817600883261,-0.8547817600883261,-0.8221703664424719,-0.8221703664424719,-0.8396120188995977,-0.8396120188995977,-0.8396120188995977,-0.8221703664424719,-0.8221703664424719,-0.8221703664424719,-0.8221703664424719,-0.8221703664424719,-0.8221703664424719,-0.8221703664424719,1.4516825767754173,1.4516825767754173,-0.7692006825327916,-0.7692006825327916,-0.7692006825327916,-0.7692006825327916,-0.7692006825327916,-0.7692006825327916,-0.757620108098761,-0.6193657322260977,-0.6193657322260977,-0.7533716725540432,-0.7533716725540432,-0.8408682251674362,-0.8408682251674362,-0.7114277058548415,-0.7114277058548415,-0.8291479933449236,-0.8291479933449236,-0.43184202306589653,-0.43184202306589653,-0.2788056493287897,-0.2788056493287897,-0.6611577131610409,-0.7703052638435941,-0.7703052638435941,-0.7703052638435941,-0.7703052638435941,-0.7703052638435941,-0.6611577131610409,-0.5764888791501184,-0.727894289321231,1.4516825767754173,1.4516825767754173,-0.2788056493287897,1.4516825767754173,1.4516825767754173,-0.2788056493287897,1.4516825767754173,1.4516825767754173,-0.6915591373329043,1.4516825767754173,1.4516825767754173,-0.5613343393049868,1.4516825767754173,1.4516825767754173,-0.7030695654430458,-0.7030695654430458,-0.7030695654430458,-0.7030695654430458,1.4516825767754173,1.4516825767754173,0.5481369909855409,1.1338378005521959,1.1338378005521959,1.1338378005521959,1.1338378005521959,1.1338378005521959,1.1338378005521959,1.1338378005521959,0.11040450533132616,0.11040450533132616,0.11040450533132616,0.11040450533132616,0.11040450533132616,0.11040450533132616,0.6210482282453983,0.6210482282453983,0.5401496840127076,0.5401496840127076,0.5401496840127076,0.5401496840127076,0.5401496840127076,-0.02500070950017269,1.4516825767754173,1.4516825767754173
-0.7638546930368207,-0.7526859997153369,-0.7616112651956579,-0.7616112651956579,-0.7616112651956579,-0.7616112651956579,-0.7616112651956579,-0.7616112651956579,-0.7616112651956579,-0.7557075453598672,-0.7557075453598672,-0.7557075453598672,-0.7526859997153369,0.42610195484509267,0.42610195484509267,-0.38456011932561657,1.4965912411460476,1.4965912411460476,-0.10114161965190568,-0.10114161965190568,1.0720988473929915,1.4965912411460476,1.4965912411460476,1.4965912411460476,1.4965912411460476,1.4965912411460476,1.4965912411460476,1.4965912411460476,1.4965912411460476,1.4965912411460476,1.4965912411460476,1.4965912411460476,1.4965912411460476,1.4965912411460476,1.4965912411460476,1.4965912411460476,1.4965912411460476,1.4965912411460476,1.4965912411460476,1.4965912411460476,1.4965912411460476,1.4965912411460476,1.4965912411460476,1.4965912411460476,1.4965912411460476,1.4965912411460476,1.4965912411460476,1.4965912411460476,1.4965912411460476,1.4965912411460476,1.4965912411460476,1.4965912411460476,1.4965912411460476,1.4965912411460476,1.4965912411460476,1.4965912411460476,1.4965912411460476,-0.6153594127995474,-0.49006343445140743,-0.10114161965190568,-0.10114161965190568,-0.49006343445140743,-0.5166522565769415,-0.49006343445140743,-0.49006343445140743,-0.49006343445140743,-0.49006343445140743,-0.6897800420511516,-0.6897800420511516,-0.6897800420511516,1.4965912411460476,1.4965912411460476,1.4965912411460476,1.4965912411460476,-0.7695104394952355,-0.7699054207374316,-0.7647290514959466,-0.7647290514959466,-0.7613936374487396,-0.7613936374487396,-0.7613936374487396,-0.7613936374487396,-0.7613936374487396,-0.7613936374487396,-0.7613936374487396,-0.7712230895590805,-0.7712230895590805,-0.7712230895590805,-0.7052615281637209,-0.7052615281637209,-0.7052615281637209,-0.7052615281637209,-0.7052615281637209,-0.7052615281637209,-0.7052615281637209,-0.7052615281637209,-0.7052615281637209,-0.7052615281637209,-0.7052615281637209,-0.7699054207374316,-0.7699054207374316,-0.7699054207374316,-0.7699054207374316,-0.7699054207374316,-0.7709610771958183,-0.7709610771958183,-0.7709610771958183,-0.7699054207374316,-0.7719783459340721,-0.7735402257895485,-0.7735402257895485,-0.7735402257895485,-0.7562167779000398,-0.7562167779000398,-0.7562167779000398,-0.7562167779000398,-0.7562167779000398,-0.7562167779000398,-0.7562167779000398,-0.7562167779000398,-0.7562167779000398,-0.7562167779000398,-0.7562167779000398,-0.7562167779000398,-0.7562167779000398,-0.7699054207374316,-0.7636630393627764,-0.7636630393627764,-0.7636630393627764,-0.7636630393627764,-0.7636630393627764,-0.7711376716613803,-0.7711376716613803,-0.7711376716613803,-0.7699054207374316,-0.7707567562436405,-0.7707567562436405,-0.7707567562436405,-0.7707567562436405,-0.7707567562436405,-0.7684170078156806,-0.7684170078156806,-0.7684170078156806,-0.7684170078156806,-0.7684170078156806,-0.7684170078156806,-0.7699054207374316,-0.773497715047661,-0.773497715047661,-0.773497715047661,-0.7710485402998877,-0.7710485402998877,-0.7710485402998877,-0.7699054207374316,-0.7699054207374316,-0.7645714309067614,-0.7645714309067614,-0.7645714309067614,-0.7557075453598672,-0.7557075453598672,-0.7557075453598672,-0.7557075453598672,-0.7557075453598672,-0.7730438172312198,-0.7730438172312198,-0.7730438172312198,-0.771357715088564,-0.771357715088564,-0.771357715088564,-0.771357715088564,-0.771357715088564,-0.7699054207374316,-0.7699054207374316,-0.7148113055550976,-0.7148113055550976,-0.7526859997153369,-0.7526859997153369,-0.7526859997153369,-0.7699054207374316,-0.7699054207374316,-0.7639228326134271,-0.7639228326134271,-0.7639228326134271,-0.7639228326134271,-0.7639228326134271,-0.7639228326134271,-0.7699054207374316,-0.7711376716613803,-0.7711376716613803,-0.7711376716613803,-0.7699054207374316,-0.7699054207374316,-0.7699054207374316,-0.772405854675544,-0.772405854675544,-0.772405854675544,-0.7699054207374316,-0.7699054207374316,-0.7699054207374316,-0.7711157447045899,-0.7711157447045899,-0.7711157447045899,-0.7711157447045899,-0.7711157447045899,-0.7711157447045899,-0.7711157447045899,-0.7699054207374316,-0.7737558938063253,-0.7737558938063253,-0.7737558938063253,-0.7699054207374316,-0.7738550977879806,-0.7738550977879806,-0.7738550977879806,-0.7699054207374316,-0.7699054207374316,-0.7725573202010455,-0.7725573202010455,-0.7725573202010455,-0.7699054207374316,-0.7699054207374316,-0.7699054207374316,-0.7699054207374316,-0.7699054207374316,-0.7699054207374316,-0.7699054207374316,1.4965912411460476,1.4965912411460476,-0.7574092299759013,-0.7574092299759013,-0.7574092299759013,-0.7574092299759013,-0.7574092299759013,-0.7574092299759013,-0.7539923733015748,-0.6994727304967839,-0.6994727304967839,-0.7526859997153369,-0.7526859997153369,-0.7727087684580085,-0.7727087684580085,-0.7383952689010893,-0.7383952689010893,-0.7710786756841378,-0.7710786756841378,-0.5951467929690571,-0.5951467929690571,-0.49006343445140743,-0.49006343445140743,-0.7183119436974378,-0.7577237821877965,-0.7577237821877965,-0.7577237821877965,-0.7577237821877965,-0.7577237821877965,-0.7183119436974378,-0.6783278250952692,-0.7442946934233594,1.4965912411460476,1.4965912411460476,-0.49006343445140743,1.4965912411460476,1.4965912411460476,-0.49006343445140743,1.4965912411460476,1.4965912411460476,-0.730816549212699,1.4965912411460476,1.4965912411460476,-0.6704427427730423,1.4965912411460476,1.4965912411460476,-0.7352667635581348,-0.7352667635581348,-0.7352667635581348,-0.7352667635581348,1.4965912411460476,1.4965912411460476,0.30358126859366874,1.0439881143023126,1.0439881143023126,1.0439881143023126,1.0439881143023126,1.0439881143023126,1.0439881143023126,1.0439881143023126,-0.15877139395966813,-0.15877139395966813,-0.15877139395966813,-0.15877139395966813,-0.15877139395966813,-0.15877139395966813,0.38860554778426726,0.38860554778426726,0.2943984842883285,0.2943984842883285,0.2943984842883285,0.2943984842883285,0.2943984842883285,-0.2834513481892721,1.4965912411460476,1.4965912411460476
1.0,-1.0,-1.0,-1.0,-1.0,-1.0,-1.0,-1.0,-1.0,-1.0,-1.0,-1.0,-1.0,1.0,1.0,-1.0,-1.0,-1.0,-1.0,-1.0,-1.0,-1.0,-1.0,-1.0,-1.0,-1.0,-1.0,-1.0,-1.0,-1.0,-1.0,-1.0,-1.0,-1.0,-1.0,-1.0,-1.0,-1.0,-1.0,-1.0,-1.0,-1.0,-1.0,-1.0,-1.0,-1.0,-1.0,-1.0,-1.0,-1.0,-1.0,-1.0,-1.0,-1.0,-1.0,-1.0,-1.0,-1.0,-1.0,-1.0,-1.0,-1.0,-1.0,-1.0,-1.0,-1.0,-1.0,-1.0,-1.0,-1.0,-1.0,-1.0,-1.0,-1.0,-1.0,-1.0,-1.0,-1.0,-1.0,-1.0,-1.0,-1.0,-1.0,-1.0,-1.0,-1.0,-1.0,-1.0,-1.0,-1.0,-1.0,-1.0,-1.0,-1.0,-1.0,-1.0,-1.0,-1.0,-1.0,-1.0,-1.0,-1.0,-1.0,-1.0,-1.0,-1.0,-1.0,-1.0,-1.0,-1.0,-1.0,-1.0,-1.0,-1.0,-1.0,-1.0,-1.0,-1.0,-1.0,-1.0,-1.0,-1.0,-1.0,-1.0,-1.0,-1.0,-1.0,-1.0,-1.0,-1.0,-1.0,-1.0,-1.0,-1.0,-1.0,-1.0,-1.0,-1.0,-1.0,-1.0,-1.0,-1.0,-1.0,-1.0,-1.0,-1.0,-1.0,-1.0,-1.0,-1.0,-1.0,-1.0,-1.0,-1.0,-1.0,-1.0,-1.0,-1.0,-1.0,-1.0,-1.0,-1.0,-1.0,-1.0,-1.0,-1.0,-1.0,-1.0,-1.0,-1.0,-1.0,-1.0,-1.0,-1.0,-1.0,-1.0,-1.0,-1.0,-1.0,-1.0,-1.0,-1.0,-1.0,-1.0,-1.0,-1.0,-1.0,-1.0,-1.0,-1.0,-1.0,-1.0,-1.0,-1.0,-1.0,-1.0,-1.0,-1.0,-1.0,-1.0,-1.0,-1.0,-1.0,-1.0,-1.0,-1.0,-1.0,-1.0,-1.0,-1.0,-1.0,-1.0,-1.0,-1.0,-1.0,-1.0,-1.0,-1.0,-1.0,-1.0,-1.0,-1.0,-1.0,-1.0,-1.0,-1.0,-1.0,-1.0,-1.0,-1.0,-1.0,-1.0,-1.0,-1.0,-1.0,-1.0,-1.0,-1.0,-1.0,-1.0,-1.0,-1.0,-1.0,-1.0,-1.0,-1.0,-1.0,-1.0,-1.0,1.0,-1.0,-1.0,-1.0,-1.0,-1.0,1.0,-1.0,-1.0,-1.0,-1.0,-1.0,-1.0,-1.0,-1.0,-1.0,-1.0,-1.0,-1.0,-1.0,-1.0,-1.0,-1.0,-1.0,-1.0,-1.0,-1.0,-1.0,-1.0,-1.0,-1.0,-1.0,-1.0,-1.0,-1.0,-1.0,-1.0,-1.0,-1.0,-1.0,-1.0,-1.0,-1.0,-1.0,-1.0,-1.0,-1.0,-1.0,-1.0,-1.0,-1.0,-1.0,-1.0
-1.0,-1.0,-1.0,-1.0,-1.0,-1.0,-1.0,-1.0,-1.0,-1.0,-1.0,-1.0,-1.0,-1.0,-1.0,-1.0,-1.0,-1.0,-1.0,-1.0,-1.0,-1.0,-1.0,-1.0,-1.0,-1.0,-1.0,-1.0,-1.0,-1.0,-1.0,-1.0,-1.0,-1.0,-1.0,-1.0,-1.0,-1.0,-1.0,-1.0,-1.0,-1.0,-1.0,-1.0,-1.0,-1.0,-1.0,-1.0,-1.0,-1.0,-1.0,-1.0,-1.0,-1.0,-1.0,-1.0,-1.0,-1.0,-1.0,-1.0,-1.0,-1.0,-1.0,-1.0,-1.0,-1.0,-1.0,-1.0,-1.0,-1.0,-1.0,-1.0,-1.0,-1.0,-1.0,-1.0,-1.0,-1.0,-1.0,-1.0,-1.0,-1.0,-1.0,-1.0,-1.0,-1.0,-1.0,-1.0,-1.0,-1.0,-1.0,-1.0,-1.0,-1.0,-1.0,-1.0,-1.0,-1.0,-1.0,-1.0,-1.0,-1.0,-1.0,-1.0,-1.0,-1.0,-1.0,-1.0,-1.0,-1.0,-1.0,-1.0,-1.0,-1.0,-1.0,-1.0,-1.0,-1.0,-1.0,-1.0,-1.0,-1.0,-1.0,-1.0,-1.0,-1.0,-1.0,-1.0,-1.0,-1.0,-1.0,-1.0,-1.0,-1.0,-1.0,-1.0,-1.0,-1.0,-1.0,-1.0,-1.0,-1.0,-1.0,-1.0,-1.0,-1.0,-1.0,-1.0,-1.0,-1.0,-1.0,-1.0,-1.0,-1.0,-1.0,-1.0,-1.0,-1.0,-1.0,-1.0,-1.0,-1.0,-1.0,-1.0,-1.0,-1.0,-1.0,-1.0,-1.0,-1.0,-1.0,-1.0,-1.0,-1.0,-1.0,-1.0,-1.0,-1.0,-1.0,-1.0,-1.0,-1.0,-1.0,-1.0,-1.0,-1.0,-1.0,-1.0,-1.0,-1.0,-1.0,-1.0,-1.0,-1.0,-1.0,-1.0,-1.0,-1.0,-1.0,-1.0,-1.0,-1.0,-1.0,-1.0,-1.0,-1.0,-1.0,-1.0,-1.0,-1.0,-1.0,-1.0,-1.0,-1.0,-1.0,-1.0,-1.0,-1.0,-1.0,-1.0,-1.0,-1.0,-1.0,-1.0,-1.0,-1.0,-1.0,-1.0,-1.0,-1.0,-1.0,-1.0,-1.0,-1.0,-1.0,-1.0,-1.0,-1.0,-1.0,-1.0,-1.0,-1.0,-1.0,-1.0,-1.0,-1.0,-1.0,-1.0,-1.0,-1.0,-1.0,-1.0,-1.0,-1.0,-1.0,-1.0,-1.0,-1.0,-1.0,-1.0,-1.0,-1.0,-1.0,-1.0,-1.0,-1.0,-1.0,-1.0,-1.0,-1.0,-1.0,-1.0,-1.0,-1.0,-1.0,-1.0,-1.0,-1.0,-1.0,-1.0,-1.0,-1.0,-1.0,-1.0,-1.0,-1.0,-1.0,-1.0,-1.0,-1.0,-1.0,-1.0,-1.0,-1.0,-1.0,-1.0,-1.0,-1.0,-1.0,-1.0,-1.0,-1.0
-1.0,1.0,-1.0,-1.0,-1.0,-1.0,-1.0,-1.0,-1.0,-1.0,-1.0,-1.0,1.0,1.0,1.0,1.0,-1.0,-1.0,1.0,1.0,-1.0,-1.0,-1.0,-1.0,-1.0,-1.0,-1.0,-1.0,-1.0,-1.0,-1.0,-1.0,-1.0,-1.0,-1.0,-1.0,-1.0,-1.0,-1.0,1.0,1.0,1.0,1.0,1.0,1.0,1.0,1.0,1.0,1.0,1.0,1.0,1.0,1.0,1.0,1.0,1.0,1.0,1.0,1.0,-1.0,-1.0,1.0,1.0,-1.0,-1.0,-1.0,-1.0,1.0,1.0,1.0,1.0,1.0,1.0,1.0,1.0,1.0,-1.0,-1.0,-1.0,-1.0,-1.0,-1.0,-1.0,-1.0,-1.0,-1.0,-1.0,-1.0,-1.0,-1.0,-1.0,-1.0,-1.0,-1.0,-1.0,-1.0,-1.0,-1.0,-1.0,1.0,1.0,1.0,1.0,1.0,-1.0,-1.0,-1.0,1.0,-1.0,-1.0,-1.0,-1.0,-1.0,-1.0,-1.0,-1.0,-1.0,-1.0,-1.0,-1.0,-1.0,-1.0,-1.0,-1.0,-1.0,1.0,-1.0,-1.0,-1.0,-1.0,-1.0,-1.0,-1.0,-1.0,1.0,-1.0,-1.0,-1.0,-1.0,-1.0,-1.0,-1.0,-1.0,-1.0,-1.0,-1.0,1.0,-1.0,-1.0,-1.0,-1.0,-1.0,-1.0,1.0,1.0,-1.0,-1.0,-1.0,-1.0,-1.0,-1.0,-1.0,-1.0,-1.0,-1.0,-1.0,-1.0,-1.0,-1.0,-1.0,-1.0,1.0,1.0,-1.0,-1.0,-1.0,-1.0,-1.0,1.0,1.0,-1.0,-1.0,-1.0,-1.0,-1.0,-1.0,1.0,-1.0,-1.0,-1.0,1.0,1.0,1.0,-1.0,-1.0,-1.0,1.0,1.0,1.0,-1.0,-1.0,-1.0,-1.0,-1.0,-1.0,-1.0,1.0,-1.0,-1.0,-1.0,1.0,-1.0,-1.0,-1.0,1.0,1.0,-1.0,-1.0,-1.0,1.0,1.0,1.0,1.0,1.0,1.0,1.0,-1.0,-1.0,-1.0,-1.0,-1.0,-1.0,-1.0,-1.0,1.0,-1.0,-1.0,-1.0,-1.0,-1.0,-1.0,-1.0,-1.0,-1.0,-1.0,-1.0,-1.0,1.0,1.0,1.0,1.0,1.0,1.0,1.0,1.0,1.0,1.0,1.0,1.0,1.0,1.0,1.0,1.0,1.0,1.0,1.0,1.0,1.0,1.0,1.0,1.0,1.0,1.0,1.0,1.0,1.0,1.0,1.0,1.0,-1.0,-1.0,-1.0,-1.0,-1.0,-1.0,-1.0,-1.0,-1.0,-1.0,-1.0,-1.0,-1.0,-1.0,-1.0,1.0,1.0,1.0,1.0,1.0,1.0,-1.0,-1.0
-1.0,-1.0,1.0,1.0,1.0,1.0,1.0,1.0,1.0,1.0,1.0,1.0,-1.0,-1.0,-1.0,-1.0,-1.0,-1.0,-1.0,-1.0,-1.0,-1.0,-1.0,-1.0,-1.0,-1.0,-1.0,-1.0,-1.0,-1.0,-1.0,-1.0,-1.0,-1.0,-1.0,-1.0,-1.0,-1.0,-1.0,-1.0,-1.0,-1.0,-1.0,-1.0,-1.0,-1.0,-1.0,-1.0,-1.0,-1.0,-1.0,-1.0,-1.0,-1.0,-1.0,-1.0,-1.0,-1.0,-1.0,-1.0,-1.0,-1.0,-1.0,-1.0,-1.0,-1.0,-1.0,-1.0,-1.0,-1.0,-1.0,-1.0,-1.0,-1.0,-1.0,-1.0,1.0,1.0,1.0,1.0,1.0,1.0,1.0,1.0,1.0,1.0,1.0,1.0,1.0,1.0,1.0,1.0,1.0,1.0,1.0,1.0,1.0,1.0,1.0,-1.0,-1.0,-1.0,-1.0,-1.0,-1.0,-1.0,-1.0,-1.0,-1.0,-1.0,-1.0,-1.0,1.0,1.0,1.0,1.0,1.0,1.0,1.0,1.0,1.0,1.0,1.0,1.0,1.0,-1.0,1.0,1.0,1.0,1.0,1.0,1.0,1.0,1.0,-1.0,1.0,1.0,1.0,1.0,1.0,1.0,1.0,1.0,1.0,1.0,1.0,-1.0,1.0,1.0,1.0,1.0,1.0,1.0,-1.0,-1.0,1.0,1.0,1.0,1.0,1.0,1.0,1.0,1.0,1.0,1.0,1.0,1.0,1.0,1.0,1.0,1.0,-1.0,-1.0,1.0,1.0,1.0,1.0,1.0,-1.0,-1.0,1.0,1.0,1.0,1.0,1.0,1.0,-1.0,1.0,1.0,1.0,-1.0,-1.0,-1.0,1.0,1.0,1.0,-1.0,-1.0,-1.0,1.0,1.0,1.0,1.0,1.0,1.0,1.0,-1.0,1.0,1.0,1.0,-1.0,1.0,1.0,1.0,-1.0,-1.0,1.0,1.0,1.0,-1.0,-1.0,-1.0,-1.0,-1.0,-1.0,-1.0,-1.0,-1.0,-1.0,-1.0,-1.0,-1.0,-1.0,-1.0,-1.0,-1.0,-1.0,-1.0,-1.0,-1.0,-1.0,-1.0,-1.0,-1.0,-1.0,-1.0,-1.0,-1.0,-1.0,-1.0,-1.0,-1.0,-1.0,-1.0,-1.0,-1.0,-1.0,-1.0,-1.0,-1.0,-1.0,-1.0,-1.0,-1.0,-1.0,-1.0,-1.0,-1.0,-1.0,-1.0,-1.0,-1.0,-1.0,-1.0,-1.0,-1.0,-1.0,-1.0,-1.0,-1.0,-1.0,-1.0,-1.0,-1.0,-1.0,-1.0,-1.0,-1.0,-1.0,-1.0,-1.0,-1.0,-1.0,-1.0,-1.0,-1.0,-1.0,-1.0,-1.0,-1.0,-1.0,-1.0
-1.0,-1.0,-1.0,-1.0,-1.0,-1.0,-1.0,-1.0,-1.0,-1.0,-1.0,-1.0,-1.0,-1.0,-1.0,-1.0,-1.0,-1.0,-1.0,-1.0,-1.0,-1.0,-1.0,-1.0,-1.0,-1.0,-1.0,-1.0,-1.0,-1.0,-1.0,-1.0,-1.0,-1.0,-1.0,-1.0,-1.0,-1.0,-1.0,-1.0,-1.0,-1.0,-1.0,-1.0,-1.0,-1.0,-1.0,-1.0,-1.0,-1.0,-1.0,-1.0,-1.0,-1.0,-1.0,-1.0,-1.0,-1.0,-1.0,-1.0,-1.0,-1.0,-1.0,-1.0,-1.0,-1.0,-1.0,-1.0,-1.0,-1.0,-1.0,-1.0,-1.0,-1.0,-1.0,-1.0,-1.0,-1.0,-1.0,-1.0,-1.0,-1.0,-1.0,-1.0,-1.0,-1.0,-1.0,-1.0,-1.0,-1.0,-1.0,-1.0,-1.0,-1.0,-1.0,-1.0,-1.0,-1.0,-1.0,-1.0,-1.0,-1.0,-1.0,-1.0,-1.0,-1.0,-1.0,-1.0,-1.0,-1.0,-1.0,-1.0,-1.0,-1.0,-1.0,-1.0,-1.0,-1.0,-1.0,-1.0,-1.0,-1.0,-1.0,-1.0,-1.0,-1.0,-1.0,-1.0,-1.0,-1.0,-1.0,-1.0,-1.0,-1.0,-1.0,-1.0,-1.0,-1.0,-1.0,-1.0,-1.0,-1.0,-1.0,-1.0,-1.0,-1.0,-1.0,-1.0,-1.0,-1.0,-1.0,-1.0,-1.0,-1.0,-1.0,-1.0,-1.0,-1.0,-1.0,-1.0,-1.0,-1.0,-1.0,-1.0,-1.0,-1.0,-1.0,-1.0,-1.0,-1.0,-1.0,-1.0,-1.0,-1.0,-1.0,-1.0,-1.0,-1.0,-1.0,-1.0,-1.0,-1.0,-1.0,-1.0,-1.0,-1.0,-1.0,-1.0,-1.0,-1.0,-1.0,-1.0,-1.0,-1.0,-1.0,-1.0,-1.0,-1.0,-1.0,-1.0,-1.0,-1.0,-1.0,-1.0,-1.0,-1.0,-1.0,-1.0,-1.0,-1.0,-1.0,-1.0,-1.0,-1.0,-1.0,-1.0,-1.0,-1.0,-1.0,-1.0,-1.0,-1.0,-1.0,-1.0,-1.0,-1.0,-1.0,-1.0,-1.0,-1.0,-1.0,-1.0,-1.0,-1.0,-1.0,-1.0,-1.0,-1.0,-1.0,-1.0,-1.0,-1.0,-1.0,-1.0,-1.0,-1.0,-1.0,-1.0,-1.0,-1.0,-1.0,-1.0,-1.0,-1.0,-1.0,-1.0,-1.0,-1.0,-1.0,-1.0,-1.0,-1.0,-1.0,-1.0,-1.0,-1.0,-1.0,-1.0,-1.0,-1.0,-1.0,-1.0,-1.0,-1.0,-1.0,-1.0,-1.0,-1.0,-1.0,-1.0,-1.0,-1.0,-1.0,-1.0,-1.0,-1.0,-1.0,-1.0,-1.0,-1.0,-1.0,-1.0,-1.0,-1.0,-1.0,-1.0,-1.0,-1.0,-1.0,-1.0,-1.0,-1.0
-1.0,-1.0,-1.0,-1.0,-1.0,-1.0,-1.0,-1.0,-1.0,-1.0,-1.0,-1.0,-1.0,-1.0,-1.0,-1.0,-1.0,-1.0,-1.0,-1.0,-1.0,-1.0,-1.0,-1.0,-1.0,-1.0,-1.0,-1.0,-1.0,-1.0,-1.0,-1.0,-1.0,-1.0,-1.0,-1.0,-1.0,-1.0,-1.0,-1.0,-1.0,-1.0,-1.0,-1.0,-1.0,-1.0,-1.0,-1.0,-1.0,-1.0,-1.0,-1.0,-1.0,-1.0,-1.0,-1.0,-1.0,-1.0,-1.0,-1.0,-1.0,-1.0,-1.0,-1.0,-1.0,-1.0,-1.0,-1.0,-1.0,-1.0,-1.0,-1.0,-1.0,-1.0,-1.0,-1.0,-1.0,-1.0,-1.0,-1.0,-1.0,-1.0,-1.0,-1.0,-1.0,-1.0,-1.0,-1.0,-1.0,-1.0,-1.0,-1.0,-1.0,-1.0,-1.0,-1.0,-1.0,-1.0,-1.0,-1.0,-1.0,-1.0,-1.0,-1.0,-1.0,-1.0,-1.0,-1.0,-1.0,-1.0,-1.0,-1.0,-1.0,-1.0,-1.0,-1.0,-1.0,-1.0,-1.0,-1.0,-1.0,-1.0,-1.0,-1.0,-1.0,-1.0,-1.0,-1.0,-1.0,-1.0,-1.0,-1.0,-1.0,-1.0,-1.0,-1.0,-1.0,-1.0,-1.0,-1.0,-1.0,-1.0,-1.0,-1.0,-1.0,-1.0,-1.0,-1.0,-1.0,-1.0,-1.0,-1.0,-1.0,-1.0,-1.0,-1.0,-1.0,-1.0,-1.0,-1.0,-1.0,-1.0,-1.0,-1.0,-1.0,-1.0,-1.0,-1.0,-1.0,-1.0,-1.0,-1.0,-1.0,-1.0,-1.0,-1.0,-1.0,-1.0,-1.0,-1.0,-1.0,-1.0,-1.0,-1.0,-1.0,-1.0,-1.0,-1.0,-1.0,-1.0,-1.0,-1.0,-1.0,-1.0,-1.0,-1.0,-1.0,-1.0,-1.0,-1.0,-1.0,-1.0,-1.0,-1.0,-1.0,-1.0,-1.0,-1.0,-1.0,-1.0,-1.0,-1.0,-1.0,-1.0,-1.0,-1.0,-1.0,-1.0,-1.0,-1.0,-1.0,-1.0,-1.0,-1.0,-1.0,-1.0,-1.0,-1.0,-1.0,-1.0,-1.0,-1.0,-1.0,-1.0,-1.0,-1.0,-1.0,-1.0,-1.0,-1.0,-1.0,-1.0,-1.0,-1.0,-1.0,-1.0,-1.0,-1.0,-1.0,-1.0,-1.0,-1.0,-1.0,-1.0,-1.0,-1.0,-1.0,-1.0,-1.0,-1.0,-1.0,-1.0,-1.0,-1.0,-1.0,-1.0,-1.0,-1.0,-1.0,-1.0,-1.0,-1.0,-1.0,-1.0,-1.0,-1.0,-1.0,-1.0,-1.0,-1.0,-1.0,-1.0,-1.0,-1.0,-1.0,-1.0,-1.0,-1.0,-1.0,-1.0,-1.0,-1.0,-1.0,-1.0,-1.0,-1.0,-1.0,-1.0,-1.0,-1.0,-1.0,-1.0
1.0,-1.0,-1.0,-1.0,-1.0,-1.0,-1.0,-1.0,-1.0,-1.0,-1.0,-1.0,-1.0,-1.0,-1.0,-1.0,-1.0,-1.0,-1.0,-1.0,-1.0,-1.0,-1.0,-1.0,-1.0,-1.0,-1.0,-1.0,-1.0,-1.0,-1.0,-1.0,-1.0,-1.0,-1.0,-1.0,-1.0,-1.0,-1.0,-1.0,-1.0,-1.0,-1.0,-1.0,-1.0,-1.0,-1.0,-1.0,-1.0,-1.0,-1.0,-1.0,-1.0,-1.0,-1.0,-1.0,-1.0,-1.0,-1.0,-1.0,-1.0,-1.0,-1.0,-1.0,-1.0,-1.0,-1.0,-1.0,-1.0,-1.0,-1.0,-1.0,-1.0,-1.0,-1.0,-1.0,-1.0,-1.0,-1.0,-1.0,-1.0,-1.0,-1.0,-1.0,-1.0,-1.0,-1.0,-1.0,-1.0,-1.0,-1.0,-1.0,-1.0,-1.0,-1.0,-1.0,-1.0,-1.0,-1.0,-1.0,-1.0,-1.0,-1.0,-1.0,-1.0,-1.0,-1.0,-1.0,-1.0,-1.0,-1.0,-1.0,-1.0,-1.0,-1.0,-1.0,-1.0,-1.0,-1.0,-1.0,-1.0,-1.0,-1.0,-1.0,-1.0,-1.0,-1.0,-1.0,-1.0,-1.0,-1.0,-1.0,-1.0,-1.0,-1.0,-1.0,-1.0,-1.0,-1.0,-1.0,-1.0,-1.0,-1.0,-1.0,-1.0,-1.0,-1.0,-1.0,-1.0,-1.0,-1.0,-1.0,-1.0,-1.0,-1.0,-1.0,-1.0,-1.0,-1.0,-1.0,-1.0,-1.0,-1.0,-1.0,-1.0,-1.0,-1.0,-1.0,-1.0,-1.0,-1.0,-1.0,-1.0,-1.0,-1.0,-1.0,-1.0,-1.0,-1.0,-1.0,-1.0,-1.0,-1.0,-1.0,-1.0,-1.0,-1.0,-1.0,-1.0,-1.0,-1.0,-1.0,-1.0,-1.0,-1.0,-1.0,-1.0,-1.0,-1.0,-1.0,-1.0,-1.0,-1.0,-1.0,-1.0,-1.0,-1.0,-1.0,-1.0,-1.0,-1.0,-1.0,-1.0,-1.0,-1.0,-1.0,-1.0,-1.0,-1.0,-1.0,-1.0,-1.0,-1.0,-1.0,-1.0,-1.0,-1.0,-1.0,-1.0,-1.0,-1.0,-1.0,-1.0,-1.0,-1.0,-1.0,-1.0,-1.0,-1.0,-1.0,-1.0,-1.0,-1.0,-1.0,-1.0,-1.0,-1.0,-1.0,-1.0,-1.0,-1.0,-1.0,-1.0,-1.0,-1.0,-1.0,-1.0,-1.0,-1.0,-1.0,-1.0,-1.0,-1.0,-1.0,-1.0,-1.0,-1.0,-1.0,-1.0,-1.0,-1.0,-1.0,-1.0,-1.0,-1.0,-1.0,-1.0,-1.0,-1.0,-1.0,-1.0,-1.0,-1.0,-1.0,-1.0,-1.0,-1.0,-1.0,-1.0,-1.0,-1.0,-1.0,-1.0,-1.0,-1.0,-1.0,-1.0,-1.0,-1.0,-1.0,-1.0,-1.0
-1.0,-1.0,-1.0,-1.0,-1.0,-1.0,-1.0,-1.0,-1.0,-1.0,-1.0,-1.0,-1.0,-1.0,-1.0,-1.0,1.0,1.0,-1.0,-1.0,-1.0,1.0,1.0,1.0,1.0,1.0,1.0,1.0,1.0,1.0,1.0,1.0,1.0,1.0,1.0,1.0,1.0,1.0,1.0,1.0,1.0,1.0,1.0,1.0,1.0,1.0,1.0,1.0,1.0,1.0,1.0,1.0,1.0,1.0,1.0,1.0,1.0,-1.0,-1.0,-1.0,-1.0,-1.0,-1.0,1.0,1.0,-1.0,-1.0,-1.0,-1.0,-1.0,1.0,1.0,1.0,1.0,-1.0,-1.0,-1.0,-1.0,-1.0,-1.0,-1.0,-1.0,-1.0,-1.0,-1.0,-1.0,-1.0,-1.0,-1.0,-1.0,-1.0,-1.0,-1.0,-1.0,-1.0,-1.0,-1.0,-1.0,-1.0,-1.0,-1.0,-1.0,-1.0,-1.0,-1.0,-1.0,-1.0,-1.0,1.0,-1.0,-1.0,-1.0,-1.0,-1.0,-1.0,-1.0,-1.0,-1.0,-1.0,-1.0,-1.0,-1.0,-1.0,-1.0,-1.0,-1.0,-1.0,-1.0,-1.0,-1.0,-1.0,-1.0,-1.0,-1.0,-1.0,-1.0,-1.0,-1.0,-1.0,-1.0,-1.0,-1.0,-1.0,-1.0,-1.0,-1.0,-1.0,-1.0,-1.0,-1.0,-1.0,-1.0,-1.0,-1.0,-1.0,-1.0,-1.0,-1.0,-1.0,-1.0,-1.0,-1.0,-1.0,-1.0,-1.0,-1.0,-1.0,-1.0,-1.0,-1.0,-1.0,-1.0,-1.0,-1.0,-1.0,-1.0,-1.0,-1.0,-1.0,-1.0,-1.0,-1.0,-1.0,-1.0,-1.0,-1.0,-1.0,-1.0,-1.0,-1.0,-1.0,-1.0,-1.0,-1.0,-1.0,-1.0,-1.0,-1.0,-1.0,-1.0,-1.0,-1.0,-1.0,-1.0,-1.0,-1.0,-1.0,-1.0,-1.0,-1.0,-1.0,-1.0,-1.0,-1.0,-1.0,-1.0,-1.0,-1.0,-1.0,-1.0,-1.0,-1.0,-1.0,-1.0,-1.0,-1.0,-1.0,-1.0,1.0,1.0,1.0,1.0,1.0,1.0,-1.0,-1.0,-1.0,-1.0,-1.0,-1.0,-1.0,-1.0,-1.0,-1.0,-1.0,-1.0,-1.0,-1.0,-1.0,-1.0,-1.0,-1.0,-1.0,-1.0,-1.0,-1.0,-1.0,-1.0,-1.0,-1.0,-1.0,-1.0,-1.0,-1.0,-1.0,-1.0,-1.0,-1.0,-1.0,-1.0,-1.0,-1.0,-1.0,-1.0,-1.0,-1.0,-1.0,-1.0,-1.0,1.0,1.0,1.0,1.0,1.0,1.0,1.0,1.0,1.0,1.0,1.0,1.0,1.0,-1.0,-1.0,-1.0,-1.0,-1.0,-1.0,-1.0,-1.0,1.0,1.0
-1.0,-1.0,-1.0,-1.0,-1.0,-1.0,-1.0,-1.0,-1.0,-1.0,-1.0,-1.0,-1.0,-1.0,-1.0,-1.0,-1.0,-1.0,-1.0,-1.0,-1.0,-1.0,-1.0,-1.0,-1.0,-1.0,-1.0,-1.0,-1.0,-1.0,-1.0,-1.0,-1.0,-1.0,-1.0,-1.0,-1.0,-1.0,-1.0,-1.0,-1.0,-1.0,-1.0,-1.0,-1.0,-1.0,-1.0,-1.0,-1.0,-1.0,-1.0,-1.0,-1.0,-1.0,-1.0,-1.0,-1.0,-1.0,1.0,1.0,1.0,1.0,-1.0,-1.0,-1.0,-1.0,-1.0,-1.0,-1.0,-1.0,-1.0,-1.0,-1.0,-1.0,-1.0,-1.0,-1.0,-1.0,-1.0,-1.0,-1.0,-1.0,-1.0,-1.0,-1.0,-1.0,-1.0,-1.0,-1.0,-1.0,-1.0,-1.0,-1.0,-1.0,-1.0,-1.0,-1.0,-1.0,-1.0,-1.0,-1.0,-1.0,-1.0,-1.0,-1.0,-1.0,-1.0,-1.0,-1.0,-1.0,-1.0,-1.0,-1.0,-1.0,-1.0,-1.0,-1.0,-1.0,-1.0,-1.0,-1.0,-1.0,-1.0,-1.0,-1.0,-1.0,-1.0,-1.0,-1.0,-1.0,-1.0,-1.0,-1.0,-1.0,-1.0,-1.0,-1.0,-1.0,-1.0,-1.0,-1.0,-1.0,-1.0,-1.0,-1.0,-1.0,-1.0,-1.0,-1.0,-1.0,-1.0,-1.0,-1.0,-1.0,-1.0,-1.0,-1.0,-1.0,-1.0,-1.0,-1.0,-1.0,-1.0,-1.0,-1.0,-1.0,-1.0,-1.0,-1.0,-1.0,-1.0,-1.0,-1.0,-1.0,-1.0,-1.0,-1.0,-1.0,-1.0,-1.0,-1.0,-1.0,-1.0,-1.0,-1.0,-1.0,-1.0,-1.0,-1.0,-1.0,-1.0,-1.0,-1.0,-1.0,-1.0,-1.0,-1.0,-1.0,-1.0,-1.0,-1.0,-1.0,-1.0,-1.0,-1.0,-1.0,-1.0,-1.0,-1.0,-1.0,-1.0,-1.0,-1.0,-1.0,-1.0,-1.0,-1.0,-1.0,-1.0,-1.0,-1.0,-1.0,-1.0,-1.0,-1.0,-1.0,-1.0,-1.0,-1.0,-1.0,-1.0,-1.0,-1.0,-1.0,-1.0,1.0,1.0,1.0,1.0,1.0,1.0,1.0,1.0,1.0,1.0,-1.0,-1.0,1.0,1.0,-1.0,-1.0,-1.0,-1.0,-1.0,-1.0,-1.0,-1.0,-1.0,1.0,1.0,-1.0,1.0,1.0,-1.0,1.0,1.0,-1.0,1.0,1.0,-1.0,1.0,1.0,-1.0,-1.0,-1.0,-1.0,1.0,1.0,-1.0,-1.0,-1.0,-1.0,-1.0,-1.0,-1.0,-1.0,-1.0,-1.0,-1.0,-1.0,-1.0,-1.0,-1.0,-1.0,-1.0,-1.0,-1.0,-1.0,-1.0,-1.0,-1.0,-1.0
-1.0,-1.0,-1.0,-1.0,-1.0,-1.0,-1.0,-1.0,-1.0,-1.0,-1.0,-1.0,-1.0,-1.0,-1.0,-1.0,-1.0,-1.0,-1.0,-1.0,-1.0,-1.0,-1.0,-1.0,-1.0,-1.0,-1.0,-1.0,-1.0,-1.0,-1.0,-1.0,-1.0,-1.0,-1.0,-1.0,-1.0,-1.0,-1.0,-1.0,-1.0,-1.0,-1.0,-1.0,-1.0,-1.0,-1.0,-1.0,-1.0,-1.0,-1.0,-1.0,-1.0,-1.0,-1.0,-1.0,-1.0,-1.0,-1.0,-1.0,-1.0,-1.0,-1.0,-1.0,-1.0,1.0,1.0,-1.0,-1.0,-1.0,-1.0,-1.0,-1.0,-1.0,-1.0,-1.0,-1.0,-1.0,-1.0,-1.0,-1.0,-1.0,-1.0,-1.0,-1.0,-1.0,-1.0,-1.0,-1.0,-1.0,-1.0,-1.0,-1.0,-1.0,-1.0,-1.0,-1.0,-1.0,-1.0,-1.0,-1.0,-1.0,-1.0,-1.0,-1.0,-1.0,-1.0,-1.0,-1.0,1.0,1.0,1.0,-1.0,-1.0,-1.0,-1.0,-1.0,-1.0,-1.0,-1.0,-1.0,-1.0,-1.0,-1.0,-1.0,-1.0,-1.0,-1.0,-1.0,-1.0,-1.0,-1.0,-1.0,-1.0,-1.0,-1.0,-1.0,-1.0,-1.0,-1.0,-1.0,-1.0,-1.0,-1.0,-1.0,-1.0,-1.0,-1.0,-1.0,-1.0,-1.0,-1.0,-1.0,-1.0,-1.0,-1.0,-1.0,-1.0,-1.0,-1.0,-1.0,-1.0,-1.0,-1.0,-1.0,-1.0,-1.0,-1.0,-1.0,-1.0,-1.0,-1.0,-1.0,-1.0,-1.0,-1.0,-1.0,-1.0,-1.0,-1.0,-1.0,-1.0,-1.0,-1.0,-1.0,-1.0,-1.0,-1.0,-1.0,-1.0,-1.0,-1.0,-1.0,-1.0,-1.0,-1.0,-1.0,-1.0,-1.0,-1.0,-1.0,-1.0,-1.0,-1.0,-1.0,-1.0,-1.0,-1.0,-1.0,-1.0,-1.0,-1.0,-1.0,-1.0,-1.0,-1.0,-1.0,-1.0,-1.0,-1.0,-1.0,-1.0,-1.0,-1.0,-1.0,-1.0,-1.0,-1.0,-1.0,-1.0,-1.0,-1.0,-1.0,-1.0,-1.0,1.0,1.0,1.0,1.0,1.0,1.0,1.0,1.0,1.0,1.0,-1.0,-1.0,-1.0,-1.0,-1.0,-1.0,-1.0,-1.0,-1.0,-1.0,-1.0,-1.0,-1.0,-1.0,-1.0,-1.0,-1.0,-1.0,-1.0,-1.0,-1.0,-1.0,-1.0,-1.0,-1.0,-1.0,-1.0,-1.0,-1.0,-1.0,-1.0,-1.0,-1.0,-1.0,-1.0,-1.0,-1.0,-1.0,-1.0,-1.0,-1.0,-1.0,-1.0,-1.0,-1.0,-1.0,-1.0,-1.0,-1.0,-1.0,-1.0,-1.0,-1.0,-1.0,-1.0,-1.0,-1.0
-1.0,-1.0,-1.0,-1.0,-1.0,-1.0,-1.0,-1.0,-1.0,-1.0,-1.0,-1.0,-1.0,-1.0,-1.0,-1.0,-1.0,-1.0,-1.0,-1.0,-1.0,-1.0,-1.0,-1.0,-1.0,-1.0,-1.0,-1.0,-1.0,-1.0,-1.0,-1.0,-1.0,-1.0,-1.0,-1.0,-1.0,-1.0,-1.0,-1.0,-1.0,-1.0,-1.0,-1.0,-1.0,-1.0,-1.0,-1.0,-1.0,-1.0,-1.0,-1.0,-1.0,-1.0,-1.0,-1.0,-1.0,-1.0,-1.0,-1.0,-1.0,-1.0,-1.0,-1.0,-1.0,-1.0,-1.0,-1.0,-1.0,-1.0,-1.0,-1.0,-1.0,-1.0,-1.0,-1.0,-1.0,-1.0,-1.0,-1.0,-1.0,-1.0,-1.0,-1.0,-1.0,-1.0,-1.0,-1.0,-1.0,-1.0,-1.0,-1.0,-1.0,-1.0,-1.0,-1.0,-1.0,-1.0,-1.0,-1.0,-1.0,-1.0,-1.0,-1.0,1.0,1.0,1.0,-1.0,-1.0,-1.0,-1.0,-1.0,-1.0,-1.0,-1.0,-1.0,-1.0,-1.0,-1.0,-1.0,-1.0,-1.0,-1.0,-1.0,-1.0,-1.0,-1.0,-1.0,-1.0,-1.0,-1.0,-1.0,-1.0,-1.0,-1.0,-1.0,-1.0,-1.0,-1.0,-1.0,-1.0,-1.0,-1.0,-1.0,-1.0,-1.0,-1.0,-1.0,-1.0,-1.0,-1.0,-1.0,-1.0,-1.0,-1.0,-1.0,-1.0,-1.0,-1.0,-1.0,-1.0,-1.0,-1.0,-1.0,-1.0,-1.0,-1.0,-1.0,-1.0,-1.0,-1.0,-1.0,-1.0,-1.0,-1.0,-1.0,-1.0,-1.0,-1.0,-1.0,-1.0,-1.0,-1.0,-1.0,-1.0,-1.0,-1.0,-1.0,-1.0,-1.0,-1.0,-1.0,-1.0,-1.0,-1.0,-1.0,-1.0,-1.0,-1.0,-1.0,-1.0,-1.0,-1.0,-1.0,-1.0,-1.0,-1.0,-1.0,-1.0,-1.0,-1.0,-1.0,-1.0,-1.0,-1.0,-1.0,-1.0,-1.0,-1.0,-1.0,-1.0,-1.0,-1.0,-1.0,-1.0,-1.0,-1.0,-1.0,-1.0,-1.0,-1.0,-1.0,-1.0,-1.0,-1.0,-1.0,-1.0,-1.0,-1.0,-1.0,-1.0,-1.0,-1.0,-1.0,-1.0,-1.0,-1.0,-1.0,-1.0,-1.0,-1.0,-1.0,-1.0,-1.0,-1.0,-1.0,-1.0,-1.0,-1.0,-1.0,-1.0,-1.0,-1.0,-1.0,-1.0,-1.0,-1.0,-1.0,-1.0,-1.0,-1.0,-1.0,-1.0,-1.0,-1.0,-1.0,-1.0,-1.0,-1.0,-1.0,-1.0,-1.0,-1.0,-1.0,-1.0,-1.0,-1.0,-1.0,-1.0,-1.0,-1.0,-1.0,-1.0,-1.0,-1.0,-1.0,-1.0,-1.0,-1.0,-1.0,-1.0,-1.0
-1.0,-1.0,-1.0,-1.0,-1.0,-1.0,-1.0,-1.0,-1.0,-1.0,-1.0,-1.0,-1.0,-1.0,-1.0,-1.0,-1.0,-1.0,-1.0,-1.0,-1.0,-1.0,-1.0,-1.0,-1.0,-1.0,-1.0,-1.0,-1.0,-1.0,-1.0,-1.0,-1.0,-1.0,-1.0,-1.0,-1.0,-1.0,-1.0,-1.0,-1.0,-1.0,-1.0,-1.0,-1.0,-1.0,-1.0,-1.0,-1.0,-1.0,-1.0,-1.0,-1.0,-1.0,-1.0,-1.0,-1.0,-1.0,-1.0,-1.0,-1.0,-1.0,-1.0,-1.0,-1.0,-1.0,-1.0,-1.0,-1.0,-1.0,-1.0,-1.0,-1.0,-1.0,-1.0,-1.0,-1.0,-1.0,-1.0,-1.0,-1.0,-1.0,-1.0,-1.0,-1.0,-1.0,-1.0,-1.0,-1.0,-1.0,-1.0,-1.0,-1.0,-1.0,-1.0,-1.0,-1.0,-1.0,-1.0,-1.0,-1.0,-1.0,-1.0,-1.0,-1.0,-1.0,-1.0,-1.0,-1.0,-1.0,-1.0,-1.0,-1.0,-1.0,-1.0,-1.0,-1.0,-1.0,-1.0,-1.0,-1.0,-1.0,-1.0,-1.0,-1.0,-1.0,-1.0,-1.0,-1.0,-1.0,-1.0,-1.0,-1.0,-1.0,-1.0,-1.0,-1.0,-1.0,-1.0,-1.0,-1.0,-1.0,-1.0,-1.0,-1.0,-1.0,-1.0,-1.0,-1.0,-1.0,-1.0,-1.0,-1.0,-1.0,-1.0,-1.0,-1.0,-1.0,-1.0,-1.0,-1.0,-1.0,-1.0,-1.0,-1.0,-1.0,-1.0,-1.0,-1.0,-1.0,-1.0,-1.0,-1.0,-1.0,-1.0,-1.0,-1.0,-1.0,-1.0,-1.0,-1.0,-1.0,-1.0,-1.0,-1.0,-1.0,-1.0,-1.0,-1.0,-1.0,-1.0,-1.0,-1.0,-1.0,-1.0,-1.0,-1.0,-1.0,-1.0,-1.0,-1.0,-1.0,-1.0,-1.0,-1.0,-1.0,-1.0,-1.0,-1.0,-1.0,-1.0,-1.0,-1.0,-1.0,-1.0,-1.0,-1.0,-1.0,-1.0,-1.0,-1.0,-1.0,-1.0,-1.0,-1.0,-1.0,-1.0,-1.0,-1.0,-1.0,-1.0,-1.0,-1.0,-1.0,-1.0,-1.0,-1.0,-1.0,-1.0,-1.0,-1.0,-1.0,-1.0,-1.0,-1.0,-1.0,-1.0,-1.0,-1.0,-1.0,-1.0,-1.0,-1.0,-1.0,-1.0,-1.0,-1.0,-1.0,-1.0,-1.0,-1.0,-1.0,-1.0,-1.0,-1.0,-1.0,-1.0,-1.0,-1.0,-1.0,-1.0,-1.0,-1.0,-1.0,-1.0,-1.0,-1.0,-1.0,-1.0,-1.0,-1.0,-1.0,-1.0,-1.0,-1.0,-1.0,-1.0,-1.0,-1.0,-1.0,-1.0,-1.0,-1.0,-1.0,-1.0,-1.0,-1.0,-1.0,-1.0,-1.0,-1.0,-1.0
-1.0,-1.0,-1.0,-1.0,-1.0,-1.0,-1.0,-1.0,-1.0,-1.0,-1.0,-1.0,-1.0,-1.0,-1.0,-1.0,-1.0,-1.0,-1.0,-1.0,-1.0,-1.0,-1.0,-1.0,-1.0,-1.0,-1.0,-1.0,-1.0,-1.0,-1.0,-1.0,-1.0,-1.0,-1.0,-1.0,-1.0,-1.0,-1.0,-1.0,-1.0,-1.0,-1.0,-1.0,-1.0,-1.0,-1.0,-1.0,-1.0,-1.0,-1.0,-1.0,-1.0,-1.0,-1.0,-1.0,-1.0,-1.0,-1.0,-1.0,-1.0,-1.0,-1.0,-1.0,-1.0,-1.0,-1.0,-1.0,-1.0,-1.0,-1.0,-1.0,-1.0,-1.0,-1.0,-1.0,-1.0,-1.0,-1.0,-1.0,-1.0,-1.0,-1.0,-1.0,-1.0,-1.0,-1.0,-1.0,-1.0,-1.0,-1.0,-1.0,-1.0,-1.0,-1.0,-1.0,-1.0,-1.0,-1.0,-1.0,-1.0,-1.0,-1.0,-1.0,-1.0,-1.0,-1.0,-1.0,-1.0,-1.0,-1.0,-1.0,-1.0,-1.0,-1.0,-1.0,-1.0,-1.0,-1.0,-1.0,-1.0,-1.0,-1.0,-1.0,-1.0,-1.0,-1.0,-1.0,-1.0,-1.0,-1.0,-1.0,-1.0,-1.0,-1.0,-1.0,-1.0,-1.0,-1.0,-1.0,-1.0,-1.0,-1.0,-1.0,-1.0,-1.0,-1.0,-1.0,-1.0,-1.0,-1.0,-1.0,-1.0,-1.0,-1.0,-1.0,-1.0,-1.0,-1.0,-1.0,-1.0,-1.0,-1.0,-1.0,-1.0,-1.0,-1.0,-1.0,-1.0,-1.0,-1.0,-1.0,-1.0,-1.0,-1.0,-1.0,-1.0,-1.0,-1.0,-1.0,-1.0,-1.0,-1.0,-1.0,-1.0,-1.0,-1.0,-1.0,-1.0,-1.0,-1.0,-1.0,-1.0,-1.0,-1.0,-1.0,-1.0,-1.0,-1.0,-1.0,-1.0,-1.0,-1.0,-1.0,-1.0,-1.0,-1.0,-1.0,-1.0,-1.0,-1.0,-1.0,-1.0,-1.0,-1.0,-1.0,-1.0,-1.0,-1.0,-1.0,-1.0,-1.0,-1.0,-1.0,-1.0,-1.0,-1.0,-1.0,-1.0,-1.0,-1.0,-1.0,-1.0,-1.0,-1.0,-1.0,-1.0,-1.0,-1.0,-1.0,-1.0,-1.0,-1.0,-1.0,-1.0,-1.0,-1.0,-1.0,-1.0,-1.0,-1.0,-1.0,-1.0,-1.0,-1.0,-1.0,-1.0,-1.0,-1.0,-1.0,-1.0,-1.0,-1.0,-1.0,-1.0,-1.0,-1.0,-1.0,-1.0,-1.0,-1.0,-1.0,-1.0,-1.0,-1.0,-1.0,-1.0,-1.0,-1.0,-1.0,-1.0,-1.0,-1.0,-1.0,-1.0,-1.0,-1.0,-1.0,-1.0,-1.0,-1.0,-1.0,-1.0,-1.0,-1.0,-1.0,-1.0,-1.0,-1.0,-1.0,-1.0,-1.0
-1.0,-1.0,-1.0,-1.0,-1.0,-1.0,-1.0,-1.0,-1.0,-1.0,-1.0,-1.0,-1.0,-1.0,-1.0,-1.0,-1.0,-1.0,-1.0,-1.0,-1.0,-1.0,-1.0,-1.0,-1.0,-1.0,-1.0,-1.0,-1.0,-1.0,-1.0,-1.0,-1.0,-1.0,-1.0,-1.0,-1.0,-1.0,-1.0,-1.0,-1.0,-1.0,-1.0,-1.0,-1.0,-1.0,-1.0,-1.0,-1.0,-1.0,-1.0,-1.0,-1.0,-1.0,-1.0,-1.0,-1.0,-1.0,-1.0,-1.0,-1.0,-1.0,-1.0,-1.0,-1.0,1.0,1.0,-1.0,-1.0,-1.0,-1.0,-1.0,-1.0,-1.0,-1.0,-1.0,-1.0,-1.0,-1.0,-1.0,-1.0,-1.0,-1.0,-1.0,-1.0,-1.0,-1.0,-1.0,-1.0,-1.0,-1.0,-1.0,-1.0,-1.0,-1.0,-1.0,-1.0,-1.0,-1.0,-1.0,-1.0,-1.0,-1.0,-1.0,-1.0,-1.0,-1.0,-1.0,-1.0,-1.0,-1.0,-1.0,-1.0,-1.0,-1.0,-1.0,-1.0,-1.0,-1.0,-1.0,-1.0,-1.0,-1.0,-1.0,-1.0,-1.0,-1.0,-1.0,-1.0,-1.0,-1.0,-1.0,-1.0,-1.0,-1.0,-1.0,-1.0,-1.0,-1.0,-1.0,-1.0,-1.0,-1.0,-1.0,-1.0,-1.0,-1.0,-1.0,-1.0,-1.0,-1.0,-1.0,-1.0,-1.0,-1.0,-1.0,-1.0,-1.0,-1.0,-1.0,-1.0,-1.0,-1.0,-1.0,-1.0,-1.0,-1.0,-1.0,-1.0,-1.0,-1.0,-1.0,-1.0,-1.0,-1.0,-1.0,-1.0,-1.0,-1.0,-1.0,-1.0,-1.0,-1.0,-1.0,-1.0,-1.0,-1.0,-1.0,-1.0,-1.0,-1.0,-1.0,-1.0,-1.0,-1.0,-1.0,-1.0,-1.0,-1.0,-1.0,-1.0,-1.0,-1.0,-1.0,-1.0,-1.0,-1.0,-1.0,-1.0,-1.0,-1.0,-1.0,-1.0,-1.0,-1.0,-1.0,-1.0,-1.0,-1.0,-1.0,-1.0,-1.0,-1.0,-1.0,-1.0,-1.0,-1.0,-1.0,-1.0,-1.0,-1.0,-1.0,-1.0,-1.0,-1.0,1.0,1.0,1.0,1.0,1.0,1.0,1.0,1.0,1.0,1.0,-1.0,-1.0,-1.0,-1.0,-1.0,-1.0,-1.0,-1.0,-1.0,-1.0,-1.0,-1.0,-1.0,-1.0,-1.0,-1.0,-1.0,-1.0,-1.0,-1.0,-1.0,-1.0,-1.0,-1.0,-1.0,-1.0,-1.0,-1.0,-1.0,-1.0,-1.0,-1.0,-1.0,-1.0,-1.0,-1.0,-1.0,-1.0,-1.0,-1.0,-1.0,-1.0,-1.0,-1.0,-1.0,-1.0,-1.0,1.0,1.0,-1.0,-1.0,-1.0,-1.0,-1.0,-1.0,-1.0,-1.0
-1.0,-1.0,-1.0,-1.0,-1.0,-1.0,-1.0,-1.0,-1.0,-1.0,-1.0,-1.0,-1.0,-1.0,-1.0,-1.0,-1.0,-1.0,-1.0,-1.0,-1.0,-1.0,-1.0,-1.0,-1.0,-1.0,-1.0,-1.0,-1.0,-1.0,-1.0,-1.0,-1.0,-1.0,-1.0,-1.0,-1.0,-1.0,-1.0,-1.0,-1.0,-1.0,-1.0,-1.0,-1.0,-1.0,-1.0,-1.0,-1.0,-1.0,-1.0,-1.0,-1.0,-1.0,-1.0,-1.0,-1.0,-1.0,-1.0,-1.0,-1.0,-1.0,-1.0,-1.0,-1.0,-1.0,-1.0,-1.0,-1.0,-1.0,-1.0,-1.0,-1.0,-1.0,-1.0,-1.0,-1.0,-1.0,-1.0,-1.0,-1.0,-1.0,-1.0,-1.0,-1.0,-1.0,-1.0,-1.0,-1.0,-1.0,-1.0,-1.0,-1.0,-1.0,-1.0,-1.0,-1.0,-1.0,-1.0,-1.0,-1.0,-1.0,-1.0,-1.0,-1.0,-1.0,-1.0,-1.0,-1.0,-1.0,-1.0,-1.0,-1.0,-1.0,-1.0,-1.0,-1.0,-1.0,-1.0,-1.0,-1.0,-1.0,-1.0,-1.0,-1.0,-1.0,-1.0,-1.0,-1.0,-1.0,-1.0,-1.0,-1.0,-1.0,-1.0,-1.0,-1.0,-1.0,-1.0,-1.0,-1.0,-1.0,-1.0,-1.0,-1.0,-1.0,-1.0,-1.0,-1.0,-1.0,-1.0,-1.0,-1.0,-1.0,-1.0,-1.0,-1.0,-1.0,-1.0,-1.0,-1.0,-1.0,-1.0,-1.0,-1.0,-1.0,-1.0,-1.0,-1.0,-1.0,-1.0,-1.0,-1.0,-1.0,-1.0,-1.0,-1.0,-1.0,-1.0,-1.0,-1.0,-1.0,-1.0,-1.0,-1.0,-1.0,-1.0,-1.0,-1.0,-1.0,-1.0,-1.0,-1.0,-1.0,-1.0,-1.0,-1.0,-1.0,-1.0,-1.0,-1.0,-1.0,-1.0,-1.0,-1.0,-1.0,-1.0,-1.0,-1.0,-1.0,-1.0,-1.0,-1.0,-1.0,-1.0,-1.0,-1.0,-1.0,-1.0,-1.0,-1.0,-1.0,-1.0,-1.0,-1.0,-1.0,-1.0,-1.0,-1.0,-1.0,-1.0,-1.0,-1.0,-1.0,-1.0,-1.0,-1.0,-1.0,-1.0,-1.0,-1.0,-1.0,-1.0,-1.0,-1.0,-1.0,-1.0,-1.0,-1.0,-1.0,-1.0,-1.0,-1.0,-1.0,-1.0,-1.0,-1.0,-1.0,-1.0,-1.0,-1.0,-1.0,-1.0,-1.0,-1.0,-1.0,-1.0,-1.0,-1.0,-1.0,-1.0,-1.0,-1.0,-1.0,-1.0,-1.0,-1.0,-1.0,-1.0,-1.0,-1.0,-1.0,-1.0,-1.0,-1.0,-1.0,-1.0,-1.0,-1.0,-1.0,-1.0,-1.0,-1.0,-1.0,-1.0,-1.0,-1.0,-1.0,-1.0,-1.0,-1.0,-1.0
-1.0,-1.0,-1.0,-1.0,-1.0,-1.0,-1.0,-1.0,-1.0,-1.0,-1.0,-1.0,-1.0,-1.0,-1.0,-1.0,1.0,1.0,-1.0,-1.0,-1.0,1.0,1.0,1.0,1.0,1.0,1.0,1.0,1.0,1.0,1.0,1.0,1.0,1.0,1.0,1.0,1.0,1.0,1.0,1.0,1.0,1.0,1.0,1.0,1.0,1.0,1.0,1.0,1.0,1.0,1.0,1.0,1.0,1.0,1.0,1.0,1.0,-1.0,-1.0,-1.0,-1.0,-1.0,-1.0,1.0,1.0,-1.0,-1.0,-1.0,-1.0,-1.0,1.0,1.0,1.0,1.0,-1.0,-1.0,-1.0,-1.0,-1.0,-1.0,-1.0,-1.0,-1.0,-1.0,-1.0,-1.0,-1.0,-1.0,-1.0,-1.0,-1.0,-1.0,-1.0,-1.0,-1.0,-1.0,-1.0,-1.0,-1.0,-1.0,-1.0,-1.0,-1.0,-1.0,-1.0,-1.0,-1.0,-1.0,1.0,-1.0,-1.0,-1.0,-1.0,-1.0,-1.0,-1.0,-1.0,-1.0,-1.0,-1.0,-1.0,-1.0,-1.0,-1.0,-1.0,-1.0,-1.0,-1.0,-1.0,-1.0,-1.0,-1.0,-1.0,-1.0,-1.0,-1.0,-1.0,-1.0,-1.0,-1.0,-1.0,-1.0,-1.0,-1.0,-1.0,-1.0,-1.0,-1.0,-1.0,-1.0,-1.0,-1.0,-1.0,-1.0,-1.0,-1.0,-1.0,-1.0,-1.0,-1.0,-1.0,-1.0,-1.0,-1.0,-1.0,-1.0,-1.0,-1.0,-1.0,-1.0,-1.0,-1.0,-1.0,-1.0,-1.0,-1.0,-1.0,-1.0,-1.0,-1.0,-1.0,-1.0,-1.0,-1.0,-1.0,-1.0,-1.0,-1.0,-1.0,-1.0,-1.0,-1.0,-1.0,-1.0,-1.0,-1.0,-1.0,-1.0,-1.0,-1.0,-1.0,-1.0,-1.0,-1.0,-1.0,-1.0,-1.0,-1.0,-1.0,-1.0,-1.0,-1.0,-1.0,-1.0,-1.0,-1.0,-1.0,-1.0,-1.0,-1.0,-1.0,-1.0,-1.0,-1.0,-1.0,-1.0,-1.0,-1.0,1.0,1.0,1.0,1.0,1.0,1.0,-1.0,-1.0,-1.0,-1.0,-1.0,-1.0,-1.0,-1.0,-1.0,-1.0,-1.0,-1.0,-1.0,-1.0,-1.0,-1.0,-1.0,-1.0,-1.0,-1.0,-1.0,-1.0,-1.0,-1.0,-1.0,-1.0,-1.0,-1.0,-1.0,-1.0,-1.0,-1.0,-1.0,-1.0,-1.0,-1.0,-1.0,-1.0,-1.0,-1.0,-1.0,-1.0,-1.0,-1.0,-1.0,1.0,1.0,1.0,1.0,1.0,1.0,1.0,1.0,1.0,1.0,1.0,1.0,1.0,-1.0,-1.0,-1.0,-1.0,-1.0,-1.0,-1.0,-1.0,1.0,1.0
-1.0,-1.0,-1.0,-1.0,-1.0,-1.0,-1.0,-1.0,-1.0,-1.0,-1.0,-1.0,-1.0,-1.0,-1.0,-1.0,-1.0,-1.0,-1.0,-1.0,-1.0,-1.0,-1.0,-1.0,-1.0,-1.0,-1.0,-1.0,-1.0,-1.0,-1.0,-1.0,-1.0,-1.0,-1.0,-1.0,-1.0,-1.0,-1.0,-1.0,-1.0,-1.0,-1.0,-1.0,-1.0,-1.0,-1.0,-1.0,-1.0,-1.0,-1.0,-1.0,-1.0,-1.0,-1.0,-1.0,-1.0,-1.0,-1.0,-1.0,-1.0,-1.0,-1.0,-1.0,-1.0,-1.0,-1.0,-1.0,-1.0,-1.0,-1.0,-1.0,-1.0,-1.0,-1.0,-1.0,-1.0,-1.0,-1.0,-1.0,-1.0,-1.0,-1.0,-1.0,-1.0,-1.0,-1.0,-1.0,-1.0,-1.0,-1.0,-1.0,-1.0,-1.0,-1.0,-1.0,-1.0,-1.0,-1.0,-1.0,-1.0,-1.0,-1.0,-1.0,-1.0,-1.0,-1.0,-1.0,-1.0,-1.0,-1.0,-1.0,-1.0,-1.0,-1.0,-1.0,-1.0,-1.0,-1.0,-1.0,-1.0,-1.0,-1.0,-1.0,-1.0,-1.0,-1.0,-1.0,-1.0,-1.0,-1.0,-1.0,-1.0,-1.0,-1.0,-1.0,-1.0,-1.0,-1.0,-1.0,-1.0,-1.0,-1.0,-1.0,-1.0,-1.0,-1.0,-1.0,-1.0,-1.0,-1.0,-1.0,-1.0,-1.0,-1.0,-1.0,-1.0,-1.0,-1.0,-1.0,-1.0,-1.0,-1.0,-1.0,-1.0,-1.0,-1.0,-1.0,-1.0,-1.0,-1.0,-1.0,-1.0,-1.0,-1.0,-1.0,-1.0,-1.0,-1.0,-1.0,-1.0,-1.0,-1.0,-1.0,-1.0,-1.0,-1.0,-1.0,-1.0,-1.0,-1.0,-1.0,-1.0,-1.0,-1.0,-1.0,-1.0,-1.0,-1.0,-1.0,-1.0,-1.0,-1.0,-1.0,-1.0,-1.0,-1.0,-1.0,-1.0,-1.0,-1.0,-1.0,-1.0,-1.0,-1.0,-1.0,-1.0,-1.0,-1.0,-1.0,-1.0,-1.0,-1.0,-1.0,-1.0,-1.0,-1.0,-1.0,-1.0,-1.0,-1.0,-1.0,-1.0,-1.0,-1.0,-1.0,-1.0,-1.0,-1.0,-1.0,-1.0,-1.0,-1.0,-1.0,-1.0,-1.0,-1.0,-1.0,-1.0,-1.0,-1.0,-1.0,-1.0,-1.0,-1.0,-1.0,-1.0,-1.0,-1.0,-1.0,-1.0,-1.0,-1.0,-1.0,-1.0,-1.0,-1.0,-1.0,-1.0,-1.0,-1.0,-1.0,-1.0,-1.0,-1.0,-1.0,-1.0,-1.0,-1.0,-1.0,-1.0,-1.0,-1.0,-1.0,-1.0,-1.0,-1.0,-1.0,-1.0,-1.0,-1.0,-1.0,-1.0,-1.0,-1.0,-1.0,-1.0,-1.0,-1.0,-1.0,-1.0,-1.0
-1.0,-1.0,-1.0,-1.0,-1.0,-1.0,-1.0,-1.0,-1.0,-1.0,-1.0,-1.0,-1.0,-1.0,-1.0,-1.0,-1.0,-1.0,-1.0,-1.0,-1.0,-1.0,-1.0,-1.0,-1.0,-1.0,-1.0,-1.0,-1.0,-1.0,-1.0,-1.0,-1.0,-1.0,-1.0,-1.0,-1.0,-1.0,-1.0,-1.0,-1.0,-1.0,-1.0,-1.0,-1.0,-1.0,-1.0,-1.0,-1.0,-1.0,-1.0,-1.0,-1.0,-1.0,-1.0,-1.0,-1.0,-1.0,-1.0,-1.0,-1.0,-1.0,-1.0,-1.0,-1.0,-1.0,-1.0,-1.0,-1.0,-1.0,-1.0,-1.0,-1.0,-1.0,-1.0,-1.0,-1.0,-1.0,-1.0,-1.0,-1.0,-1.0,-1.0,-1.0,-1.0,-1.0,-1.0,-1.0,-1.0,-1.0,-1.0,-1.0,-1.0,-1.0,-1.0,-1.0,-1.0,-1.0,-1.0,-1.0,-1.0,-1.0,-1.0,-1.0,-1.0,-1.0,-1.0,-1.0,-1.0,-1.0,-1.0,-1.0,-1.0,-1.0,-1.0,-1.0,-1.0,-1.0,-1.0,-1.0,-1.0,-1.0,-1.0,-1.0,-1.0,-1.0,-1.0,-1.0,-1.0,-1.0,-1.0,-1.0,-1.0,-1.0,-1.0,-1.0,-1.0,-1.0,-1.0,-1.0,-1.0,-1.0,-1.0,-1.0,-1.0,-1.0,-1.0,-1.0,-1.0,-1.0,-1.0,-1.0,-1.0,-1.0,-1.0,-1.0,-1.0,-1.0,-1.0,-1.0,-1.0,-1.0,-1.0,-1.0,-1.0,-1.0,-1.0,-1.0,-1.0,-1.0,-1.0,-1.0,-1.0,-1.0,-1.0,-1.0,-1.0,-1.0,-1.0,-1.0,-1.0,-1.0,-1.0,-1.0,-1.0,-1.0,-1.0,-1.0,-1.0,-1.0,-1.0,-1.0,-1.0,-1.0,-1.0,-1.0,-1.0,-1.0,-1.0,-1.0,-1.0,-1.0,-1.0,-1.0,-1.0,-1.0,-1.0,-1.0,-1.0,-1.0,-1.0,-1.0,-1.0,-1.0,-1.0,-1.0,-1.0,-1.0,-1.0,-1.0,-1.0,-1.0,-1.0,-1.0,-1.0,-1.0,-1.0,-1.0,-1.0,-1.0,-1.0,-1.0,-1.0,-1.0,-1.0,-1.0,-1.0,-1.0,-1.0,-1.0,-1.0,-1.0,-1.0,-1.0,-1.0,-1.0,-1.0,-1.0,-1.0,1.0,-1.0,-1.0,-1.0,-1.0,-1.0,1.0,-1.0,-1.0,-1.0,-1.0,-1.0,-1.0,-1.0,-1.0,-1.0,-1.0,-1.0,-1.0,-1.0,-1.0,-1.0,-1.0,-1.0,-1.0,-1.0,-1.0,-1.0,-1.0,-1.0,-1.0,-1.0,-1.0,-1.0,-1.0,-1.0,-1.0,-1.0,-1.0,-1.0,-1.0,-1.0,-1.0,-1.0,-1.0,-1.0,-1.0,-1.0,-1.0,-1.0,-1.0,-1.0,-1.0
-1.0,-1.0,-1.0,-1.0,-1.0,-1.0,-1.0,-1.0,-1.0,-1.0,-1.0,-1.0,-1.0,-1.0,-1.0,-1.0,-1.0,-1.0,-1.0,-1.0,-1.0,-1.0,-1.0,-1.0,-1.0,-1.0,-1.0,-1.0,-1.0,-1.0,-1.0,-1.0,-1.0,-1.0,-1.0,-1.0,-1.0,-1.0,-1.0,-1.0,-1.0,-1.0,-1.0,-1.0,-1.0,-1.0,-1.0,-1.0,-1.0,-1.0,-1.0,-1.0,-1.0,-1.0,-1.0,-1.0,-1.0,-1.0,-1.0,-1.0,-1.0,-1.0,-1.0,-1.0,-1.0,-1.0,-1.0,-1.0,-1.0,-1.0,-1.0,-1.0,-1.0,-1.0,-1.0,-1.0,-1.0,-1.0,-1.0,-1.0,-1.0,-1.0,-1.0,-1.0,-1.0,-1.0,-1.0,-1.0,-1.0,-1.0,-1.0,-1.0,-1.0,-1.0,-1.0,-1.0,-1.0,-1.0,-1.0,-1.0,-1.0,-1.0,-1.0,-1.0,-1.0,-1.0,-1.0,-1.0,-1.0,-1.0,-1.0,-1.0,-1.0,-1.0,-1.0,-1.0,-1.0,-1.0,-1.0,-1.0,-1.0,-1.0,-1.0,-1.0,-1.0,-1.0,-1.0,-1.0,-1.0,-1.0,-1.0,-1.0,-1.0,-1.0,-1.0,-1.0,-1.0,-1.0,-1.0,-1.0,-1.0,-1.0,-1.0,-1.0,-1.0,-1.0,-1.0,-1.0,-1.0,-1.0,-1.0,-1.0,-1.0,-1.0,-1.0,-1.0,-1.0,-1.0,-1.0,-1.0,-1.0,-1.0,-1.0,-1.0,-1.0,-1.0,-1.0,-1.0,-1.0,-1.0,-1.0,-1.0,-1.0,-1.0,-1.0,-1.0,-1.0,-1.0,-1.0,-1.0,-1.0,-1.0,-1.0,-1.0,-1.0,-1.0,-1.0,-1.0,-1.0,-1.0,-1.0,-1.0,-1.0,-1.0,-1.0,-1.0,-1.0,-1.0,-1.0,-1.0,-1.0,-1.0,-1.0,-1.0,-1.0,-1.0,-1.0,-1.0,-1.0,-1.0,-1.0,-1.0,-1.0,-1.0,-1.0,-1.0,-1.0,-1.0,-1.0,-1.0,-1.0,-1.0,-1.0,-1.0,-1.0,-1.0,-1.0,-1.0,-1.0,-1.0,-1.0,-1.0,-1.0,-1.0,-1.0,-1.0,-1.0,-1.0,-1.0,-1.0,-1.0,-1.0,-1.0,-1.0,-1.0,-1.0,-1.0,-1.0,-1.0,-1.0,-1.0,-1.0,-1.0,-1.0,-1.0,-1.0,-1.0,-1.0,-1.0,-1.0,-1.0,-1.0,-1.0,-1.0,-1.0,-1.0,-1.0,-1.0,-1.0,-1.0,-1.0,-1.0,-1.0,-1.0,-1.0,-1.0,-1.0,-1.0,-1.0,-1.0,-1.0,-1.0,-1.0,-1.0,-1.0,-1.0,-1.0,-1.0,-1.0,-1.0,-1.0,-1.0,-1.0,-1.0,-1.0,-1.0,-1.0,-1.0,-1.0,-1.0,-1.0,-1.0
-1.0,-1.0,-1.0,-1.0,-1.0,-1.0,-1.0,-1.0,-1.0,-1.0,-1.0,-1.0,-1.0,-1.0,-1.0,-1.0,-1.0,-1.0,-1.0,-1.0,-1.0,-1.0,-1.0,-1.0,-1.0,-1.0,-1.0,-1.0,-1.0,-1.0,-1.0,-1.0,-1.0,-1.0,-1.0,-1.0,-1.0,-1.0,-1.0,-1.0,-1.0,-1.0,-1.0,-1.0,-1.0,-1.0,-1.0,-1.0,-1.0,-1.0,-1.0,-1.0,-1.0,-1.0,-1.0,-1.0,-1.0,-1.0,-1.0,-1.0,-1.0,-1.0,-1.0,-1.0,-1.0,-1.0,-1.0,-1.0,-1.0,-1.0,-1.0,-1.0,-1.0,-1.0,-1.0,-1.0,-1.0,-1.0,-1.0,-1.0,-1.0,-1.0,-1.0,-1.0,-1.0,-1.0,-1.0,-1.0,-1.0,-1.0,-1.0,-1.0,-1.0,-1.0,-1.0,-1.0,-1.0,-1.0,-1.0,-1.0,-1.0,-1.0,-1.0,-1.0,-1.0,-1.0,-1.0,-1.0,-1.0,-1.0,-1.0,-1.0,-1.0,-1.0,-1.0,-1.0,-1.0,-1.0,-1.0,-1.0,-1.0,-1.0,-1.0,-1.0,-1.0,-1.0,-1.0,-1.0,-1.0,-1.0,-1.0,-1.0,-1.0,-1.0,-1.0,-1.0,-1.0,-1.0,-1.0,-1.0,-1.0,-1.0,-1.0,-1.0,-1.0,-1.0,-1.0,-1.0,-1.0,-1.0,-1.0,-1.0,-1.0,-1.0,-1.0,-1.0,-1.0,-1.0,-1.0,-1.0,-1.0,-1.0,-1.0,-1.0,-1.0,-1.0,-1.0,-1.0,-1.0,-1.0,-1.0,-1.0,-1.0,-1.0,-1.0,-1.0,-1.0,-1.0,-1.0,-1.0,-1.0,-1.0,-1.0,-1.0,-1.0,-1.0,-1.0,-1.0,-1.0,-1.0,-1.0,-1.0,-1.0,-1.0,-1.0,-1.0,-1.0,-1.0,-1.0,-1.0,-1.0,-1.0,-1.0,-1.0,-1.0,-1.0,-1.0,-1.0,-1.0,-1.0,-1.0,-1.0,-1.0,-1.0,-1.0,-1.0,-1.0,-1.0,-1.0,-1.0,-1.0,-1.0,-1.0,-1.0,-1.0,-1.0,-1.0,-1.0,-1.0,-1.0,-1.0,-1.0,-1.0,-1.0,-1.0,-1.0,-1.0,-1.0,-1.0,-1.0,-1.0,-1.0,-1.0,-1.0,-1.0,-1.0,-1.0,-1.0,-1.0,-1.0,-1.0,-1.0,-1.0,-1.0,-1.0,-1.0,-1.0,-1.0,-1.0,-1.0,-1.0,-1.0,-1.0,-1.0,-1.0,-1.0,-1.0,-1.0,-1.0,-1.0,-1.0,-1.0,-1.0,-1.0,-1.0,-1.0,-1.0,-1.0,-1.0,-1.0,-1.0,-1.0,-1.0,-1.0,-1.0,-1.0,-1.0,-1.0,-1.0,-1.0,-1.0,-1.0,-1.0,-1.0,-1.0,-1.0,-1.0,-1.0,-1.0,-1.0,-1.0,-1.0
-1.0,-1.0,-1.0,-1.0,-1.0,-1.0,-1.0,-1.0,-1.0,-1.0,-1.0,-1.0,-1.0,-1.0,-1.0,-1.0,-1.0,-1.0,-1.0,-1.0,-1.0,-1.0,-1.0,-1.0,-1.0,-1.0,-1.0,-1.0,-1.0,-1.0,-1.0,-1.0,-1.0,-1.0,-1.0,-1.0,-1.0,-1.0,-1.0,-1.0,-1.0,-1.0,-1.0,-1.0,-1.0,-1.0,-1.0,-1.0,-1.0,-1.0,-1.0,-1.0,-1.0,-1.0,-1.0,-1.0,-1.0,-1.0,-1.0,-1.0,-1.0,-1.0,-1.0,-1.0,-1.0,-1.0,-1.0,-1.0,-1.0,-1.0,-1.0,-1.0,-1.0,-1.0,-1.0,-1.0,-1.0,-1.0,-1.0,-1.0,-1.0,-1.0,-1.0,-1.0,-1.0,-1.0,-1.0,-1.0,-1.0,-1.0,-1.0,-1.0,-1.0,-1.0,-1.0,-1.0,-1.0,-1.0,-1.0,-1.0,-1.0,-1.0,-1.0,-1.0,-1.0,-1.0,-1.0,-1.0,-1.0,-1.0,-1.0,-1.0,-1.0,-1.0,-1.0,-1.0,-1.0,-1.0,-1.0,-1.0,-1.0,-1.0,-1.0,-1.0,-1.0,-1.0,-1.0,-1.0,-1.0,-1.0,-1.0,-1.0,-1.0,-1.0,-1.0,-1.0,-1.0,-1.0,-1.0,-1.0,-1.0,-1.0,-1.0,-1.0,-1.0,-1.0,-1.0,-1.0,-1.0,-1.0,-1.0,-1.0,-1.0,-1.0,-1.0,-1.0,-1.0,-1.0,-1.0,-1.0,-1.0,-1.0,-1.0,-1.0,-1.0,-1.0,-1.0,-1.0,-1.0,-1.0,-1.0,-1.0,-1.0,-1.0,-1.0,-1.0,-1.0,-1.0,-1.0,-1.0,-1.0,-1.0,-1.0,-1.0,-1.0,-1.0,-1.0,-1.0,-1.0,-1.0,-1.0,-1.0,-1.0,-1.0,-1.0,-1.0,-1.0,-1.0,-1.0,-1.0,-1.0,-1.0,-1.0,-1.0,-1.0,-1.0,-1.0,-1.0,-1.0,-1.0,-1.0,-1.0,-1.0,-1.0,-1.0,-1.0,-1.0,-1.0,-1.0,-1.0,-1.0,-1.0,-1.0,-1.0,-1.0,-1.0,-1.0,-1.0,-1.0,-1.0,-1.0,-1.0,-1.0,-1.0,-1.0,-1.0,-1.0,-1.0,-1.0,-1.0,-1.0,-1.0,-1.0,-1.0,-1.0,-1.0,-1.0,-1.0,-1.0,-1.0,-1.0,-1.0,-1.0,-1.0,-1.0,-1.0,-1.0,-1.0,-1.0,-1.0,-1.0,-1.0,-1.0,-1.0,-1.0,-1.0,-1.0,-1.0,-1.0,-1.0,-1.0,-1.0,-1.0,-1.0,-1.0,-1.0,-1.0,-1.0,-1.0,-1.0,-1.0,-1.0,-1.0,-1.0,-1.0,-1.0,-1.0,-1.0,-1.0,-1.0,-1.0,-1.0,-1.0,-1.0,-1.0,-1.0,-1.0,-1.0,-1.0,-1.0,-1.0,-1.0
0.0,1.0,1.0,1.0,1.0,1.0,1.0,1.0,1.0,1.0,1.0,1.0,1.0,1.0,1.0,1.0,1.0,1.0,1.0,1.0,1.0,1.0,1.0,1.0,1.0,1.0,1.0,1.0,1.0,1.0,1.0,1.0,1.0,1.0,1.0,1.0,1.0,1.0,1.0,1.0,1.0,1.0,1.0,1.0,1.0,1.0,1.0,1.0,1.0,1.0,1.0,1.0,1.0,1.0,1.0,1.0,1.0,1.0,1.0,1.0,1.0,1.0,1.0,1.0,1.0,1.0,1.0,1.0,1.0,1.0,1.0,1.0,1.0,1.0,1.0,1.0,1.0,1.0,1.0,1.0,1.0,1.0,1.0,1.0,1.0,1.0,1.0,1.0,1.0,1.0,1.0,1.0,1.0,1.0,1.0,1.0,1.0,1.0,1.0,1.0,1.0,1.0,1.0,1.0,1.0,1.0,1.0,1.0,1.0,1.0,1.0,1.0,1.0,1.0,1.0,1.0,1.0,1.0,1.0,1.0,1.0,1.0,1.0,1.0,1.0,1.0,1.0,1.0,1.0,1.0,1.0,1.0,1.0,1.0,1.0,1.0,1.0,1.0,1.0,1.0,1.0,1.0,1.0,1.0,1.0,1.0,1.0,1.0,1.0,1.0,1.0,1.0,1.0,1.0,1.0,1.0,1.0,1.0,1.0,1.0,1.0,1.0,1.0,1.0,1.0,1.0,1.0,1.0,1.0,1.0,1.0,1.0,1.0,1.0,1.0,1.0,1.0,1.0,1.0,1.0,1.0,1.0,1.0,1.0,1.0,1.0,1.0,1.0,1.0,1.0,1.0,1.0,1.0,1.0,1.0,1.0,1.0,1.0,1.0,1.0,1.0,1.0,1.0,1.0,1.0,1.0,1.0,1.0,1.0,1.0,1.0,1.0,1.0,1.0,1.0,1.0,1.0,1.0,1.0,1.0,1.0,1.0,1.0,1.0,1.0,1.0,1.0,1.0,1.0,1.0,1.0,1.0,1.0,1.0,1.0,1.0,1.0,1.0,1.0,1.0,1.0,1.0,1.0,1.0,1.0,1.0,1.0,1.0,1.0,1.0,1.0,1.0,1.0,1.0,1.0,1.0,1.0,1.0,1.0,1.0,1.0,1.0,1.0,1.0,1.0,1.0,1.0,1.0,1.0,1.0,1.0,1.0,1.0,1.0,1.0,1.0,1.0,1.0,1.0,1.0,1.0,1.0,1.0,1.0,1.0,1.0,1.0,1.0,1.0,1.0,1.0,1.0,1.0,1.0,1.0,1.0,1.0,1.0,1.0,1.0,1.0,1.0
0.0,1.0,0.0,0.0,0.0,0.0,0.0,0.0,0.0,0.0,0.0,0.0,1.0,0.0,0.0,0.0,0.0,0.0,0.0,0.0,0.0,0.0,0.0,0.0,0.0,0.0,0.0,0.0,0.0,0.0,0.0,0.0,0.0,0.0,0.0,0.0,0.0,0.0,0.0,0.0,0.0,0.0,0.0,0.0,0.0,0.0,0.0,0.0,0.0,0.0,0.0,0.0,0.0,0.0,0.0,0.0,0.0,0.0,0.0,0.0,0.0,0.0,0.0,0.0,0.0,0.0,0.0,0.0,0.0,0.0,0.0,0.0,0.0,0.0,0.0,0.0,0.0,0.0,0.0,0.0,0.0,0.0,0.0,0.0,0.0,0.0,0.0,0.0,0.0,0.0,0.0,0.0,0.0,0.0,0.0,0.0,0.0,0.0,0.0,0.0,0.0,0.0,0.0,0.0,0.0,0.0,0.0,0.0,0.0,0.0,0.0,0.0,0.0,0.0,0.0,0.0,0.0,0.0,0.0,0.0,0.0,0.0,0.0,0.0,0.0,0.0,0.0,0.0,0.0,0.0,0.0,0.0,0.0,0.0,0.0,0.0,0.0,0.0,0.0,0.0,0.0,0.0,0.0,0.0,0.0,0.0,0.0,0.0,0.0,0.0,0.0,0.0,0.0,0.0,0.0,0.0,0.0,0.0,0.0,0.0,0.0,0.0,0.0,0.0,0.0,0.0,0.0,0.0,0.0,0.0,0.0,0.0,0.0,0.0,0.0,0.0,0.0,0.0,0.0,0.0,0.0,0.0,0.0,0.0,0.0,0.0,0.0,0.0,0.0,0.0,0.0,0.0,0.0,0.0,0.0,0.0,0.0,0.0,0.0,0.0,0.0,0.0,0.0,0.0,0.0,0.0,0.0,0.0,0.0,0.0,0.0,0.0,0.0,0.0,0.0,0.0,0.0,0.0,0.0,0.0,0.0,0.0,0.0,0.0,0.0,0.0,0.0,0.0,0.0,0.0,0.0,0.0,0.0,0.0,0.0,0.0,0.0,0.0,0.0,0.0,0.0,0.0,0.0,0.0,0.0,0.0,0.0,0.0,0.0,0.0,0.0,0.0,0.0,0.0,0.0,0.0,0.0,0.0,0.0,0.0,0.0,0.0,0.0,0.0,0.0,0.0,0.0,0.0,0.0,0.0,0.0,0.0,0.0,0.0,0.0,0.0,0.0,0.0,0.0,0.0,0.0,0.0,0.0,0.0,0.0,0.0,0.0,0.0,0.0,0.0,0.0,0.0,0.0,0.0,0.0,0.0,0.0,0.0,0.0,0.0,0.0,0.0
0.0,-0.7052804283062044,-0.8293216630196937,-0.8293216630196937,-0.8293216630196937,-0.8293216630196937,-0.8293216630196937,-0.8293216630196937,-0.8293216630196937,-0.8293216630196937,-0.8293216630196937,-0.8293216630196937,-0.7052804283062044,0.7954070981210857,0.7954070981210857,0.27659574468085113,1.0,1.0,0.27659574468085113,0.27659574468085113,0.6643356643356644,0.8755980861244019,0.8755980861244019,0.8755980861244019,0.8755980861244019,0.8755980861244019,0.8755980861244019,0.8755980861244019,0.8755980861244019,0.8755980861244019,0.8755980861244019,0.8755980861244019,0.8755980861244019,0.8755980861244019,0.8755980861244019,0.8755980861244019,0.8755980861244019,0.8755980861244019,0.8755980861244019,0.7954070981210857,0.7954070981210857,0.7954070981210857,0.7954070981210857,0.7954070981210857,0.7954070981210857,0.7954070981210857,0.7954070981210857,0.7954070981210857,0.7954070981210857,0.7954070981210857,0.7954070981210857,0.7954070981210857,0.7954070981210857,0.7954070981210857,0.7954070981210857,0.7954070981210857,0.7954070981210857,-0.16723549488054612,-0.4476190476190476,0.05454545454545445,0.05454545454545445,-0.4476190476190476,-0.16723549488054612,-0.010638297872340385,-0.010638297872340385,1.0,1.0,-0.5047619047619047,-0.5047619047619047,-0.5047619047619047,-0.5047619047619047,-0.5047619047619047,-0.5047619047619047,-0.5047619047619047,-0.8090735434574976,-0.8715605493133582,-0.9057911908646004,-0.9057911908646004,-0.9057911908646004,-0.9057911908646004,-0.9057911908646004,-0.9057911908646004,-0.9057911908646004,-0.9057911908646004,-0.9057911908646004,-0.9057911908646004,-0.9057911908646004,-0.9057911908646004,-0.9057911908646004,-0.9057911908646004,-0.9057911908646004,-0.9057911908646004,-0.9057911908646004,-0.9057911908646004,-0.9057911908646004,-0.9057911908646004,-0.9057911908646004,-0.9057911908646004,-0.9057911908646004,-0.8715605493133582,-0.8715605493133582,-0.8715605493133582,-0.8715605493133582,-0.8715605493133582,-0.9057911908646004,-0.9057911908646004,-0.9057911908646004,-0.8715605493133582,-0.9057911908646004,-1.0,-1.0,-1.0,-0.9057911908646004,-0.9057911908646004,-0.9057911908646004,-0.9057911908646004,-0.9057911908646004,-0.9057911908646004,-0.9057911908646004,-0.9057911908646004,-0.9057911908646004,-0.9057911908646004,-0.9057911908646004,-0.9057911908646004,-0.9057911908646004,-0.8715605493133582,-0.9057911908646004,-0.9057911908646004,-0.9057911908646004,-0.9057911908646004,-0.9057911908646004,-0.9057911908646004,-0.9057911908646004,-0.9057911908646004,-0.8715605493133582,-0.9057911908646004,-0.9057911908646004,-0.9057911908646004,-0.9057911908646004,-0.9057911908646004,-0.9057911908646004,-0.9057911908646004,-0.9057911908646004,-0.9057911908646004,-0.9057911908646004,-0.9057911908646004,-0.8715605493133582,-0.9057911908646004,-0.9057911908646004,-0.9057911908646004,-0.9057911908646004,-0.9057911908646004,-0.9057911908646004,-0.8715605493133582,-0.8715605493133582,-0.9057911908646004,-0.9057911908646004,-0.9057911908646004,-0.9057911908646004,-0.9057911908646004,-0.9057911908646004,-0.9057911908646004,-0.9057911908646004,-0.9057911908646004,-0.9057911908646004,-0.9057911908646004,-0.9057911908646004,-0.9057911908646004,-0.9057911908646004,-0.9057911908646004,-0.9057911908646004,-0.8715605493133582,-0.8715605493133582,-0.9057911908646004,-0.9057911908646004,-0.9057911908646004,-0.9057911908646004,-0.9057911908646004,-0.8715605493133582,-0.8715605493133582,-0.9057911908646004,-0.9057911908646004,-0.9057911908646004,-0.9057911908646004,-0.9057911908646004,-0.9057911908646004,-0.8715605493133582,-0.9057911908646004,-0.9057911908646004,-0.9057911908646004,-0.8715605493133582,-0.8715605493133582,-0.8715605493133582,-0.9057911908646004,-0.9057911908646004,-0.9057911908646004,-0.8715605493133582,-0.8715605493133582,-0.8715605493133582,-0.9057911908646004,-0.9057911908646004,-0.9057911908646004,-0.9057911908646004,-0.9057911908646004,-0.9057911908646004,-0.9057911908646004,-0.8715605493133582,-0.9057911908646004,-0.9057911908646004,-0.9057911908646004,-0.8715605493133582,-0.9057911908646004,-0.9057911908646004,-0.9057911908646004,-0.8715605493133582,-0.8715605493133582,-0.9057911908646004,-0.9057911908646004,-0.9057911908646004,-0.8715605493133582,-0.8715605493133582,-0.8715605493133582,-0.8715605493133582,-0.8715605493133582,-0.8715605493133582,-0.8715605493133582,0.946236559139785,0.946236559139785,0.946236559139785,0.946236559139785,0.946236559139785,0.946236559139785,0.946236559139785,0.946236559139785,0.5584699453551913,1.0,1.0,1.0,1.0,1.0,1.0,1.0,1.0,1.0,1.0,-0.7309417040358744,-0.7309417040358744,-0.6721311475409837,-0.6721311475409837,-0.7309417040358744,-0.6721311475409837,-0.6721311475409837,-0.6721311475409837,-0.6721311475409837,-0.6721311475409837,-0.7309417040358744,-0.7582045890849255,0.6248062015503877,0.9540229885057472,0.9540229885057472,0.6248062015503877,0.9607843137254901,0.9607843137254901,0.6248062015503877,0.9578947368421054,0.9578947368421054,0.6248062015503877,0.95,0.95,0.6248062015503877,0.9466666666666668,0.9466666666666668,0.6248062015503877,0.6248062015503877,0.6248062015503877,0.6248062015503877,-0.030612244897959218,-0.030612244897959218,-0.7042849585611004,1.0,1.0,1.0,1.0,1.0,1.0,1.0,1.0,1.0,1.0,1.0,1.0,1.0,0.346938775510204,0.346938775510204,0.7837837837837838,0.7837837837837838,0.7837837837837838,0.7837837837837838,0.7837837837837838,-0.7042849585611004,-0.032258064516129004,-0.032258064516129004
0.0,-0.4775130935520587,-0.4775130935520587,-0.4775130935520587,-0.4775130935520587,-0.4775130935520587,-0.4775130935520587,-0.4775130935520587,-0.4775130935520587,-0.4775130935520587,-0.4775130935520587,-0.4775130935520587,-0.4775130935520587,0.04722599305560278,0.04722599305560278,-1.0022521801597202,-1.0022521801597202,-1.0022521801597202,-1.0022521801597202,-1.0022521801597202,0.04722599305560278,0.5719650796632643,0.5719650796632643,0.5719650796632643,0.5719650796632643,0.5719650796632643,0.5719650796632643,0.5719650796632643,0.5719650796632643,0.5719650796632643,0.5719650796632643,0.5719650796632643,0.5719650796632643,0.5719650796632643,0.5719650796632643,0.5719650796632643,0.5719650796632643,0.5719650796632643,0.5719650796632643,0.04722599305560278,0.04722599305560278,0.04722599305560278,0.04722599305560278,0.04722599305560278,0.04722599305560278,0.04722599305560278,0.04722599305560278,0.04722599305560278,0.04722599305560278,0.04722599305560278,0.04722599305560278,0.04722599305560278,0.04722599305560278,0.04722599305560278,0.04722599305560278,0.04722599305560278,0.04722599305560278,0.04722599305560278,0.04722599305560278,-0.4775130935520587,-0.4775130935520587,0.04722599305560278,0.04722599305560278,0.04722599305560278,0.04722599305560278,-0.4775130935520587,-0.4775130935520587,0.04722599305560278,0.04722599305560278,0.04722599305560278,0.04722599305560278,0.04722599305560278,0.04722599305560278,0.04722599305560278,-0.4775130935520587,-0.4775130935520587,-0.4775130935520587,-0.4775130935520587,-0.4775130935520587,-0.4775130935520587,-0.4775130935520587,-0.4775130935520587,-0.4775130935520587,-0.4775130935520587,-0.4775130935520587,-0.4775130935520587,-0.4775130935520587,-0.4775130935520587,-0.4775130935520587,-0.4775130935520587,-0.4775130935520587,-0.4775130935520587,-0.4775130935520587,-0.4775130935520587,-0.4775130935520587,-0.4775130935520587,-0.4775130935520587,-0.4775130935520587,-0.4775130935520587,-0.4775130935520587,-0.4775130935520587,-0.4775130935520587,-0.4775130935520587,-0.4775130935520587,-0.4775130935520587,-0.4775130935520587,-0.4775130935520587,-0.4775130935520587,-0.4775130935520587,-0.4775130935520587,-0.4775130935520587,-0.4775130935520587,-0.4775130935520587,-0.4775130935520587,-0.4775130935520587,-0.4775130935520587,-0.4775130935520587,-0.4775130935520587,-0.4775130935520587,-0.4775130935520587,-0.4775130935520587,-0.4775130935520587,-0.4775130935520587,-0.4775130935520587,-0.4775130935520587,-0.4775130935520587,-0.4775130935520587,-0.4775130935520587,-0.4775130935520587,-0.4775130935520587,-0.4775130935520587,-0.4775130935520587,-0.4775130935520587,-0.4775130935520587,-0.4775130935520587,-0.4775130935520587,-0.4775130935520587,-0.4775130935520587,-0.4775130935520587,-0.4775130935520587,-0.4775130935520587,-0.4775130935520587,-0.4775130935520587,-0.4775130935520587,-0.4775130935520587,-0.4775130935520587,-0.4775130935520587,-0.4775130935520587,-0.4775130935520587,-0.4775130935520587,-0.4775130935520587,-0.4775130935520587,-0.4775130935520587,-0.4775130935520587,-0.4775130935520587,-0.4775130935520587,-0.4775130935520587,-0.4775130935520587,-0.4775130935520587,-0.4775130935520587,-0.4775130935520587,-0.4775130935520587,-0.4775130935520587,-0.4775130935520587,-0.4775130935520587,-0.4775130935520587,-0.4775130935520587,-0.4775130935520587,-0.4775130935520587,-0.4775130935520587,-0.4775130935520587,-0.4775130935520587,-0.4775130935520587,-0.4775130935520587,-0.4775130935520587,-0.4775130935520587,-0.4775130935520587,-0.4775130935520587,-0.4775130935520587,-0.4775130935520587,-0.4775130935520587,-0.4775130935520587,-0.4775130935520587,-0.4775130935520587,-0.4775130935520587,-0.4775130935520587,-0.4775130935520587,-0.4775130935520587,-0.4775130935520587,-0.4775130935520587,-0.4775130935520587,-0.4775130935520587,-0.4775130935520587,-0.4775130935520587,-0.4775130935520587,-0.4775130935520587,-0.4775130935520587,-0.4775130935520587,-0.4775130935520587,-0.4775130935520587,-0.4775130935520587,-0.4775130935520587,-0.4775130935520587,-0.4775130935520587,-0.4775130935520587,-0.4775130935520587,-0.4775130935520587,-0.4775130935520587,-0.4775130935520587,-0.4775130935520587,-0.4775130935520587,-0.4775130935520587,-0.4775130935520587,-0.4775130935520587,-0.4775130935520587,-0.4775130935520587,-0.4775130935520587,-0.4775130935520587,-0.4775130935520587,-0.4775130935520587,-0.4775130935520587,-0.4775130935520587,-0.4775130935520587,-0.4775130935520587,-0.4775130935520587,-0.4775130935520587,-0.4775130935520587,-0.4775130935520587,-0.4775130935520587,-0.4775130935520587,-0.4775130935520587,-0.4775130935520587,-0.4775130935520587,-0.4775130935520587,-0.4775130935520587,-0.4775130935520587,-0.4775130935520587,-0.4775130935520587,-0.4775130935520587,-0.4775130935520587,-0.4775130935520587,-0.4775130935520587,-0.4775130935520587,-0.4775130935520587,-0.4775130935520587,-0.4775130935520587,-0.4775130935520587,-0.4775130935520587,-0.4775130935520587,-0.4775130935520587,-0.4775130935520587,-0.4775130935520587,-0.4775130935520587,-0.4775130935520587,-0.4775130935520587,-0.4775130935520587,-0.4775130935520587,-0.4775130935520587,-0.4775130935520587,-0.4775130935520587,-0.4775130935520587,0.04722599305560278,0.04722599305560278,-0.4775130935520587,0.04722599305560278,0.04722599305560278,-0.4775130935520587,-0.4775130935520587,-0.4775130935520587,-0.4775130935520587,-0.4775130935520587,-0.4775130935520587,-0.4775130935520587,-0.4775130935520587,-0.4775130935520587,-0.4775130935520587,-0.4775130935520587,-0.4775130935520587,-0.4775130935520587,0.04722599305560278,0.04722599305560278,0.04722599305560278,0.04722599305560278,0.04722599305560278,0.04722599305560278,0.04722599305560278,0.04722599305560278,0.04722599305560278,0.04722599305560278,0.04722599305560278,0.04722599305560278,0.04722599305560278,-0.4775130935520587,-0.4775130935520587,0.04722599305560278,0.04722599305560278,0.04722599305560278,0.04722599305560278,0.04722599305560278,-0.4775130935520587,0.04722599305560278,0.04722599305560278
0.0,1.0,1.0,1.0,1.0,1.0,1.0,1.0,1.0,1.0,1.0,1.0,1.0,1.0,1.0,1.0,1.0,1.0,1.0,1.0,1.0,-1.0,-1.0,-1.0,-1.0,-1.0,-1.0,-1.0,-1.0,-1.0,-1.0,-1.0,-1.0,-1.0,-1.0,-1.0,-1.0,-1.0,-1.0,1.0,1.0,1.0,1.0,1.0,1.0,1.0,1.0,1.0,1.0,1.0,1.0,1.0,1.0,1.0,1.0,1.0,1.0,1.0,1.0,-1.0,-1.0,1.0,1.0,1.0,1.0,1.0,1.0,1.0,1.0,1.0,1.0,1.0,1.0,1.0,1.0,1.0,1.0,1.0,1.0,1.0,1.0,1.0,1.0,1.0,1.0,1.0,1.0,1.0,1.0,1.0,1.0,1.0,1.0,1.0,1.0,1.0,1.0,1.0,1.0,1.0,1.0,1.0,1.0,1.0,1.0,1.0,1.0,1.0,1.0,1.0,1.0,1.0,1.0,1.0,1.0,1.0,1.0,1.0,1.0,1.0,1.0,1.0,1.0,1.0,1.0,1.0,1.0,1.0,1.0,1.0,1.0,1.0,1.0,1.0,1.0,1.0,1.0,1.0,1.0,1.0,1.0,1.0,1.0,1.0,1.0,1.0,1.0,1.0,1.0,1.0,1.0,1.0,1.0,1.0,1.0,1.0,1.0,1.0,1.0,1.0,1.0,1.0,1.0,1.0,1.0,1.0,1.0,1.0,1.0,1.0,1.0,1.0,1.0,1.0,1.0,1.0,1.0,1.0,1.0,1.0,1.0,1.0,1.0,1.0,1.0,1.0,1.0,1.0,1.0,1.0,1.0,1.0,1.0,1.0,1.0,1.0,1.0,1.0,1.0,1.0,1.0,1.0,1.0,1.0,1.0,1.0,1.0,1.0,1.0,1.0,1.0,1.0,1.0,1.0,1.0,1.0,1.0,1.0,1.0,1.0,1.0,1.0,1.0,1.0,1.0,1.0,1.0,1.0,1.0,1.0,1.0,1.0,1.0,1.0,1.0,1.0,1.0,1.0,1.0,1.0,1.0,1.0,1.0,1.0,1.0,1.0,1.0,1.0,1.0,1.0,1.0,1.0,1.0,1.0,1.0,1.0,1.0,1.0,1.0,1.0,1.0,1.0,1.0,1.0,1.0,1.0,1.0,1.0,1.0,1.0,1.0,1.0,1.0,1.0,1.0,1.0,1.0,1.0,1.0,1.0,1.0,1.0,1.0,1.0,1.0,1.0,1.0,1.0,1.0,1.0,1.0,1.0,1.0,1.0,1.0,1.0,1.0,1.0,1.0,1.0,1.0,1.0
0.0,-0.10540170059024219,-0.7249320161096005,-0.7249320161096005,-0.7249320161096005,-0.7249320161096005,-0.7249320161096005,-0.7249320161096005,-0.7249320161096005,-0.7249320161096005,-0.7249320161096005,-0.7249320161096005,-0.10540170059024219,-2.1772669037870576,-2.1772669037870576,-0.8109875735775016,-0.2659690429474603,-0.2659690429474603,-0.8109875735775016,-0.8109875735775016,-2.0285821632829135,-2.446043165467626,-2.446043165467626,-2.446043165467626,-2.446043165467626,-2.446043165467626,-2.446043165467626,-2.446043165467626,-2.446043165467626,-2.446043165467626,-2.446043165467626,-2.446043165467626,-2.446043165467626,-2.446043165467626,-2.446043165467626,-2.446043165467626,-2.446043165467626,-2.446043165467626,-2.446043165467626,-2.1772669037870576,-2.1772669037870576,-2.1772669037870576,-2.1772669037870576,-2.1772669037870576,-2.1772669037870576,-2.1772669037870576,-2.1772669037870576,-2.1772669037870576,-2.1772669037870576,-2.1772669037870576,-2.1772669037870576,-2.1772669037870576,-2.1772669037870576,-2.1772669037870576,-2.1772669037870576,-2.1772669037870576,-2.1772669037870576,-1.356006104207543,-2.061324202669949,-2.446043165467626,-2.446043165467626,-2.061324202669949,-1.356006104207543,-0.9692187598894492,-0.9692187598894492,-0.2659690429474603,-0.2659690429474603,-1.6285153695225636,-1.6285153695225636,-1.6285153695225636,-1.6285153695225636,-1.6285153695225636,-1.6285153695225636,-1.6285153695225636,0.020241805539824236,0.025474463317328985,0.05209449739625479,0.05209449739625479,0.05209449739625479,0.05209449739625479,0.05209449739625479,0.05209449739625479,0.05209449739625479,0.05209449739625479,0.05209449739625479,0.05209449739625479,0.05209449739625479,0.05209449739625479,0.05209449739625479,0.05209449739625479,0.05209449739625479,0.05209449739625479,0.05209449739625479,0.05209449739625479,0.05209449739625479,0.05209449739625479,0.05209449739625479,0.05209449739625479,0.05209449739625479,0.025474463317328985,0.025474463317328985,0.025474463317328985,0.025474463317328985,0.025474463317328985,0.05209449739625479,0.05209449739625479,0.05209449739625479,0.025474463317328985,0.05209449739625479,0.016158196437502374,0.016158196437502374,0.016158196437502374,0.05209449739625479,0.05209449739625479,0.05209449739625479,0.05209449739625479,0.05209449739625479,0.05209449739625479,0.05209449739625479,0.05209449739625479,0.05209449739625479,0.05209449739625479,0.05209449739625479,0.05209449739625479,0.05209449739625479,0.025474463317328985,0.05209449739625479,0.05209449739625479,0.05209449739625479,0.05209449739625479,0.05209449739625479,0.05209449739625479,0.05209449739625479,0.05209449739625479,0.025474463317328985,0.05209449739625479,0.05209449739625479,0.05209449739625479,0.05209449739625479,0.05209449739625479,0.05209449739625479,0.05209449739625479,0.05209449739625479,0.05209449739625479,0.05209449739625479,0.05209449739625479,0.025474463317328985,0.05209449739625479,0.05209449739625479,0.05209449739625479,0.05209449739625479,0.05209449739625479,0.05209449739625479,0.025474463317328985,0.025474463317328985,0.05209449739625479,0.05209449739625479,0.05209449739625479,0.05209449739625479,0.05209449739625479,0.05209449739625479,0.05209449739625479,0.05209449739625479,0.05209449739625479,0.05209449739625479,0.05209449739625479,0.05209449739625479,0.05209449739625479,0.05209449739625479,0.05209449739625479,0.05209449739625479,0.025474463317328985,0.025474463317328985,0.05209449739625479,0.05209449739625479,0.05209449739625479,0.05209449739625479,0.05209449739625479,0.025474463317328985,0.025474463317328985,0.05209449739625479,0.05209449739625479,0.05209449739625479,0.05209449739625479,0.05209449739625479,0.05209449739625479,0.025474463317328985,0.05209449739625479,0.05209449739625479,0.05209449739625479,0.025474463317328985,0.025474463317328985,0.025474463317328985,0.05209449739625479,0.05209449739625479,0.05209449739625479,0.025474463317328985,0.025474463317328985,0.025474463317328985,0.05209449739625479,0.05209449739625479,0.05209449739625479,0.05209449739625479,0.05209449739625479,0.05209449739625479,0.05209449739625479,0.025474463317328985,0.05209449739625479,0.05209449739625479,0.05209449739625479,0.025474463317328985,0.05209449739625479,0.05209449739625479,0.05209449739625479,0.025474463317328985,0.025474463317328985,0.05209449739625479,0.05209449739625479,0.05209449739625479,0.025474463317328985,0.025474463317328985,0.025474463317328985,0.025474463317328985,0.025474463317328985,0.025474463317328985,0.025474463317328985,-1.079429536425134,-1.079429536425134,-1.079429536425134,-1.079429536425134,-1.079429536425134,-1.079429536425134,-1.079429536425134,-1.079429536425134,-0.08537118664401445,0.03822734624140017,0.03822734624140017,0.03822734624140017,0.03822734624140017,0.03822734624140017,0.03822734624140017,0.03822734624140017,0.03822734624140017,0.03822734624140017,0.03822734624140017,-0.38070978623799534,-0.38070978623799534,-0.5472689297242557,-0.5472689297242557,-0.38070978623799534,-0.5472689297242557,-0.5472689297242557,-0.5472689297242557,-0.5472689297242557,-0.5472689297242557,-0.38070978623799534,-0.027750951547313683,-0.9673841954104699,-1.676605239872273,-1.676605239872273,-0.9673841954104699,-1.2197514715500326,-1.2197514715500326,-0.9673841954104699,-0.8109875735775016,-0.8109875735775016,-0.9673841954104699,-1.1379986919555263,-1.1379986919555263,-0.9673841954104699,-1.0445669438475194,-1.0445669438475194,-0.9673841954104699,-0.9673841954104699,-0.9673841954104699,-0.9673841954104699,-0.3905447070914697,-0.3905447070914697,-0.0925092574304849,-1.602143505137239,-1.602143505137239,-1.602143505137239,-1.602143505137239,-1.602143505137239,-1.602143505137239,-1.602143505137239,-1.602143505137239,-1.602143505137239,-1.602143505137239,-1.602143505137239,-1.602143505137239,-1.602143505137239,-2.0826974783809313,-2.0826974783809313,-1.7920209287115763,-1.7920209287115763,-1.7920209287115763,-1.7920209287115763,-1.7920209287115763,-0.0925092574304849,-1.1379986919555263,-1.1379986919555263
0.0,1.0,-1.0,-1.0,-1.0,-1.0,-1.0,-1.0,-1.0,-1.0,-1.0,-1.0,1.0,-1.0,-1.0,-1.0,-1.0,-1.0,-1.0,-1.0,-1.0,-1.0,-1.0,-1.0,-1.0,-1.0,-1.0,-1.0,-1.0,-1.0,-1.0,-1.0,-1.0,-1.0,-1.0,-1.0,-1.0,-1.0,-1.0,-1.0,-1.0,-1.0,-1.0,-1.0,-1.0,-1.0,-1.0,-1.0,-1.0,-1.0,-1.0,-1.0,-1.0,-1.0,-1.0,-1.0,-1.0,1.0,1.0,1.0,1.0,1.0,1.0,-1.0,-1.0,-1.0,-1.0,-1.0,-1.0,-1.0,-1.0,-1.0,-1.0,-1.0,1.0,1.0,1.0,1.0,1.0,1.0,1.0,1.0,1.0,1.0,1.0,1.0,1.0,1.0,1.0,1.0,1.0,1.0,1.0,1.0,1.0,1.0,1.0,1.0,1.0,1.0,1.0,1.0,1.0,1.0,1.0,1.0,1.0,1.0,1.0,-1.0,-1.0,-1.0,1.0,1.0,1.0,1.0,1.0,1.0,1.0,1.0,1.0,1.0,1.0,1.0,1.0,1.0,1.0,1.0,1.0,1.0,1.0,1.0,1.0,1.0,1.0,1.0,1.0,1.0,1.0,1.0,1.0,1.0,1.0,1.0,1.0,1.0,1.0,1.0,1.0,1.0,1.0,1.0,1.0,1.0,1.0,1.0,1.0,1.0,1.0,1.0,1.0,1.0,1.0,1.0,1.0,1.0,1.0,1.0,1.0,1.0,1.0,1.0,1.0,1.0,1.0,1.0,1.0,1.0,1.0,1.0,1.0,1.0,1.0,1.0,1.0,1.0,1.0,1.0,1.0,1.0,1.0,1.0,1.0,1.0,1.0,1.0,1.0,1.0,1.0,1.0,1.0,1.0,1.0,1.0,1.0,1.0,1.0,1.0,1.0,1.0,1.0,1.0,1.0,1.0,1.0,1.0,1.0,1.0,1.0,1.0,1.0,1.0,1.0,1.0,1.0,1.0,-1.0,-1.0,-1.0,-1.0,-1.0,-1.0,-1.0,-1.0,-1.0,-1.0,-1.0,-1.0,-1.0,-1.0,-1.0,-1.0,-1.0,-1.0,-1.0,-1.0,-1.0,-1.0,-1.0,-1.0,-1.0,-1.0,-1.0,-1.0,-1.0,-1.0,1.0,1.0,1.0,1.0,1.0,1.0,1.0,1.0,1.0,1.0,1.0,1.0,1.0,1.0,1.0,1.0,1.0,1.0,1.0,1.0,1.0,1.0,1.0,-1.0,-1.0,-1.0,-1.0,-1.0,-1.0,-1.0,-1.0,-1.0,-1.0,-1.0,-1.0,-1.0,1.0,1.0,1.0,1.0,1.0,1.0,1.0,1.0,-1.0,-1.0
0.0,1.0,-1.0,-1.0,-1.0,-1.0,-1.0,-1.0,-1.0,-1.0,-1.0,-1.0,1.0,-1.0,-1.0,-1.0,-1.0,-1.0,-1.0,-1.0,-1.0,-1.0,-1.0,-1.0,-1.0,-1.0,-1.0,-1.0,-1.0,-1.0,-1.0,-1.0,-1.0,-1.0,-1.0,-1.0,-1.0,-1.0,-1.0,-1.0,-1.0,-1.0,-1.0,-1.0,-1.0,-1.0,-1.0,-1.0,-1.0,-1.0,-1.0,-1.0,-1.0,-1.0,-1.0,-1.0,-1.0,-1.0,-1.0,-1.0,-1.0,-1.0,-1.0,-1.0,-1.0,-1.0,-1.0,-1.0,-1.0,-1.0,-1.0,-1.0,-1.0,-1.0,1.0,1.0,1.0,1.0,1.0,1.0,1.0,1.0,1.0,1.0,1.0,1.0,1.0,1.0,1.0,1.0,1.0,1.0,1.0,1.0,1.0,1.0,1.0,1.0,1.0,1.0,1.0,1.0,1.0,1.0,1.0,1.0,1.0,1.0,1.0,-1.0,-1.0,-1.0,1.0,1.0,1.0,1.0,1.0,1.0,1.0,1.0,1.0,1.0,1.0,1.0,1.0,1.0,1.0,1.0,1.0,1.0,1.0,1.0,1.0,1.0,1.0,1.0,1.0,1.0,1.0,1.0,1.0,1.0,1.0,1.0,1.0,1.0,1.0,1.0,1.0,1.0,1.0,1.0,1.0,1.0,1.0,1.0,1.0,1.0,1.0,1.0,1.0,1.0,1.0,1.0,1.0,1.0,1.0,1.0,1.0,1.0,1.0,1.0,1.0,1.0,1.0,1.0,1.0,1.0,1.0,1.0,1.0,1.0,1.0,1.0,1.0,1.0,1.0,1.0,1.0,1.0,1.0,1.0,1.0,1.0,1.0,1.0,1.0,1.0,1.0,1.0,1.0,1.0,1.0,1.0,1.0,1.0,1.0,1.0,1.0,1.0,1.0,1.0,1.0,1.0,1.0,1.0,1.0,1.0,1.0,1.0,1.0,1.0,1.0,1.0,1.0,1.0,-1.0,-1.0,-1.0,-1.0,-1.0,-1.0,-1.0,-1.0,-1.0,-1.0,-1.0,-1.0,-1.0,-1.0,-1.0,-1.0,-1.0,-1.0,-1.0,-1.0,-1.0,-1.0,-1.0,-1.0,-1.0,-1.0,-1.0,-1.0,-1.0,-1.0,1.0,-1.0,-1.0,-1.0,-1.0,-1.0,-1.0,-1.0,-1.0,-1.0,-1.0,-1.0,-1.0,-1.0,-1.0,-1.0,-1.0,-1.0,-1.0,-1.0,-1.0,-1.0,1.0,1.0,1.0,1.0,1.0,1.0,1.0,1.0,1.0,1.0,1.0,1.0,1.0,1.0,-1.0,-1.0,1.0,1.0,1.0,1.0,1.0,1.0,-1.0,-1.0
0.0,1.8691588785046729,0.05826326677299304,0.05826326677299304,0.05826326677299304,0.05826326677299304,0.05826326677299304,0.05826326677299304,0.05826326677299304,0.05826326677299304,0.05826326677299304,0.05826326677299304,1.8691588785046729,0.08023392402379202,0.08023392402379202,-1.0046039244345522,-1.214393746886843,-1.214393746886843,-1.0046039244345522,-1.0046039244345522,-0.16075149027109703,-0.30732044300709765,-0.30732044300709765,-0.30732044300709765,-0.30732044300709765,-0.30732044300709765,-0.30732044300709765,-0.30732044300709765,-0.30732044300709765,-0.30732044300709765,-0.30732044300709765,-0.30732044300709765,-0.30732044300709765,-0.30732044300709765,-0.30732044300709765,-0.30732044300709765,-0.30732044300709765,-0.30732044300709765,-0.30732044300709765,0.08023392402379202,0.08023392402379202,0.08023392402379202,0.08023392402379202,0.08023392402379202,0.08023392402379202,0.08023392402379202,0.08023392402379202,0.08023392402379202,0.08023392402379202,0.08023392402379202,0.08023392402379202,0.08023392402379202,0.08023392402379202,0.08023392402379202,0.08023392402379202,0.08023392402379202,0.08023392402379202,-0.14945205186118332,-0.6289904905805966,-0.9311527171810882,-0.9311527171810882,-0.6289904905805966,-0.14945205186118332,-0.35680282110750033,-0.35680282110750033,-0.838928682527586,-0.838928682527586,-0.6289904905805966,-0.6289904905805966,-0.6289904905805966,-0.6289904905805966,-0.6289904905805966,-0.6289904905805966,-0.6289904905805966,1.8455217216937048,1.8246433513722244,1.8150003919326811,1.8150003919326811,1.8150003919326811,1.8150003919326811,1.8150003919326811,1.8150003919326811,1.8150003919326811,1.8150003919326811,1.8150003919326811,1.8150003919326811,1.8150003919326811,1.8150003919326811,1.8150003919326811,1.8150003919326811,1.8150003919326811,1.8150003919326811,1.8150003919326811,1.8150003919326811,1.8150003919326811,1.8150003919326811,1.8150003919326811,1.8150003919326811,1.8150003919326811,1.8246433513722244,1.8246433513722244,1.8246433513722244,1.8246433513722244,1.8246433513722244,1.8150003919326811,1.8150003919326811,1.8150003919326811,1.8246433513722244,1.8150003919326811,0.06837815778920443,0.06837815778920443,0.06837815778920443,1.8150003919326811,1.8150003919326811,1.8150003919326811,1.8150003919326811,1.8150003919326811,1.8150003919326811,1.8150003919326811,1.8150003919326811,1.8150003919326811,1.8150003919326811,1.8150003919326811,1.8150003919326811,1.8150003919326811,1.8246433513722244,1.8150003919326811,1.8150003919326811,1.8150003919326811,1.8150003919326811,1.8150003919326811,1.8150003919326811,1.8150003919326811,1.8150003919326811,1.8246433513722244,1.8150003919326811,1.8150003919326811,1.8150003919326811,1.8150003919326811,1.8150003919326811,1.8150003919326811,1.8150003919326811,1.8150003919326811,1.8150003919326811,1.8150003919326811,1.8150003919326811,1.8246433513722244,1.8150003919326811,1.8150003919326811,1.8150003919326811,1.8150003919326811,1.8150003919326811,1.8150003919326811,1.8246433513722244,1.8246433513722244,1.8150003919326811,1.8150003919326811,1.8150003919326811,1.8150003919326811,1.8150003919326811,1.8150003919326811,1.8150003919326811,1.8150003919326811,1.8150003919326811,1.8150003919326811,1.8150003919326811,1.8150003919326811,1.8150003919326811,1.8150003919326811,1.8150003919326811,1.8150003919326811,1.8246433513722244,1.8246433513722244,1.8150003919326811,1.8150003919326811,1.8150003919326811,1.8150003919326811,1.8150003919326811,1.8246433513722244,1.8246433513722244,1.8150003919326811,1.8150003919326811,1.8150003919326811,1.8150003919326811,1.8150003919326811,1.8150003919326811,1.8246433513722244,1.8150003919326811,1.8150003919326811,1.8150003919326811,1.8246433513722244,1.8246433513722244,1.8246433513722244,1.8150003919326811,1.8150003919326811,1.8150003919326811,1.8246433513722244,1.8246433513722244,1.8246433513722244,1.8150003919326811,1.8150003919326811,1.8150003919326811,1.8150003919326811,1.8150003919326811,1.8150003919326811,1.8150003919326811,1.8246433513722244,1.8150003919326811,1.8150003919326811,1.8150003919326811,1.8246433513722244,1.8150003919326811,1.8150003919326811,1.8150003919326811,1.8246433513722244,1.8246433513722244,1.8150003919326811,1.8150003919326811,1.8150003919326811,1.8246433513722244,1.8246433513722244,1.8246433513722244,1.8246433513722244,1.8246433513722244,1.8246433513722244,1.8246433513722244,-0.03790006809666066,-0.03790006809666066,-0.03790006809666066,-0.03790006809666066,-0.03790006809666066,-0.03790006809666066,-0.03790006809666066,-0.03790006809666066,0.38267479685772005,0.2460256353134533,0.2460256353134533,0.2460256353134533,0.2460256353134533,0.2460256353134533,0.2460256353134533,0.2460256353134533,0.2460256353134533,0.2460256353134533,0.2460256353134533,-0.277022536700879,-0.277022536700879,-0.3693989939993358,-0.3693989939993358,-0.277022536700879,-0.3693989939993358,-0.3693989939993358,-0.3693989939993358,-0.3693989939993358,-0.3693989939993358,-0.277022536700879,1.865998525551278,0.2192758489699871,-0.7168653651146805,-0.7168653651146805,0.2192758489699871,-0.642536068558752,-0.642536068558752,0.2192758489699871,-0.6757584618689061,-0.6757584618689061,0.2192758489699871,-0.7560623202458499,-0.7560623202458499,0.2192758489699871,-0.786220507693313,-0.786220507693313,0.2192758489699871,0.2192758489699871,0.2192758489699871,0.2192758489699871,-0.33732959849041266,-0.33732959849041266,1.8691588785046729,-0.3469647794262703,-0.3469647794262703,-0.3469647794262703,-0.3469647794262703,-0.3469647794262703,-0.3469647794262703,-0.3469647794262703,-0.3469647794262703,-0.3469647794262703,-0.3469647794262703,-0.3469647794262703,-0.3469647794262703,-0.3469647794262703,-0.6612301501539382,-0.6612301501539382,-0.14469184377380367,-0.14469184377380367,-0.14469184377380367,-0.14469184377380367,-0.14469184377380367,1.8691588785046729,-1.199071399773296,-1.199071399773296
0.0,-1.0917363902447395,-0.6408117842928496,-0.6408117842928496,-0.6408117842928496,-0.6408117842928496,-0.6408117842928496,-0.6408117842928496,-0.6408117842928496,-0.6408117842928496,-0.6408117842928496,-0.6408117842928496,-1.0917363902447395,-1.0917363902447395,-1.0917363902447395,0.0,0.0,0.0,0.0,0.0,-1.0917363902447395,0.0,0.0,0.0,0.0,0.0,0.0,0.0,0.0,0.0,0.0,0.0,0.0,0.0,0.0,0.0,0.0,0.0,0.0,-1.0917363902447395,-1.0917363902447395,-1.0917363902447395,-1.0917363902447395,-1.0917363902447395,-1.0917363902447395,-1.0917363902447395,-1.0917363902447395,-1.0917363902447395,-1.0917363902447395,-1.0917363902447395,-1.0917363902447395,-1.0917363902447395,-1.0917363902447395,-1.0917363902447395,-1.0917363902447395,-1.0917363902447395,-1.0917363902447395,-0.907567017304737,0.11694978773856532,0.7093734160734742,0.7093734160734742,0.11694978773856532,-0.907567017304737,-1.0917363902447395,-1.0917363902447395,0.0,0.0,-1.0270601911916037,-1.0270601911916037,-1.0270601911916037,-1.0270601911916037,-1.0270601911916037,-1.0270601911916037,-1.0270601911916037,-1.0917363902447395,-1.0917363902447395,-1.0917363902447395,-1.0917363902447395,-1.0917363902447395,-1.0917363902447395,-1.0917363902447395,-1.0917363902447395,-1.0917363902447395,-1.0917363902447395,-1.0917363902447395,-1.0917363902447395,-1.0917363902447395,-1.0917363902447395,-1.0917363902447395,-1.0917363902447395,-1.0917363902447395,-1.0917363902447395,-1.0917363902447395,-1.0917363902447395,-1.0917363902447395,-1.0917363902447395,-1.0917363902447395,-1.0917363902447395,-1.0917363902447395,-1.0917363902447395,-1.0917363902447395,-1.0917363902447395,-1.0917363902447395,-1.0917363902447395,-1.0917363902447395,-1.0917363902447395,-1.0917363902447395,-1.0917363902447395,-1.0917363902447395,-1.0917363902447395,-1.0917363902447395,-1.0917363902447395,-1.0917363902447395,-1.0917363902447395,-1.0917363902447395,-1.0917363902447395,-1.0917363902447395,-1.0917363902447395,-1.0917363902447395,-1.0917363902447395,-1.0917363902447395,-1.0917363902447395,-1.0917363902447395,-1.0917363902447395,-1.0917363902447395,-1.0917363902447395,-1.0917363902447395,-1.0917363902447395,-1.0917363902447395,-1.0917363902447395,-1.0917363902447395,-1.0917363902447395,-1.0917363902447395,-1.0917363902447395,-1.0917363902447395,-1.0917363902447395,-1.0917363902447395,-1.0917363902447395,-1.0917363902447395,-1.0917363902447395,-1.0917363902447395,-1.0917363902447395,-1.0917363902447395,-1.0917363902447395,-1.0917363902447395,-1.0917363902447395,-1.0917363902447395,-1.0917363902447395,-1.0917363902447395,-1.0917363902447395,-1.0917363902447395,-1.0917363902447395,-1.0917363902447395,-1.0917363902447395,-1.0917363902447395,-1.0917363902447395,-1.0917363902447395,-1.0917363902447395,-1.0917363902447395,-1.0917363902447395,-1.0917363902447395,-1.0917363902447395,-1.0917363902447395,-1.0917363902447395,-1.0917363902447395,-1.0917363902447395,-1.0917363902447395,-1.0917363902447395,-1.0917363902447395,-1.0917363902447395,-1.0917363902447395,-1.0917363902447395,-1.0917363902447395,-1.0917363902447395,-1.0917363902447395,-1.0917363902447395,-1.0917363902447395,-1.0917363902447395,-1.0917363902447395,-1.0917363902447395,-1.0917363902447395,-1.0917363902447395,-1.0917363902447395,-1.0917363902447395,-1.0917363902447395,-1.0917363902447395,-1.0917363902447395,-1.0917363902447395,-1.0917363902447395,-1.0917363902447395,-1.0917363902447395,-1.0917363902447395,-1.0917363902447395,-1.0917363902447395,-1.0917363902447395,-1.0917363902447395,-1.0917363902447395,-1.0917363902447395,-1.0917363902447395,-1.0917363902447395,-1.0917363902447395,-1.0917363902447395,-1.0917363902447395,-1.0917363902447395,-1.0917363902447395,-1.0917363902447395,-1.0917363902447395,-1.0917363902447395,-1.0917363902447395,-1.0917363902447395,-1.0917363902447395,-1.0917363902447395,-1.0917363902447395,-1.0917363902447395,-1.0917363902447395,-1.0917363902447395,-1.0917363902447395,-1.0917363902447395,-1.0917363902447395,-1.0917363902447395,-1.0917363902447395,-1.0917363902447395,-1.0917363902447395,-1.0917363902447395,-1.0917363902447395,-1.0917363902447395,-1.0917363902447395,-1.0917363902447395,-1.0917363902447395,-1.0917363902447395,-1.0917363902447395,-1.0917363902447395,-1.0917363902447395,-1.0917363902447395,-0.6426165493970468,-0.4911730258376236,-0.4911730258376236,-0.4911730258376236,-0.4911730258376236,-0.4911730258376236,-0.4911730258376236,-0.4911730258376236,-0.4911730258376236,-0.4911730258376236,-0.4911730258376236,-1.0917363902447395,-1.0917363902447395,-0.7999219527050337,-0.7999219527050337,-1.0917363902447395,-0.7999219527050337,-0.7999219527050337,-0.7999219527050337,-0.7999219527050337,-0.7999219527050337,-1.0917363902447395,-1.0917363902447395,-1.0917363902447395,0.0,0.0,-1.0917363902447395,0.0,0.0,-1.0917363902447395,0.0,0.0,-1.0917363902447395,0.0,0.0,-1.0917363902447395,0.1974758812565125,0.1974758812565125,-1.0917363902447395,-1.0917363902447395,-1.0917363902447395,-1.0917363902447395,-0.5449014343407009,-0.5449014343407009,-1.0917363902447395,0.0,0.0,0.0,0.0,0.0,0.0,0.0,0.0,0.0,0.0,0.0,0.0,0.0,-0.2439874492648732,-0.2439874492648732,-1.0917363902447395,-1.0917363902447395,-1.0917363902447395,-1.0917363902447395,-1.0917363902447395,-1.0917363902447395,0.0,0.0
0.0,1.969566382794139,1.969566382794139,1.969566382794139,1.969566382794139,1.969566382794139,1.969566382794139,1.969566382794139,1.969566382794139,1.969566382794139,1.969566382794139,1.969566382794139,1.969566382794139,-0.5077224524862195,-0.5077224524862195,-0.5077224524862195,-0.5077224524862195,-0.5077224524862195,-0.5077224524862195,-0.5077224524862195,-0.5077224524862195,-0.5077224524862195,-0.5077224524862195,-0.5077224524862195,-0.5077224524862195,-0.5077224524862195,-0.5077224524862195,-0.5077224524862195,-0.5077224524862195,-0.5077224524862195,-0.5077224524862195,-0.5077224524862195,-0.5077224524862195,-0.5077224524862195,-0.5077224524862195,-0.5077224524862195,-0.5077224524862195,-0.5077224524862195,-0.5077224524862195,-0.5077224524862195,-0.5077224524862195,-0.5077224524862195,-0.5077224524862195,-0.5077224524862195,-0.5077224524862195,-0.5077224524862195,-0.5077224524862195,-0.5077224524862195,-0.5077224524862195,-0.5077224524862195,-0.5077224524862195,-0.5077224524862195,-0.5077224524862195,-0.5077224524862195,-0.5077224524862195,-0.5077224524862195,-0.5077224524862195,1.969566382794139,1.969566382794139,1.969566382794139,1.969566382794139,1.969566382794139,1.969566382794139,-0.5077224524862195,-0.5077224524862195,-0.5077224524862195,-0.5077224524862195,-0.5077224524862195,-0.5077224524862195,-0.5077224524862195,-0.5077224524862195,-0.5077224524862195,-0.5077224524862195,-0.5077224524862195,1.969566382794139,1.969566382794139,1.969566382794139,1.969566382794139,1.969566382794139,1.969566382794139,1.969566382794139,1.969566382794139,1.969566382794139,1.969566382794139,1.969566382794139,1.969566382794139,1.969566382794139,1.969566382794139,1.969566382794139,1.969566382794139,1.969566382794139,1.969566382794139,1.969566382794139,1.969566382794139,1.969566382794139,1.969566382794139,1.969566382794139,1.969566382794139,1.969566382794139,1.969566382794139,1.969566382794139,1.969566382794139,1.969566382794139,1.969566382794139,1.969566382794139,1.969566382794139,1.969566382794139,1.969566382794139,1.969566382794139,1.969566382794139,1.969566382794139,1.969566382794139,1.969566382794139,1.969566382794139,1.969566382794139,1.969566382794139,1.969566382794139,1.969566382794139,1.969566382794139,1.969566382794139,1.969566382794139,1.969566382794139,1.969566382794139,1.969566382794139,1.969566382794139,1.969566382794139,1.969566382794139,1.969566382794139,1.969566382794139,1.969566382794139,1.969566382794139,1.969566382794139,1.969566382794139,1.969566382794139,1.969566382794139,1.969566382794139,1.969566382794139,1.969566382794139,1.969566382794139,1.969566382794139,1.969566382794139,1.969566382794139,1.969566382794139,1.969566382794139,1.969566382794139,1.969566382794139,1.969566382794139,1.969566382794139,1.969566382794139,1.969566382794139,1.969566382794139,1.969566382794139,1.969566382794139,1.969566382794139,1.969566382794139,1.969566382794139,1.969566382794139,1.969566382794139,1.969566382794139,1.969566382794139,1.969566382794139,1.969566382794139,1.969566382794139,1.969566382794139,1.969566382794139,1.969566382794139,1.969566382794139,1.969566382794139,1.969566382794139,1.969566382794139,1.969566382794139,1.969566382794139,1.969566382794139,1.969566382794139,1.969566382794139,1.969566382794139,1.969566382794139,1.969566382794139,1.969566382794139,1.969566382794139,1.969566382794139,1.969566382794139,1.969566382794139,1.969566382794139,1.969566382794139,1.969566382794139,1.969566382794139,1.969566382794139,1.969566382794139,1.969566382794139,1.969566382794139,1.969566382794139,1.969566382794139,1.969566382794139,1.969566382794139,1.969566382794139,1.969566382794139,1.969566382794139,1.969566382794139,1.969566382794139,1.969566382794139,1.969566382794139,1.969566382794139,1.969566382794139,1.969566382794139,1.969566382794139,1.969566382794139,1.969566382794139,1.969566382794139,1.969566382794139,1.969566382794139,1.969566382794139,1.969566382794139,1.969566382794139,1.969566382794139,1.969566382794139,1.969566382794139,1.969566382794139,1.969566382794139,1.969566382794139,1.969566382794139,1.969566382794139,1.969566382794139,1.969566382794139,1.969566382794139,1.969566382794139,1.969566382794139,1.969566382794139,1.969566382794139,1.969566382794139,1.969566382794139,1.969566382794139,1.969566382794139,1.969566382794139,1.969566382794139,1.969566382794139,1.969566382794139,1.969566382794139,1.969566382794139,1.969566382794139,1.969566382794139,1.969566382794139,1.969566382794139,1.969566382794139,1.969566382794139,-0.5077224524862195,-0.5077224524862195,-0.5077224524862195,-0.5077224524862195,-0.5077224524862195,-0.5077224524862195,-0.5077224524862195,-0.5077224524862195,-0.5077224524862195,-0.5077224524862195,-0.5077224524862195,1.969566382794139,-0.5077224524862195,-0.5077224524862195,-0.5077224524862195,-0.5077224524862195,-0.5077224524862195,-0.5077224524862195,-0.5077224524862195,-0.5077224524862195,-0.5077224524862195,-0.5077224524862195,-0.5077224524862195,-0.5077224524862195,-0.5077224524862195,-0.5077224524862195,-0.5077224524862195,-0.5077224524862195,-0.5077224524862195,-0.5077224524862195,-0.5077224524862195,-0.5077224524862195,-0.5077224524862195,1.969566382794139,-0.5077224524862195,-0.5077224524862195,-0.5077224524862195,-0.5077224524862195,-0.5077224524862195,-0.5077224524862195,-0.5077224524862195,-0.5077224524862195,-0.5077224524862195,-0.5077224524862195,-0.5077224524862195,-0.5077224524862195,-0.5077224524862195,1.969566382794139,1.969566382794139,1.969566382794139,1.969566382794139,1.969566382794139,1.969566382794139,1.969566382794139,1.969566382794139,-0.5077224524862195,-0.5077224524862195
0.0,-0.8547309516344097,-0.826998905455453,-0.826998905455453,-0.826998905455453,-0.826998905455453,-0.826998905455453,-0.826998905455453,-0.826998905455453,-0.826998905455453,-0.826998905455453,-0.826998905455453,-0.8547309516344097,-0.8700053950135924,-0.8700053950135924,-0.8700053950135924,-0.8700053950135924,-0.8700053950135924,-0.8700053950135924,-0.8700053950135924,-0.8700053950135924,-0.8700053950135924,-0.8700053950135924,-0.8700053950135924,-0.8700053950135924,-0.8700053950135924,-0.8700053950135924,-0.8700053950135924,-0.8700053950135924,-0.8700053950135924,-0.8700053950135924,-0.8700053950135924,-0.8700053950135924,-0.8700053950135924,-0.8700053950135924,-0.8700053950135924,-0.8700053950135924,-0.8700053950135924,-0.8700053950135924,-0.8700053950135924,-0.8700053950135924,-0.8700053950135924,-0.8700053950135924,-0.8700053950135924,-0.8700053950135924,-0.8700053950135924,-0.8700053950135924,-0.8700053950135924,-0.8700053950135924,-0.8700053950135924,-0.8700053950135924,-0.8700053950135924,-0.8700053950135924,-0.8700053950135924,-0.8700053950135924,-0.8700053950135924,-0.8700053950135924,-0.7693878230268875,-0.5892344560411682,-0.33398814788441894,-0.33398814788441894,-0.5892344560411682,-0.7693878230268875,-0.8700053950135924,-0.8700053950135924,-0.8700053950135924,-0.8700053950135924,-0.8700053950135924,-0.8700053950135924,-0.8700053950135924,-0.8700053950135924,-0.8700053950135924,-0.8700053950135924,-0.8700053950135924,-0.8560830538022092,-0.8556104804562048,-0.8561452879969581,-0.8561452879969581,-0.8561452879969581,-0.8561452879969581,-0.8561452879969581,-0.8561452879969581,-0.8561452879969581,-0.8561452879969581,-0.8561452879969581,-0.8561452879969581,-0.8561452879969581,-0.8561452879969581,-0.8561452879969581,-0.8561452879969581,-0.8561452879969581,-0.8561452879969581,-0.8561452879969581,-0.8561452879969581,-0.8561452879969581,-0.8561452879969581,-0.8561452879969581,-0.8561452879969581,-0.8561452879969581,-0.8556104804562048,-0.8556104804562048,-0.8556104804562048,-0.8556104804562048,-0.8556104804562048,-0.8561452879969581,-0.8561452879969581,-0.8561452879969581,-0.8556104804562048,-0.8561452879969581,-0.8489626051548455,-0.8489626051548455,-0.8489626051548455,-0.8561452879969581,-0.8561452879969581,-0.8561452879969581,-0.8561452879969581,-0.8561452879969581,-0.8561452879969581,-0.8561452879969581,-0.8561452879969581,-0.8561452879969581,-0.8561452879969581,-0.8561452879969581,-0.8561452879969581,-0.8561452879969581,-0.8556104804562048,-0.8561452879969581,-0.8561452879969581,-0.8561452879969581,-0.8561452879969581,-0.8561452879969581,-0.8561452879969581,-0.8561452879969581,-0.8561452879969581,-0.8556104804562048,-0.8561452879969581,-0.8561452879969581,-0.8561452879969581,-0.8561452879969581,-0.8561452879969581,-0.8561452879969581,-0.8561452879969581,-0.8561452879969581,-0.8561452879969581,-0.8561452879969581,-0.8561452879969581,-0.8556104804562048,-0.8561452879969581,-0.8561452879969581,-0.8561452879969581,-0.8561452879969581,-0.8561452879969581,-0.8561452879969581,-0.8556104804562048,-0.8556104804562048,-0.8561452879969581,-0.8561452879969581,-0.8561452879969581,-0.8561452879969581,-0.8561452879969581,-0.8561452879969581,-0.8561452879969581,-0.8561452879969581,-0.8561452879969581,-0.8561452879969581,-0.8561452879969581,-0.8561452879969581,-0.8561452879969581,-0.8561452879969581,-0.8561452879969581,-0.8561452879969581,-0.8556104804562048,-0.8556104804562048,-0.8561452879969581,-0.8561452879969581,-0.8561452879969581,-0.8561452879969581,-0.8561452879969581,-0.8556104804562048,-0.8556104804562048,-0.8561452879969581,-0.8561452879969581,-0.8561452879969581,-0.8561452879969581,-0.8561452879969581,-0.8561452879969581,-0.8556104804562048,-0.8561452879969581,-0.8561452879969581,-0.8561452879969581,-0.8556104804562048,-0.8556104804562048,-0.8556104804562048,-0.8561452879969581,-0.8561452879969581,-0.8561452879969581,-0.8556104804562048,-0.8556104804562048,-0.8556104804562048,-0.8561452879969581,-0.8561452879969581,-0.8561452879969581,-0.8561452879969581,-0.8561452879969581,-0.8561452879969581,-0.8561452879969581,-0.8556104804562048,-0.8561452879969581,-0.8561452879969581,-0.8561452879969581,-0.8556104804562048,-0.8561452879969581,-0.8561452879969581,-0.8561452879969581,-0.8556104804562048,-0.8556104804562048,-0.8561452879969581,-0.8561452879969581,-0.8561452879969581,-0.8556104804562048,-0.8556104804562048,-0.8556104804562048,-0.8556104804562048,-0.8556104804562048,-0.8556104804562048,-0.8556104804562048,-0.8259776940098521,-0.8259776940098521,-0.8259776940098521,-0.8259776940098521,-0.8259776940098521,-0.8259776940098521,-0.8259776940098521,-0.8259776940098521,-0.8664254376860752,-0.865209405328851,-0.865209405328851,-0.865209405328851,-0.865209405328851,-0.865209405328851,-0.865209405328851,-0.865209405328851,-0.865209405328851,-0.865209405328851,-0.865209405328851,-0.8700053950135924,-0.8700053950135924,-0.8700053950135924,-0.8700053950135924,-0.8700053950135924,-0.8700053950135924,-0.8700053950135924,-0.8700053950135924,-0.8700053950135924,-0.8700053950135924,-0.8700053950135924,-0.8553324462267532,-0.8700053950135924,-0.8700053950135924,-0.8700053950135924,-0.8700053950135924,-0.8700053950135924,-0.8700053950135924,-0.8700053950135924,-0.8700053950135924,-0.8700053950135924,-0.8700053950135924,-0.8700053950135924,-0.8700053950135924,-0.8700053950135924,-0.8700053950135924,-0.8700053950135924,-0.8700053950135924,-0.8700053950135924,-0.8700053950135924,-0.8700053950135924,-0.8700053950135924,-0.8700053950135924,-0.8552761842316675,-0.8700053950135924,-0.8700053950135924,-0.8700053950135924,-0.8700053950135924,-0.8700053950135924,-0.8700053950135924,-0.8700053950135924,-0.8700053950135924,-0.8700053950135924,-0.8700053950135924,-0.8700053950135924,-0.8700053950135924,-0.8700053950135924,-0.7363049478838667,-0.7363049478838667,-0.825739706436859,-0.825739706436859,-0.825739706436859,-0.825739706436859,-0.825739706436859,-0.8552761842316675,-0.8700053950135924,-0.8700053950135924
0.0,1.0228830132458286,0.3528545032638245,0.3528545032638245,0.3528545032638245,0.3528545032638245,0.3528545032638245,0.3528545032638245,0.3528545032638245,0.3528545032638245,0.3528545032638245,0.3528545032638245,1.0228830132458286,-0.797640857572655,-0.797640857572655,-0.901855017471593,-0.797640857572655,-0.797640857572655,-0.901855017471593,-0.901855017471593,-0.7033676826920172,-0.7033676826920172,-0.7033676826920172,-0.7033676826920172,-0.7033676826920172,-0.7033676826920172,-0.7033676826920172,-0.7033676826920172,-0.7033676826920172,-0.7033676826920172,-0.7033676826920172,-0.7033676826920172,-0.7033676826920172,-0.7033676826920172,-0.7033676826920172,-0.7033676826920172,-0.7033676826920172,-0.7033676826920172,-0.7033676826920172,-0.797640857572655,-0.797640857572655,-0.797640857572655,-0.797640857572655,-0.797640857572655,-0.797640857572655,-0.797640857572655,-0.797640857572655,-0.797640857572655,-0.797640857572655,-0.797640857572655,-0.797640857572655,-0.797640857572655,-0.797640857572655,-0.797640857572655,-0.797640857572655,-0.797640857572655,-0.797640857572655,-0.2727860098355923,-0.0637760259906795,-0.538131199345661,-0.538131199345661,-0.0637760259906795,-0.2727860098355923,-0.3965873381778338,-0.3965873381778338,-0.3327510165778624,-0.3327510165778624,-0.3965873381778338,-0.3965873381778338,-0.3965873381778338,-0.3965873381778338,-0.3965873381778338,-0.3965873381778338,-0.3965873381778338,1.3191407086946754,1.3756772209003612,1.3974169901573101,1.3974169901573101,1.3974169901573101,1.3974169901573101,1.3974169901573101,1.3974169901573101,1.3974169901573101,1.3974169901573101,1.3974169901573101,1.3974169901573101,1.3974169901573101,1.3974169901573101,1.3974169901573101,1.3974169901573101,1.3974169901573101,1.3974169901573101,1.3974169901573101,1.3974169901573101,1.3974169901573101,1.3974169901573101,1.3974169901573101,1.3974169901573101,1.3974169901573101,1.3756772209003612,1.3756772209003612,1.3756772209003612,1.3756772209003612,1.3756772209003612,1.3974169901573101,1.3974169901573101,1.3974169901573101,1.3756772209003612,1.3974169901573101,1.4081102800724594,1.4081102800724594,1.4081102800724594,1.3974169901573101,1.3974169901573101,1.3974169901573101,1.3974169901573101,1.3974169901573101,1.3974169901573101,1.3974169901573101,1.3974169901573101,1.3974169901573101,1.3974169901573101,1.3974169901573101,1.3974169901573101,1.3974169901573101,1.3756772209003612,1.3974169901573101,1.3974169901573101,1.3974169901573101,1.3974169901573101,1.3974169901573101,1.3974169901573101,1.3974169901573101,1.3974169901573101,1.3756772209003612,1.3974169901573101,1.3974169901573101,1.3974169901573101,1.3974169901573101,1.3974169901573101,1.3974169901573101,1.3974169901573101,1.3974169901573101,1.3974169901573101,1.3974169901573101,1.3974169901573101,1.3756772209003612,1.3974169901573101,1.3974169901573101,1.3974169901573101,1.3974169901573101,1.3974169901573101,1.3974169901573101,1.3756772209003612,1.3756772209003612,1.3974169901573101,1.3974169901573101,1.3974169901573101,1.3974169901573101,1.3974169901573101,1.3974169901573101,1.3974169901573101,1.3974169901573101,1.3974169901573101,1.3974169901573101,1.3974169901573101,1.3974169901573101,1.3974169901573101,1.3974169901573101,1.3974169901573101,1.3974169901573101,1.3756772209003612,1.3756772209003612,1.3974169901573101,1.3974169901573101,1.3974169901573101,1.3974169901573101,1.3974169901573101,1.3756772209003612,1.3756772209003612,1.3974169901573101,1.3974169901573101,1.3974169901573101,1.3974169901573101,1.3974169901573101,1.3974169901573101,1.3756772209003612,1.3974169901573101,1.3974169901573101,1.3974169901573101,1.3756772209003612,1.3756772209003612,1.3756772209003612,1.3974169901573101,1.3974169901573101,1.3974169901573101,1.3756772209003612,1.3756772209003612,1.3756772209003612,1.3974169901573101,1.3974169901573101,1.3974169901573101,1.3974169901573101,1.3974169901573101,1.3974169901573101,1.3974169901573101,1.3756772209003612,1.3974169901573101,1.3974169901573101,1.3974169901573101,1.3756772209003612,1.3974169901573101,1.3974169901573101,1.3974169901573101,1.3756772209003612,1.3756772209003612,1.3974169901573101,1.3974169901573101,1.3974169901573101,1.3756772209003612,1.3756772209003612,1.3756772209003612,1.3756772209003612,1.3756772209003612,1.3756772209003612,1.3756772209003612,0.7118114703156233,0.7118114703156233,0.7118114703156233,0.7118114703156233,0.7118114703156233,0.7118114703156233,0.7118114703156233,0.7118114703156233,0.5485278398908471,1.0984250298477816,1.0984250298477816,1.0984250298477816,1.0984250298477816,1.0984250298477816,1.0984250298477816,1.0984250298477816,1.0984250298477816,1.0984250298477816,1.0984250298477816,-0.21624949762990653,-0.21624949762990653,-0.21624949762990653,-0.21624949762990653,-0.21624949762990653,-0.21624949762990653,-0.21624949762990653,-0.21624949762990653,-0.21624949762990653,-0.21624949762990653,-0.21624949762990653,1.2213703480254048,0.25548548960086465,0.25548548960086465,0.25548548960086465,0.25548548960086465,0.41281951000609457,0.41281951000609457,0.25548548960086465,0.32145124083595084,0.32145124083595084,0.25548548960086465,0.14747432049602588,0.14747432049602588,0.25548548960086465,0.10868034111592541,0.10868034111592541,0.25548548960086465,0.25548548960086465,0.25548548960086465,0.25548548960086465,0.3528545032638245,0.3528545032638245,1.038460023105511,-0.4648295453855011,-0.4648295453855011,-0.4648295453855011,-0.4648295453855011,-0.4648295453855011,-0.4648295453855011,-0.4648295453855011,-0.4648295453855011,-0.4648295453855011,-0.4648295453855011,-0.4648295453855011,-0.4648295453855011,-0.4648295453855011,-0.6173030170247277,-0.6173030170247277,-0.538131199345661,-0.538131199345661,-0.538131199345661,-0.538131199345661,-0.538131199345661,1.038460023105511,-0.797640857572655,-0.797640857572655
0.0,-1.0,-1.0,-1.0,-1.0,-1.0,-1.0,-1.0,-1.0,-1.0,-1.0,-1.0,-1.0,-1.0,-1.0,-1.0,-1.0,-1.0,-1.0,-1.0,-1.0,-1.0,-1.0,-1.0,-1.0,-1.0,-1.0,-1.0,-1.0,-1.0,-1.0,-1.0,-1.0,-1.0,-1.0,-1.0,-1.0,-1.0,-1.0,-1.0,-1.0,-1.0,-1.0,-1.0,-1.0,-1.0,-1.0,-1.0,-1.0,-1.0,-1.0,-1.0,-1.0,-1.0,-1.0,-1.0,-1.0,-1.0,-1.0,-1.0,-1.0,-1.0,-1.0,-1.0,-1.0,-1.0,-1.0,-1.0,-1.0,-1.0,-1.0,-1.0,-1.0,-1.0,-1.0,-1.0,1.0,1.0,1.0,1.0,1.0,1.0,1.0,1.0,1.0,1.0,1.0,1.0,1.0,1.0,1.0,1.0,1.0,1.0,1.0,1.0,1.0,1.0,1.0,-1.0,-1.0,-1.0,-1.0,-1.0,1.0,1.0,1.0,-1.0,1.0,1.0,1.0,1.0,1.0,1.0,1.0,1.0,1.0,1.0,1.0,1.0,1.0,1.0,1.0,1.0,1.0,-1.0,1.0,1.0,1.0,1.0,1.0,1.0,1.0,1.0,-1.0,1.0,1.0,1.0,1.0,1.0,1.0,1.0,1.0,1.0,1.0,1.0,-1.0,1.0,1.0,1.0,1.0,1.0,1.0,-1.0,-1.0,1.0,1.0,1.0,1.0,1.0,1.0,1.0,1.0,1.0,1.0,1.0,1.0,1.0,1.0,1.0,1.0,-1.0,-1.0,1.0,1.0,1.0,1.0,1.0,-1.0,-1.0,1.0,1.0,1.0,1.0,1.0,1.0,-1.0,1.0,1.0,1.0,-1.0,-1.0,-1.0,1.0,1.0,1.0,-1.0,-1.0,-1.0,1.0,1.0,1.0,1.0,1.0,1.0,1.0,-1.0,1.0,1.0,1.0,-1.0,1.0,1.0,1.0,-1.0,-1.0,1.0,1.0,1.0,-1.0,-1.0,-1.0,-1.0,-1.0,-1.0,-1.0,-1.0,-1.0,-1.0,-1.0,-1.0,-1.0,-1.0,-1.0,-1.0,1.0,1.0,1.0,1.0,1.0,1.0,1.0,1.0,1.0,1.0,-1.0,-1.0,-1.0,-1.0,-1.0,-1.0,-1.0,-1.0,-1.0,-1.0,-1.0,-1.0,-1.0,-1.0,-1.0,-1.0,-1.0,-1.0,-1.0,-1.0,-1.0,-1.0,-1.0,-1.0,-1.0,-1.0,-1.0,-1.0,-1.0,-1.0,-1.0,-1.0,-1.0,-1.0,-1.0,-1.0,-1.0,-1.0,-1.0,-1.0,-1.0,-1.0,-1.0,-1.0,-1.0,-1.0,-1.0,-1.0,-1.0,-1.0,-1.0,-1.0,-1.0,-1.0,-1.0,-1.0,-1.0
0.0,-1.0,-1.0,-1.0,-1.0,-1.0,-1.0,-1.0,-1.0,-1.0,-1.0,-1.0,-1.0,-1.0,-1.0,-1.0,-1.0,-1.0,-1.0,-1.0,-1.0,-1.0,-1.0,-1.0,-1.0,-1.0,-1.0,-1.0,-1.0,-1.0,-1.0,-1.0,-1.0,-1.0,-1.0,-1.0,-1.0,-1.0,-1.0,-1.0,-1.0,-1.0,-1.0,-1.0,-1.0,-1.0,-1.0,-1.0,-1.0,-1.0,-1.0,-1.0,-1.0,-1.0,-1.0,-1.0,-1.0,-1.0,-1.0,-1.0,-1.0,-1.0,-1.0,-1.0,-1.0,-1.0,-1.0,-1.0,-1.0,-1.0,-1.0,-1.0,-1.0,-1.0,-1.0,-1.0,-1.0,-1.0,-1.0,-1.0,-1.0,-1.0,-1.0,-1.0,-1.0,-1.0,-1.0,-1.0,-1.0,-1.0,-1.0,-1.0,-1.0,-1.0,-1.0,-1.0,-1.0,-1.0,-1.0,-1.0,-1.0,-1.0,-1.0,-1.0,-1.0,-1.0,-1.0,-1.0,-1.0,-1.0,-1.0,-1.0,-1.0,-1.0,-1.0,-1.0,-1.0,-1.0,-1.0,-1.0,-1.0,-1.0,-1.0,-1.0,-1.0,-1.0,-1.0,-1.0,-1.0,-1.0,-1.0,-1.0,-1.0,-1.0,-1.0,-1.0,-1.0,-1.0,-1.0,-1.0,-1.0,-1.0,-1.0,-1.0,-1.0,-1.0,-1.0,-1.0,-1.0,-1.0,-1.0,-1.0,-1.0,-1.0,-1.0,-1.0,-1.0,-1.0,-1.0,-1.0,-1.0,-1.0,-1.0,-1.0,-1.0,-1.0,-1.0,-1.0,-1.0,-1.0,-1.0,-1.0,-1.0,-1.0,-1.0,-1.0,-1.0,-1.0,-1.0,-1.0,-1.0,-1.0,-1.0,-1.0,-1.0,-1.0,-1.0,-1.0,-1.0,-1.0,-1.0,-1.0,-1.0,-1.0,-1.0,-1.0,-1.0,-1.0,-1.0,-1.0,-1.0,-1.0,-1.0,-1.0,-1.0,-1.0,-1.0,-1.0,-1.0,-1.0,-1.0,-1.0,-1.0,-1.0,-1.0,-1.0,-1.0,-1.0,-1.0,-1.0,-1.0,-1.0,-1.0,-1.0,-1.0,-1.0,-1.0,-1.0,-1.0,-1.0,-1.0,-1.0,-1.0,-1.0,-1.0,-1.0,-1.0,-1.0,-1.0,-1.0,-1.0,-1.0,-1.0,-1.0,-1.0,-1.0,-1.0,-1.0,-1.0,-1.0,-1.0,-1.0,-1.0,-1.0,-1.0,-1.0,-1.0,-1.0,-1.0,-1.0,-1.0,-1.0,-1.0,-1.0,-1.0,-1.0,-1.0,-1.0,-1.0,-1.0,-1.0,-1.0,-1.0,-1.0,-1.0,-1.0,-1.0,-1.0,-1.0,-1.0,-1.0,-1.0,-1.0,-1.0,-1.0,-1.0,-1.0,-1.0,-1.0,-1.0,-1.0,-1.0,-1.0,-1.0,-1.0,-1.0,-1.0,-1.0,-1.0,-1.0,-1.0,-1.0
0.0,1.0,-1.0,-1.0,-1.0,-1.0,-1.0,-1.0,-1.0,-1.0,-1.0,-1.0,1.0,-1.0,-1.0,-1.0,-1.0,-1.0,-1.0,-1.0,-1.0,-1.0,-1.0,-1.0,-1.0,-1.0,-1.0,-1.0,-1.0,-1.0,-1.0,-1.0,-1.0,-1.0,-1.0,-1.0,-1.0,-1.0,-1.0,-1.0,-1.0,-1.0,-1.0,-1.0,-1.0,-1.0,-1.0,-1.0,-1.0,-1.0,-1.0,-1.0,-1.0,-1.0,-1.0,-1.0,-1.0,-1.0,-1.0,-1.0,-1.0,-1.0,-1.0,-1.0,-1.0,-1.0,-1.0,-1.0,-1.0,-1.0,-1.0,-1.0,-1.0,-1.0,-1.0,-1.0,-1.0,-1.0,-1.0,-1.0,-1.0,-1.0,-1.0,-1.0,-1.0,-1.0,-1.0,-1.0,-1.0,-1.0,-1.0,-1.0,-1.0,-1.0,-1.0,-1.0,-1.0,-1.0,-1.0,-1.0,-1.0,-1.0,-1.0,-1.0,-1.0,-1.0,-1.0,-1.0,-1.0,-1.0,-1.0,-1.0,-1.0,-1.0,-1.0,-1.0,-1.0,-1.0,-1.0,-1.0,-1.0,-1.0,-1.0,-1.0,-1.0,-1.0,-1.0,-1.0,-1.0,-1.0,-1.0,-1.0,-1.0,-1.0,-1.0,-1.0,-1.0,-1.0,-1.0,-1.0,-1.0,-1.0,-1.0,-1.0,-1.0,-1.0,-1.0,-1.0,-1.0,-1.0,-1.0,-1.0,-1.0,-1.0,-1.0,-1.0,-1.0,-1.0,-1.0,-1.0,-1.0,-1.0,-1.0,-1.0,-1.0,-1.0,-1.0,-1.0,-1.0,-1.0,-1.0,-1.0,-1.0,-1.0,-1.0,-1.0,-1.0,-1.0,-1.0,-1.0,-1.0,-1.0,-1.0,-1.0,-1.0,-1.0,-1.0,-1.0,-1.0,-1.0,-1.0,-1.0,-1.0,-1.0,-1.0,-1.0,-1.0,-1.0,-1.0,-1.0,-1.0,-1.0,-1.0,-1.0,-1.0,-1.0,-1.0,-1.0,-1.0,-1.0,-1.0,-1.0,-1.0,-1.0,-1.0,-1.0,-1.0,-1.0,-1.0,-1.0,-1.0,-1.0,-1.0,-1.0,-1.0,-1.0,-1.0,-1.0,-1.0,-1.0,-1.0,-1.0,-1.0,-1.0,-1.0,-1.0,-1.0,-1.0,-1.0,-1.0,-1.0,-1.0,-1.0,-1.0,-1.0,-1.0,-1.0,-1.0,-1.0,-1.0,-1.0,-1.0,-1.0,-1.0,-1.0,-1.0,-1.0,-1.0,-1.0,-1.0,-1.0,-1.0,-1.0,-1.0,-1.0,-1.0,-1.0,-1.0,-1.0,-1.0,-1.0,-1.0,-1.0,-1.0,-1.0,-1.0,-1.0,-1.0,1.0,-1.0,-1.0,-1.0,-1.0,-1.0,-1.0,-1.0,-1.0,-1.0,-1.0,-1.0,-1.0,-1.0,1.0,1.0,1.0,1.0,1.0,1.0,1.0,1.0,-1.0,-1.0
0.0,-1.0,-1.0,-1.0,-1.0,-1.0,-1.0,-1.0,-1.0,-1.0,-1.0,-1.0,-1.0,-1.0,-1.0,-1.0,-1.0,-1.0,-1.0,-1.0,-1.0,-1.0,-1.0,-1.0,-1.0,-1.0,-1.0,-1.0,-1.0,-1.0,-1.0,-1.0,-1.0,-1.0,-1.0,-1.0,-1.0,-1.0,-1.0,-1.0,-1.0,-1.0,-1.0,-1.0,-1.0,-1.0,-1.0,-1.0,-1.0,-1.0,-1.0,-1.0,-1.0,-1.0,-1.0,-1.0,-1.0,-1.0,-1.0,-1.0,-1.0,-1.0,-1.0,-1.0,-1.0,-1.0,-1.0,-1.0,-1.0,-1.0,-1.0,-1.0,-1.0,-1.0,-1.0,-1.0,-1.0,-1.0,-1.0,-1.0,-1.0,-1.0,-1.0,-1.0,-1.0,-1.0,-1.0,-1.0,-1.0,-1.0,-1.0,-1.0,-1.0,-1.0,-1.0,-1.0,-1.0,-1.0,-1.0,-1.0,-1.0,-1.0,-1.0,-1.0,-1.0,-1.0,-1.0,-1.0,-1.0,-1.0,-1.0,-1.0,-1.0,-1.0,-1.0,-1.0,-1.0,-1.0,-1.0,-1.0,-1.0,-1.0,-1.0,-1.0,-1.0,-1.0,-1.0,-1.0,-1.0,-1.0,-1.0,-1.0,-1.0,-1.0,-1.0,-1.0,-1.0,-1.0,-1.0,-1.0,-1.0,-1.0,-1.0,-1.0,-1.0,-1.0,-1.0,-1.0,-1.0,-1.0,-1.0,-1.0,-1.0,-1.0,-1.0,-1.0,-1.0,-1.0,-1.0,-1.0,-1.0,-1.0,-1.0,-1.0,-1.0,-1.0,-1.0,-1.0,-1.0,-1.0,-1.0,-1.0,-1.0,-1.0,-1.0,-1.0,-1.0,-1.0,-1.0,-1.0,-1.0,-1.0,-1.0,-1.0,-1.0,-1.0,-1.0,-1.0,-1.0,-1.0,-1.0,-1.0,-1.0,-1.0,-1.0,-1.0,-1.0,-1.0,-1.0,-1.0,-1.0,-1.0,-1.0,-1.0,-1.0,-1.0,-1.0,-1.0,-1.0,-1.0,-1.0,-1.0,-1.0,-1.0,-1.0,-1.0,-1.0,-1.0,-1.0,-1.0,-1.0,-1.0,-1.0,-1.0,-1.0,-1.0,-1.0,-1.0,-1.0,-1.0,-1.0,-1.0,-1.0,-1.0,-1.0,-1.0,-1.0,-1.0,-1.0,-1.0,-1.0,-1.0,-1.0,-1.0,-1.0,-1.0,-1.0,-1.0,-1.0,-1.0,-1.0,-1.0,-1.0,-1.0,-1.0,-1.0,-1.0,-1.0,-1.0,-1.0,-1.0,-1.0,-1.0,-1.0,-1.0,-1.0,-1.0,-1.0,-1.0,-1.0,-1.0,-1.0,-1.0,-1.0,-1.0,-1.0,-1.0,-1.0,-1.0,-1.0,-1.0,-1.0,-1.0,-1.0,-1.0,-1.0,-1.0,-1.0,-1.0,-1.0,-1.0,-1.0,-1.0,-1.0,-1.0,-1.0,-1.0,-1.0,-1.0,-1.0,-1.0,-1.0
0.0,-1.0,-1.0,-1.0,-1.0,-1.0,-1.0,-1.0,-1.0,-1.0,-1.0,-1.0,-1.0,-1.0,-1.0,-1.0,-1.0,-1.0,-1.0,-1.0,-1.0,-1.0,-1.0,-1.0,-1.0,-1.0,-1.0,-1.0,-1.0,-1.0,-1.0,-1.0,-1.0,-1.0,-1.0,-1.0,-1.0,-1.0,-1.0,-1.0,-1.0,-1.0,-1.0,-1.0,-1.0,-1.0,-1.0,-1.0,-1.0,-1.0,-1.0,-1.0,-1.0,-1.0,-1.0,-1.0,-1.0,-1.0,-1.0,-1.0,-1.0,-1.0,-1.0,-1.0,-1.0,-1.0,-1.0,-1.0,-1.0,-1.0,-1.0,-1.0,-1.0,-1.0,-1.0,-1.0,-1.0,-1.0,-1.0,-1.0,-1.0,-1.0,-1.0,-1.0,-1.0,-1.0,-1.0,-1.0,-1.0,-1.0,-1.0,-1.0,-1.0,-1.0,-1.0,-1.0,-1.0,-1.0,-1.0,-1.0,-1.0,-1.0,-1.0,-1.0,-1.0,-1.0,-1.0,-1.0,-1.0,-1.0,-1.0,-1.0,-1.0,-1.0,-1.0,-1.0,-1.0,-1.0,-1.0,-1.0,-1.0,-1.0,-1.0,-1.0,-1.0,-1.0,-1.0,-1.0,-1.0,-1.0,-1.0,-1.0,-1.0,-1.0,-1.0,-1.0,-1.0,-1.0,-1.0,-1.0,-1.0,-1.0,-1.0,-1.0,-1.0,-1.0,-1.0,-1.0,-1.0,-1.0,-1.0,-1.0,-1.0,-1.0,-1.0,-1.0,-1.0,-1.0,-1.0,-1.0,-1.0,-1.0,-1.0,-1.0,-1.0,-1.0,-1.0,-1.0,-1.0,-1.0,-1.0,-1.0,-1.0,-1.0,-1.0,-1.0,-1.0,-1.0,-1.0,-1.0,-1.0,-1.0,-1.0,-1.0,-1.0,-1.0,-1.0,-1.0,-1.0,-1.0,-1.0,-1.0,-1.0,-1.0,-1.0,-1.0,-1.0,-1.0,-1.0,-1.0,-1.0,-1.0,-1.0,-1.0,-1.0,-1.0,-1.0,-1.0,-1.0,-1.0,-1.0,-1.0,-1.0,-1.0,-1.0,-1.0,-1.0,-1.0,-1.0,-1.0,-1.0,-1.0,-1.0,-1.0,-1.0,-1.0,-1.0,-1.0,-1.0,-1.0,-1.0,-1.0,-1.0,-1.0,-1.0,-1.0,-1.0,-1.0,-1.0,-1.0,-1.0,-1.0,-1.0,-1.0,-1.0,-1.0,-1.0,-1.0,-1.0,-1.0,-1.0,-1.0,-1.0,-1.0,-1.0,-1.0,-1.0,-1.0,-1.0,-1.0,-1.0,-1.0,-1.0,-1.0,-1.0,-1.0,-1.0,-1.0,-1.0,-1.0,-1.0,-1.0,-1.0,-1.0,-1.0,-1.0,-1.0,-1.0,-1.0,-1.0,-1.0,-1.0,-1.0,-1.0,-1.0,-1.0,-1.0,-1.0,-1.0,-1.0,-1.0,-1.0,-1.0,-1.0,-1.0,-1.0,-1.0,-1.0,-1.0,-1.0,-1.0,-1.0
0.0,-1.0,-1.0,-1.0,-1.0,-1.0,-1.0,-1.0,-1.0,-1.0,-1.0,-1.0,-1.0,-1.0,-1.0,-1.0,-1.0,-1.0,-1.0,-1.0,-1.0,-1.0,-1.0,-1.0,-1.0,-1.0,-1.0,-1.0,-1.0,-1.0,-1.0,-1.0,-1.0,-1.0,-1.0,-1.0,-1.0,-1.0,-1.0,-1.0,-1.0,-1.0,-1.0,-1.0,-1.0,-1.0,-1.0,-1.0,-1.0,-1.0,-1.0,-1.0,-1.0,-1.0,-1.0,-1.0,-1.0,-1.0,-1.0,-1.0,-1.0,-1.0,-1.0,-1.0,-1.0,-1.0,-1.0,-1.0,-1.0,-1.0,-1.0,-1.0,-1.0,-1.0,-1.0,-1.0,-1.0,-1.0,-1.0,-1.0,-1.0,-1.0,-1.0,-1.0,-1.0,-1.0,-1.0,-1.0,-1.0,-1.0,-1.0,-1.0,-1.0,-1.0,-1.0,-1.0,-1.0,-1.0,-1.0,-1.0,-1.0,-1.0,-1.0,-1.0,-1.0,-1.0,-1.0,-1.0,-1.0,-1.0,-1.0,-1.0,-1.0,-1.0,-1.0,-1.0,-1.0,-1.0,-1.0,-1.0,-1.0,-1.0,-1.0,-1.0,-1.0,-1.0,-1.0,-1.0,-1.0,-1.0,-1.0,-1.0,-1.0,-1.0,-1.0,-1.0,-1.0,-1.0,-1.0,-1.0,-1.0,-1.0,-1.0,-1.0,-1.0,-1.0,-1.0,-1.0,-1.0,-1.0,-1.0,-1.0,-1.0,-1.0,-1.0,-1.0,-1.0,-1.0,-1.0,-1.0,-1.0,-1.0,-1.0,-1.0,-1.0,-1.0,-1.0,-1.0,-1.0,-1.0,-1.0,-1.0,-1.0,-1.0,-1.0,-1.0,-1.0,-1.0,-1.0,-1.0,-1.0,-1.0,-1.0,-1.0,-1.0,-1.0,-1.0,-1.0,-1.0,-1.0,-1.0,-1.0,-1.0,-1.0,-1.0,-1.0,-1.0,-1.0,-1.0,-1.0,-1.0,-1.0,-1.0,-1.0,-1.0,-1.0,-1.0,-1.0,-1.0,-1.0,-1.0,-1.0,-1.0,-1.0,-1.0,-1.0,-1.0,-1.0,-1.0,-1.0,-1.0,-1.0,-1.0,-1.0,-1.0,-1.0,-1.0,-1.0,-1.0,-1.0,-1.0,-1.0,-1.0,-1.0,-1.0,-1.0,-1.0,-1.0,-1.0,-1.0,-1.0,-1.0,-1.0,-1.0,-1.0,-1.0,-1.0,-1.0,-1.0,-1.0,-1.0,-1.0,-1.0,-1.0,-1.0,-1.0,-1.0,-1.0,-1.0,-1.0,-1.0,-1.0,-1.0,-1.0,-1.0,-1.0,-1.0,-1.0,-1.0,-1.0,-1.0,-1.0,-1.0,-1.0,-1.0,-1.0,-1.0,-1.0,-1.0,-1.0,-1.0,-1.0,-1.0,-1.0,-1.0,-1.0,-1.0,-1.0,-1.0,-1.0,-1.0,-1.0,-1.0,-1.0,-1.0,-1.0,-1.0,-1.0,-1.0,-1.0,-1.0,-1.0
0.0,1.0,1.0,1.0,1.0,1.0,1.0,1.0,1.0,1.0,1.0,1.0,1.0,-1.0,-1.0,-1.0,-1.0,-1.0,-1.0,-1.0,-1.0,-1.0,-1.0,-1.0,-1.0,-1.0,-1.0,-1.0,-1.0,-1.0,-1.0,-1.0,-1.0,-1.0,-1.0,-1.0,-1.0,-1.0,-1.0,-1.0,-1.0,-1.0,-1.0,-1.0,-1.0,-1.0,-1.0,-1.0,-1.0,-1.0,-1.0,-1.0,-1.0,-1.0,-1.0,-1.0,-1.0,1.0,1.0,1.0,1.0,1.0,1.0,-1.0,-1.0,-1.0,-1.0,-1.0,-1.0,-1.0,-1.0,-1.0,-1.0,-1.0,1.0,1.0,1.0,1.0,1.0,1.0,1.0,1.0,1.0,1.0,1.0,1.0,1.0,1.0,1.0,1.0,1.0,1.0,1.0,1.0,1.0,1.0,1.0,1.0,1.0,1.0,1.0,1.0,1.0,1.0,1.0,1.0,1.0,1.0,1.0,-1.0,-1.0,-1.0,1.0,1.0,1.0,1.0,1.0,1.0,1.0,1.0,1.0,1.0,1.0,1.0,1.0,1.0,1.0,1.0,1.0,1.0,1.0,1.0,1.0,1.0,1.0,1.0,1.0,1.0,1.0,1.0,1.0,1.0,1.0,1.0,1.0,1.0,1.0,1.0,1.0,1.0,1.0,1.0,1.0,1.0,1.0,1.0,1.0,1.0,1.0,1.0,1.0,1.0,1.0,1.0,1.0,1.0,1.0,1.0,1.0,1.0,1.0,1.0,1.0,1.0,1.0,1.0,1.0,1.0,1.0,1.0,1.0,1.0,1.0,1.0,1.0,1.0,1.0,1.0,1.0,1.0,1.0,1.0,1.0,1.0,1.0,1.0,1.0,1.0,1.0,1.0,1.0,1.0,1.0,1.0,1.0,1.0,1.0,1.0,1.0,1.0,1.0,1.0,1.0,1.0,1.0,1.0,1.0,1.0,1.0,1.0,1.0,1.0,1.0,1.0,1.0,1.0,-1.0,-1.0,-1.0,-1.0,-1.0,-1.0,-1.0,-1.0,-1.0,-1.0,-1.0,-1.0,-1.0,-1.0,-1.0,-1.0,-1.0,-1.0,-1.0,-1.0,-1.0,-1.0,-1.0,-1.0,-1.0,-1.0,-1.0,-1.0,-1.0,-1.0,1.0,-1.0,-1.0,-1.0,-1.0,-1.0,-1.0,-1.0,-1.0,-1.0,-1.0,-1.0,-1.0,-1.0,-1.0,-1.0,-1.0,-1.0,-1.0,-1.0,-1.0,-1.0,1.0,-1.0,-1.0,-1.0,-1.0,-1.0,-1.0,-1.0,-1.0,-1.0,-1.0,-1.0,-1.0,-1.0,1.0,1.0,1.0,1.0,1.0,1.0,1.0,1.0,-1.0,-1.0
0.0,-0.6867158831697258,-0.5740647705589167,-0.5740647705589167,-0.5740647705589167,-0.5740647705589167,-0.5740647705589167,-0.5740647705589167,-0.5740647705589167,-0.5740647705589167,-0.5740647705589167,-0.5740647705589167,-0.6867158831697258,1.0392436150857023,1.0392436150857023,0.32876518370919866,0.2614955008421626,0.2614955008421626,0.32876518370919866,0.32876518370919866,0.8740789958866608,1.1763631878338527,1.1763631878338527,1.1763631878338527,1.1763631878338527,1.1763631878338527,1.1763631878338527,1.1763631878338527,1.1763631878338527,1.1763631878338527,1.1763631878338527,1.1763631878338527,1.1763631878338527,1.1763631878338527,1.1763631878338527,1.1763631878338527,1.1763631878338527,1.1763631878338527,1.1763631878338527,1.0392436150857023,1.0392436150857023,1.0392436150857023,1.0392436150857023,1.0392436150857023,1.0392436150857023,1.0392436150857023,1.0392436150857023,1.0392436150857023,1.0392436150857023,1.0392436150857023,1.0392436150857023,1.0392436150857023,1.0392436150857023,1.0392436150857023,1.0392436150857023,1.0392436150857023,1.0392436150857023,0.026051610807536384,-0.08672403399896521,0.12695613510809048,0.12695613510809048,-0.08672403399896521,0.026051610807536384,0.08789631924981153,0.08789631924981153,0.12695613510809048,0.12695613510809048,0.12695613510809048,0.12695613510809048,0.12695613510809048,0.12695613510809048,0.12695613510809048,0.12695613510809048,0.12695613510809048,-0.7706995324684586,-0.7828707629827452,-0.792248411006723,-0.792248411006723,-0.792248411006723,-0.792248411006723,-0.792248411006723,-0.792248411006723,-0.792248411006723,-0.792248411006723,-0.792248411006723,-0.792248411006723,-0.792248411006723,-0.792248411006723,-0.792248411006723,-0.792248411006723,-0.792248411006723,-0.792248411006723,-0.792248411006723,-0.792248411006723,-0.792248411006723,-0.792248411006723,-0.792248411006723,-0.792248411006723,-0.792248411006723,-0.7828707629827452,-0.7828707629827452,-0.7828707629827452,-0.7828707629827452,-0.7828707629827452,-0.792248411006723,-0.792248411006723,-0.792248411006723,-0.7828707629827452,-0.792248411006723,-0.8559726427843655,-0.8559726427843655,-0.8559726427843655,-0.792248411006723,-0.792248411006723,-0.792248411006723,-0.792248411006723,-0.792248411006723,-0.792248411006723,-0.792248411006723,-0.792248411006723,-0.792248411006723,-0.792248411006723,-0.792248411006723,-0.792248411006723,-0.792248411006723,-0.7828707629827452,-0.792248411006723,-0.792248411006723,-0.792248411006723,-0.792248411006723,-0.792248411006723,-0.792248411006723,-0.792248411006723,-0.792248411006723,-0.7828707629827452,-0.792248411006723,-0.792248411006723,-0.792248411006723,-0.792248411006723,-0.792248411006723,-0.792248411006723,-0.792248411006723,-0.792248411006723,-0.792248411006723,-0.792248411006723,-0.792248411006723,-0.7828707629827452,-0.792248411006723,-0.792248411006723,-0.792248411006723,-0.792248411006723,-0.792248411006723,-0.792248411006723,-0.7828707629827452,-0.7828707629827452,-0.792248411006723,-0.792248411006723,-0.792248411006723,-0.792248411006723,-0.792248411006723,-0.792248411006723,-0.792248411006723,-0.792248411006723,-0.792248411006723,-0.792248411006723,-0.792248411006723,-0.792248411006723,-0.792248411006723,-0.792248411006723,-0.792248411006723,-0.792248411006723,-0.7828707629827452,-0.7828707629827452,-0.792248411006723,-0.792248411006723,-0.792248411006723,-0.792248411006723,-0.792248411006723,-0.7828707629827452,-0.7828707629827452,-0.792248411006723,-0.792248411006723,-0.792248411006723,-0.792248411006723,-0.792248411006723,-0.792248411006723,-0.7828707629827452,-0.792248411006723,-0.792248411006723,-0.792248411006723,-0.7828707629827452,-0.7828707629827452,-0.7828707629827452,-0.792248411006723,-0.792248411006723,-0.792248411006723,-0.7828707629827452,-0.7828707629827452,-0.7828707629827452,-0.792248411006723,-0.792248411006723,-0.792248411006723,-0.792248411006723,-0.792248411006723,-0.792248411006723,-0.792248411006723,-0.7828707629827452,-0.792248411006723,-0.792248411006723,-0.792248411006723,-0.7828707629827452,-0.792248411006723,-0.792248411006723,-0.792248411006723,-0.7828707629827452,-0.7828707629827452,-0.792248411006723,-0.792248411006723,-0.792248411006723,-0.7828707629827452,-0.7828707629827452,-0.7828707629827452,-0.7828707629827452,-0.7828707629827452,-0.7828707629827452,-0.7828707629827452,-0.4694347846384678,-0.4694347846384678,-0.4694347846384678,-0.4694347846384678,-0.4694347846384678,-0.4694347846384678,-0.4694347846384678,-0.4694347846384678,-0.5250423296031819,-0.6145747876587718,-0.6145747876587718,-0.6145747876587718,-0.6145747876587718,-0.6145747876587718,-0.6145747876587718,-0.6145747876587718,-0.6145747876587718,-0.6145747876587718,-0.6145747876587718,-0.3191480775890959,-0.3191480775890959,-0.38082147104953634,-0.38082147104953634,-0.3191480775890959,-0.38082147104953634,-0.38082147104953634,-0.38082147104953634,-0.38082147104953634,-0.38082147104953634,-0.3191480775890959,-0.7442248980996853,-0.24156473625045477,-0.5140843722130765,-0.5140843722130765,-0.24156473625045477,0.12695613510809048,0.12695613510809048,-0.24156473625045477,0.12695613510809048,0.12695613510809048,-0.24156473625045477,-0.4381092009750122,-0.4381092009750122,-0.24156473625045477,-0.21900223392238052,-0.21900223392238052,-0.24156473625045477,-0.24156473625045477,-0.24156473625045477,-0.24156473625045477,-0.46117309224371034,-0.46117309224371034,-0.6891427661581834,0.7909730046988332,0.7909730046988332,0.7909730046988332,0.7909730046988332,0.7909730046988332,0.7909730046988332,0.7909730046988332,0.7909730046988332,0.7909730046988332,0.7909730046988332,0.7909730046988332,0.7909730046988332,0.7909730046988332,0.7996529637784509,0.7996529637784509,0.8050345384078138,0.8050345384078138,0.8050345384078138,0.8050345384078138,0.8050345384078138,-0.6891427661581834,0.3691269934294201,0.3691269934294201
0.0,-0.793570547059243,-0.7533716725540432,-0.7533716725540432,-0.7533716725540432,-0.7533716725540432,-0.7533716725540432,-0.7533716725540432,-0.7533716725540432,-0.7533716725540432,-0.7533716725540432,-0.7533716725540432,-0.793570547059243,0.9178258224659189,0.9178258224659189,-0.07050614063106092,-0.14349998555932486,-0.14349998555932486,-0.07050614063106092,-0.07050614063106092,0.6526341428115009,1.1542949705115835,1.1542949705115835,1.1542949705115835,1.1542949705115835,1.1542949705115835,1.1542949705115835,1.1542949705115835,1.1542949705115835,1.1542949705115835,1.1542949705115835,1.1542949705115835,1.1542949705115835,1.1542949705115835,1.1542949705115835,1.1542949705115835,1.1542949705115835,1.1542949705115835,1.1542949705115835,0.9178258224659189,0.9178258224659189,0.9178258224659189,0.9178258224659189,0.9178258224659189,0.9178258224659189,0.9178258224659189,0.9178258224659189,0.9178258224659189,0.9178258224659189,0.9178258224659189,0.9178258224659189,0.9178258224659189,0.9178258224659189,0.9178258224659189,0.9178258224659189,0.9178258224659189,0.9178258224659189,-0.37093812432970824,-0.46442895385899885,-0.2788056493287897,-0.2788056493287897,-0.46442895385899885,-0.37093812432970824,-0.31542021117143854,-0.31542021117143854,-0.2788056493287897,-0.2788056493287897,-0.2788056493287897,-0.2788056493287897,-0.2788056493287897,-0.2788056493287897,-0.2788056493287897,-0.2788056493287897,-0.2788056493287897,-0.8170425223684116,-0.8199837343026986,-0.8221703664424719,-0.8221703664424719,-0.8221703664424719,-0.8221703664424719,-0.8221703664424719,-0.8221703664424719,-0.8221703664424719,-0.8221703664424719,-0.8221703664424719,-0.8221703664424719,-0.8221703664424719,-0.8221703664424719,-0.8221703664424719,-0.8221703664424719,-0.8221703664424719,-0.8221703664424719,-0.8221703664424719,-0.8221703664424719,-0.8221703664424719,-0.8221703664424719,-0.8221703664424719,-0.8221703664424719,-0.8221703664424719,-0.8199837343026986,-0.8199837343026986,-0.8199837343026986,-0.8199837343026986,-0.8199837343026986,-0.8221703664424719,-0.8221703664424719,-0.8221703664424719,-0.8199837343026986,-0.8221703664424719,-0.8351965350367584,-0.8351965350367584,-0.8351965350367584,-0.8221703664424719,-0.8221703664424719,-0.8221703664424719,-0.8221703664424719,-0.8221703664424719,-0.8221703664424719,-0.8221703664424719,-0.8221703664424719,-0.8221703664424719,-0.8221703664424719,-0.8221703664424719,-0.8221703664424719,-0.8221703664424719,-0.8199837343026986,-0.8221703664424719,-0.8221703664424719,-0.8221703664424719,-0.8221703664424719,-0.8221703664424719,-0.8221703664424719,-0.8221703664424719,-0.8221703664424719,-0.8199837343026986,-0.8221703664424719,-0.8221703664424719,-0.8221703664424719,-0.8221703664424719,-0.8221703664424719,-0.8221703664424719,-0.8221703664424719,-0.8221703664424719,-0.8221703664424719,-0.8221703664424719,-0.8221703664424719,-0.8199837343026986,-0.8221703664424719,-0.8221703664424719,-0.8221703664424719,-0.8221703664424719,-0.8221703664424719,-0.8221703664424719,-0.8199837343026986,-0.8199837343026986,-0.8221703664424719,-0.8221703664424719,-0.8221703664424719,-0.8221703664424719,-0.8221703664424719,-0.8221703664424719,-0.8221703664424719,-0.8221703664424719,-0.8221703664424719,-0.8221703664424719,-0.8221703664424719,-0.8221703664424719,-0.8221703664424719,-0.8221703664424719,-0.8221703664424719,-0.8221703664424719,-0.8199837343026986,-0.8199837343026986,-0.8221703664424719,-0.8221703664424719,-0.8221703664424719,-0.8221703664424719,-0.8221703664424719,-0.8199837343026986,-0.8199837343026986,-0.8221703664424719,-0.8221703664424719,-0.8221703664424719,-0.8221703664424719,-0.8221703664424719,-0.8221703664424719,-0.8199837343026986,-0.8221703664424719,-0.8221703664424719,-0.8221703664424719,-0.8199837343026986,-0.8199837343026986,-0.8199837343026986,-0.8221703664424719,-0.8221703664424719,-0.8221703664424719,-0.8199837343026986,-0.8199837343026986,-0.8199837343026986,-0.8221703664424719,-0.8221703664424719,-0.8221703664424719,-0.8221703664424719,-0.8221703664424719,-0.8221703664424719,-0.8221703664424719,-0.8199837343026986,-0.8221703664424719,-0.8221703664424719,-0.8221703664424719,-0.8199837343026986,-0.8221703664424719,-0.8221703664424719,-0.8221703664424719,-0.8199837343026986,-0.8199837343026986,-0.8221703664424719,-0.8221703664424719,-0.8221703664424719,-0.8199837343026986,-0.8199837343026986,-0.8199837343026986,-0.8199837343026986,-0.8199837343026986,-0.8199837343026986,-0.8199837343026986,-0.7070908841699067,-0.7070908841699067,-0.7070908841699067,-0.7070908841699067,-0.7070908841699067,-0.7070908841699067,-0.7070908841699067,-0.7070908841699067,-0.732760154401491,-0.7689771936137805,-0.7689771936137805,-0.7689771936137805,-0.7689771936137805,-0.7689771936137805,-0.7689771936137805,-0.7689771936137805,-0.7689771936137805,-0.7689771936137805,-0.7689771936137805,-0.6255424407088571,-0.6255424407088571,-0.6611577131610409,-0.6611577131610409,-0.6255424407088571,-0.6611577131610409,-0.6611577131610409,-0.6611577131610409,-0.6611577131610409,-0.6611577131610409,-0.6255424407088571,-0.8102423243507242,-0.5764888791501184,-0.727894289321231,-0.727894289321231,-0.5764888791501184,-0.2788056493287897,-0.2788056493287897,-0.5764888791501184,-0.2788056493287897,-0.2788056493287897,-0.5764888791501184,-0.6915591373329043,-0.6915591373329043,-0.5764888791501184,-0.5613343393049868,-0.5613343393049868,-0.5764888791501184,-0.5764888791501184,-0.5764888791501184,-0.5764888791501184,-0.7030695654430458,-0.7030695654430458,-0.7943266892283078,0.5273149499282169,0.5273149499282169,0.5273149499282169,0.5273149499282169,0.5273149499282169,0.5273149499282169,0.5273149499282169,0.5273149499282169,0.5273149499282169,0.5273149499282169,0.5273149499282169,0.5273149499282169,0.5273149499282169,0.5401496840127076,0.5401496840127076,0.5481369909855409,0.5481369909855409,0.5481369909855409,0.5481369909855409,0.5481369909855409,-0.7943266892283078,-0.02500070950017269,-0.02500070950017269
0.0,-0.7638546930368207,-0.7526859997153369,-0.7526859997153369,-0.7526859997153369,-0.7526859997153369,-0.7526859997153369,-0.7526859997153369,-0.7526859997153369,-0.7526859997153369,-0.7526859997153369,-0.7526859997153369,-0.7638546930368207,0.7561084678054011,0.7561084678054011,-0.32319495310162105,-0.38456011932561657,-0.38456011932561657,-0.32319495310162105,-0.32319495310162105,0.42610195484509267,1.0720988473929915,1.0720988473929915,1.0720988473929915,1.0720988473929915,1.0720988473929915,1.0720988473929915,1.0720988473929915,1.0720988473929915,1.0720988473929915,1.0720988473929915,1.0720988473929915,1.0720988473929915,1.0720988473929915,1.0720988473929915,1.0720988473929915,1.0720988473929915,1.0720988473929915,1.0720988473929915,0.7561084678054011,0.7561084678054011,0.7561084678054011,0.7561084678054011,0.7561084678054011,0.7561084678054011,0.7561084678054011,0.7561084678054011,0.7561084678054011,0.7561084678054011,0.7561084678054011,0.7561084678054011,0.7561084678054011,0.7561084678054011,0.7561084678054011,0.7561084678054011,0.7561084678054011,0.7561084678054011,-0.5552669650575739,-0.6153594127995474,-0.49006343445140743,-0.49006343445140743,-0.6153594127995474,-0.5552669650575739,-0.5166522565769415,-0.5166522565769415,-0.49006343445140743,-0.49006343445140743,-0.49006343445140743,-0.49006343445140743,-0.49006343445140743,-0.49006343445140743,-0.49006343445140743,-0.49006343445140743,-0.49006343445140743,-0.7689598122524537,-0.7695104394952355,-0.7699054207374316,-0.7699054207374316,-0.7699054207374316,-0.7699054207374316,-0.7699054207374316,-0.7699054207374316,-0.7699054207374316,-0.7699054207374316,-0.7699054207374316,-0.7699054207374316,-0.7699054207374316,-0.7699054207374316,-0.7699054207374316,-0.7699054207374316,-0.7699054207374316,-0.7699054207374316,-0.7699054207374316,-0.7699054207374316,-0.7699054207374316,-0.7699054207374316,-0.7699054207374316,-0.7699054207374316,-0.7699054207374316,-0.7695104394952355,-0.7695104394952355,-0.7695104394952355,-0.7695104394952355,-0.7695104394952355,-0.7699054207374316,-0.7699054207374316,-0.7699054207374316,-0.7695104394952355,-0.7699054207374316,-0.7719783459340721,-0.7719783459340721,-0.7719783459340721,-0.7699054207374316,-0.7699054207374316,-0.7699054207374316,-0.7699054207374316,-0.7699054207374316,-0.7699054207374316,-0.7699054207374316,-0.7699054207374316,-0.7699054207374316,-0.7699054207374316,-0.7699054207374316,-0.7699054207374316,-0.7699054207374316,-0.7695104394952355,-0.7699054207374316,-0.7699054207374316,-0.7699054207374316,-0.7699054207374316,-0.7699054207374316,-0.7699054207374316,-0.7699054207374316,-0.7699054207374316,-0.7695104394952355,-0.7699054207374316,-0.7699054207374316,-0.7699054207374316,-0.7699054207374316,-0.7699054207374316,-0.7699054207374316,-0.7699054207374316,-0.7699054207374316,-0.7699054207374316,-0.7699054207374316,-0.7699054207374316,-0.7695104394952355,-0.7699054207374316,-0.7699054207374316,-0.7699054207374316,-0.7699054207374316,-0.7699054207374316,-0.7699054207374316,-0.7695104394952355,-0.7695104394952355,-0.7699054207374316,-0.7699054207374316,-0.7699054207374316,-0.7699054207374316,-0.7699054207374316,-0.7699054207374316,-0.7699054207374316,-0.7699054207374316,-0.7699054207374316,-0.7699054207374316,-0.7699054207374316,-0.7699054207374316,-0.7699054207374316,-0.7699054207374316,-0.7699054207374316,-0.7699054207374316,-0.7695104394952355,-0.7695104394952355,-0.7699054207374316,-0.7699054207374316,-0.7699054207374316,-0.7699054207374316,-0.7699054207374316,-0.7695104394952355,-0.7695104394952355,-0.7699054207374316,-0.7699054207374316,-0.7699054207374316,-0.7699054207374316,-0.7699054207374316,-0.7699054207374316,-0.7695104394952355,-0.7699054207374316,-0.7699054207374316,-0.7699054207374316,-0.7695104394952355,-0.7695104394952355,-0.7695104394952355,-0.7699054207374316,-0.7699054207374316,-0.7699054207374316,-0.7695104394952355,-0.7695104394952355,-0.7695104394952355,-0.7699054207374316,-0.7699054207374316,-0.7699054207374316,-0.7699054207374316,-0.7699054207374316,-0.7699054207374316,-0.7699054207374316,-0.7695104394952355,-0.7699054207374316,-0.7699054207374316,-0.7699054207374316,-0.7695104394952355,-0.7699054207374316,-0.7699054207374316,-0.7699054207374316,-0.7695104394952355,-0.7695104394952355,-0.7699054207374316,-0.7699054207374316,-0.7699054207374316,-0.7695104394952355,-0.7695104394952355,-0.7695104394952355,-0.7695104394952355,-0.7695104394952355,-0.7695104394952355,-0.7695104394952355,-0.7367829657895778,-0.7367829657895778,-0.7367829657895778,-0.7367829657895778,-0.7367829657895778,-0.7367829657895778,-0.7367829657895778,-0.7367829657895778,-0.7459684290777524,-0.7573453412426129,-0.7573453412426129,-0.7573453412426129,-0.7573453412426129,-0.7573453412426129,-0.7573453412426129,-0.7573453412426129,-0.7573453412426129,-0.7573453412426129,-0.7573453412426129,-0.702371041568033,-0.702371041568033,-0.7183119436974378,-0.7183119436974378,-0.702371041568033,-0.7183119436974378,-0.7183119436974378,-0.7183119436974378,-0.7183119436974378,-0.7183119436974378,-0.702371041568033,-0.7676060766956045,-0.6783278250952692,-0.7442946934233594,-0.7442946934233594,-0.6783278250952692,-0.49006343445140743,-0.49006343445140743,-0.6783278250952692,-0.49006343445140743,-0.49006343445140743,-0.6783278250952692,-0.730816549212699,-0.730816549212699,-0.6783278250952692,-0.6704427427730423,-0.6704427427730423,-0.6783278250952692,-0.6783278250952692,-0.6783278250952692,-0.6783278250952692,-0.7352667635581348,-0.7352667635581348,-0.7640371843279915,0.2796977323580794,0.2796977323580794,0.2796977323580794,0.2796977323580794,0.2796977323580794,0.2796977323580794,0.2796977323580794,0.2796977323580794,0.2796977323580794,0.2796977323580794,0.2796977323580794,0.2796977323580794,0.2796977323580794,0.2943984842883285,0.2943984842883285,0.30358126859366874,0.30358126859366874,0.30358126859366874,0.30358126859366874,0.30358126859366874,-0.7640371843279915,-0.2834513481892721,-0.2834513481892721
0.0,1.0,-1.0,-1.0,-1.0,-1.0,-1.0,-1.0,-1.0,-1.0,-1.0,-1.0,1.0,1.0,1.0,-1.0,-1.0,-1.0,-1.0,-1.0,1.0,-1.0,-1.0,-1.0,-1.0,-1.0,-1.0,-1.0,-1.0,-1.0,-1.0,-1.0,-1.0,-1.0,-1.0,-1.0,-1.0,-1.0,-1.0,1.0,1.0,1.0,1.0,1.0,1.0,1.0,1.0,1.0,1.0,1.0,1.0,1.0,1.0,1.0,1.0,1.0,1.0,-1.0,-1.0,-1.0,-1.0,-1.0,-1.0,-1.0,-1.0,-1.0,-1.0,-1.0,-1.0,-1.0,-1.0,-1.0,-1.0,-1.0,1.0,-1.0,-1.0,-1.0,-1.0,-1.0,-1.0,-1.0,-1.0,-1.0,-1.0,-1.0,-1.0,-1.0,-1.0,-1.0,-1.0,-1.0,-1.0,-1.0,-1.0,-1.0,-1.0,-1.0,-1.0,-1.0,-1.0,-1.0,-1.0,-1.0,-1.0,-1.0,-1.0,-1.0,-1.0,-1.0,-1.0,-1.0,-1.0,-1.0,-1.0,-1.0,-1.0,-1.0,-1.0,-1.0,-1.0,-1.0,-1.0,-1.0,-1.0,-1.0,-1.0,-1.0,-1.0,-1.0,-1.0,-1.0,-1.0,-1.0,-1.0,-1.0,-1.0,-1.0,-1.0,-1.0,-1.0,-1.0,-1.0,-1.0,-1.0,-1.0,-1.0,-1.0,-1.0,-1.0,-1.0,-1.0,-1.0,-1.0,-1.0,-1.0,-1.0,-1.0,-1.0,-1.0,-1.0,-1.0,-1.0,-1.0,-1.0,-1.0,-1.0,-1.0,-1.0,-1.0,-1.0,-1.0,-1.0,-1.0,-1.0,-1.0,-1.0,-1.0,-1.0,-1.0,-1.0,-1.0,-1.0,-1.0,-1.0,-1.0,-1.0,-1.0,-1.0,-1.0,-1.0,-1.0,-1.0,-1.0,-1.0,-1.0,-1.0,-1.0,-1.0,-1.0,-1.0,-1.0,-1.0,-1.0,-1.0,-1.0,-1.0,-1.0,-1.0,-1.0,-1.0,-1.0,-1.0,-1.0,-1.0,-1.0,-1.0,-1.0,-1.0,-1.0,-1.0,-1.0,-1.0,-1.0,-1.0,-1.0,-1.0,-1.0,-1.0,-1.0,-1.0,-1.0,-1.0,-1.0,1.0,-1.0,-1.0,-1.0,-1.0,-1.0,-1.0,-1.0,-1.0,-1.0,-1.0,1.0,1.0,1.0,1.0,1.0,1.0,1.0,1.0,1.0,1.0,1.0,1.0,-1.0,-1.0,-1.0,-1.0,-1.0,-1.0,-1.0,-1.0,-1.0,-1.0,-1.0,-1.0,-1.0,-1.0,-1.0,-1.0,-1.0,-1.0,-1.0,-1.0,-1.0,1.0,-1.0,-1.0,-1.0,-1.0,-1.0,-1.0,-1.0,-1.0,-1.0,-1.0,-1.0,-1.0,-1.0,-1.0,-1.0,-1.0,-1.0,-1.0,-1.0,-1.0,1.0,-1.0,-1.0
1.0,1.0,1.0,1.0,1.0,1.0,1.0,1.0,1.0,1.0,1.0,1.0,1.0,1.0,1.0,1.0,1.0,1.0,1.0,1.0,1.0,1.0,1.0,1.0,1.0,1.0,1.0,1.0,1.0,1.0,1.0,1.0,1.0,1.0,1.0,1.0,1.0,1.0,1.0,1.0,1.0,1.0,1.0,1.0,1.0,1.0,1.0,1.0,1.0,1.0,1.0,1.0,1.0,1.0,1.0,1.0,1.0,1.0,1.0,1.0,1.0,1.0,1.0,1.0,1.0,1.0,1.0,1.0,1.0,1.0,1.0,1.0,1.0,1.0,1.0,1.0,1.0,1.0,1.0,1.0,1.0,1.0,1.0,1.0,1.0,1.0,1.0,1.0,1.0,1.0,1.0,1.0,1.0,1.0,1.0,1.0,1.0,1.0,1.0,1.0,1.0,1.0,1.0,1.0,1.0,1.0,1.0,1.0,1.0,1.0,1.0,1.0,1.0,1.0,1.0,1.0,1.0,1.0,1.0,1.0,1.0,1.0,1.0,1.0,1.0,1.0,1.0,1.0,1.0,1.0,1.0,1.0,1.0,1.0,1.0,1.0,1.0,1.0,1.0,1.0,1.0,1.0,1.0,1.0,1.0,1.0,1.0,1.0,1.0,1.0,1.0,1.0,1.0,1.0,1.0,1.0,1.0,1.0,1.0,1.0,1.0,1.0,1.0,1.0,1.0,1.0,1.0,1.0,1.0,1.0,1.0,1.0,1.0,1.0,1.0,1.0,1.0,1.0,1.0,1.0,1.0,1.0,1.0,1.0,1.0,1.0,1.0,1.0,1.0,1.0,1.0,1.0,1.0,1.0,1.0,1.0,1.0,1.0,1.0,1.0,1.0,1.0,1.0,1.0,1.0,1.0,1.0,1.0,1.0,1.0,1.0,1.0,1.0,1.0,1.0,1.0,1.0,1.0,1.0,1.0,1.0,1.0,1.0,1.0,1.0,1.0,1.0,1.0,1.0,1.0,1.0,1.0,1.0,1.0,1.0,1.0,1.0,1.0,1.0,1.0,1.0,1.0,1.0,1.0,1.0,1.0,1.0,1.0,1.0,1.0,1.0,1.0,1.0,1.0,1.0,1.0,1.0,1.0,1.0,1.0,1.0,1.0,1.0,1.0,1.0,1.0,1.0,1.0,1.0,1.0,1.0,1.0,1.0,1.0,1.0,1.0,1.0,1.0,1.0,1.0,1.0,1.0,1.0,1.0,1.0,1.0,1.0,1.0,1.0,1.0,1.0,1.0,1.0,1.0,1.0,1.0,1.0,1.0,1.0,1.0,1.0,1.0
-0.7052804283062044,-0.7052804283062044,-0.7052804283062044,-0.7052804283062044,-0.7052804283062044,-0.7052804283062044,-0.7052804283062044,-0.7052804283062044,-0.7052804283062044,-0.7052804283062044,-0.7052804283062044,-0.7052804283062044,-0.7052804283062044,-0.7052804283062044,-0.7052804283062044,-0.7052804283062044,-0.7052804283062044,-0.7052804283062044,-0.7052804283062044,-0.7052804283062044,-0.7052804283062044,-0.7052804283062044,-0.7052804283062044,-0.7052804283062044,-0.7052804283062044,-0.7052804283062044,-0.7052804283062044,-0.7052804283062044,-0.7052804283062044,-0.7052804283062044,-0.7052804283062044,-0.7052804283062044,-0.7052804283062044,-0.7052804283062044,-0.7052804283062044,-0.7052804283062044,-0.7052804283062044,-0.7052804283062044,-0.7052804283062044,-0.7052804283062044,-0.7052804283062044,-0.7052804283062044,-0.7052804283062044,-0.7052804283062044,-0.7052804283062044,-0.7052804283062044,-0.7052804283062044,-0.7052804283062044,-0.7052804283062044,-0.7052804283062044,-0.7052804283062044,-0.7052804283062044,-0.7052804283062044,-0.7052804283062044,-0.7052804283062044,-0.7052804283062044,-0.7052804283062044,-0.7052804283062044,-0.7052804283062044,-0.7052804283062044,-0.7052804283062044,-0.7052804283062044,-0.7052804283062044,-0.7052804283062044,-0.7052804283062044,-0.7052804283062044,-0.7052804283062044,-0.7052804283062044,-0.7052804283062044,-0.7052804283062044,-0.7052804283062044,-0.7052804283062044,-0.7052804283062044,-0.7052804283062044,-0.7052804283062044,-0.7052804283062044,-0.7052804283062044,-0.7052804283062044,-0.7052804283062044,-0.7052804283062044,-0.7052804283062044,-0.7052804283062044,-0.7052804283062044,-0.7052804283062044,-0.7052804283062044,-0.7052804283062044,-0.7052804283062044,-0.7052804283062044,-0.7052804283062044,-0.7052804283062044,-0.7052804283062044,-0.7052804283062044,-0.7052804283062044,-0.7052804283062044,-0.7052804283062044,-0.7052804283062044,-0.7052804283062044,-0.7052804283062044,-0.7052804283062044,-0.7052804283062044,-0.7052804283062044,-0.7052804283062044,-0.7052804283062044,-0.7052804283062044,-0.7052804283062044,-0.7052804283062044,-0.7052804283062044,-0.7052804283062044,-0.7052804283062044,-0.7052804283062044,-0.7052804283062044,-0.7052804283062044,-0.7052804283062044,-0.7052804283062044,-0.7052804283062044,-0.7052804283062044,-0.7052804283062044,-0.7052804283062044,-0.7052804283062044,-0.7052804283062044,-0.7052804283062044,-0.7052804283062044,-0.7052804283062044,-0.7052804283062044,-0.7052804283062044,-0.7052804283062044,-0.7052804283062044,-0.7052804283062044,-0.7052804283062044,-0.7052804283062044,-0.7052804283062044,-0.7052804283062044,-0.7052804283062044,-0.7052804283062044,-0.7052804283062044,-0.7052804283062044,-0.7052804283062044,-0.7052804283062044,-0.7052804283062044,-0.7052804283062044,-0.7052804283062044,-0.7052804283062044,-0.7052804283062044,-0.7052804283062044,-0.7052804283062044,-0.7052804283062044,-0.7052804283062044,-0.7052804283062044,-0.7052804283062044,-0.7052804283062044,-0.7052804283062044,-0.7052804283062044,-0.7052804283062044,-0.7052804283062044,-0.7052804283062044,-0.7052804283062044,-0.7052804283062044,-0.7052804283062044,-0.7052804283062044,-0.7052804283062044,-0.7052804283062044,-0.7052804283062044,-0.7052804283062044,-0.7052804283062044,-0.7052804283062044,-0.7052804283062044,-0.7052804283062044,-0.7052804283062044,-0.7052804283062044,-0.7052804283062044,-0.7052804283062044,-0.7052804283062044,-0.7052804283062044,-0.7052804283062044,-0.7052804283062044,-0.7052804283062044,-0.7052804283062044,-0.7052804283062044,-0.7052804283062044,-0.7052804283062044,-0.7052804283062044,-0.7052804283062044,-0.7052804283062044,-0.7052804283062044,-0.7052804283062044,-0.7052804283062044,-0.7052804283062044,-0.7052804283062044,-0.7052804283062044,-0.7052804283062044,-0.7052804283062044,-0.7052804283062044,-0.7052804283062044,-0.7052804283062044,-0.7052804283062044,-0.7052804283062044,-0.7052804283062044,-0.7052804283062044,-0.7052804283062044,-0.7052804283062044,-0.7052804283062044,-0.7052804283062044,-0.7052804283062044,-0.7052804283062044,-0.7052804283062044,-0.7052804283062044,-0.7052804283062044,-0.7052804283062044,-0.7052804283062044,-0.7052804283062044,-0.7052804283062044,-0.7052804283062044,-0.7052804283062044,-0.7052804283062044,-0.7052804283062044,-0.7052804283062044,-0.7052804283062044,-0.7052804283062044,-0.7052804283062044,-0.7052804283062044,-0.7052804283062044,-0.7052804283062044,-0.7052804283062044,-0.7052804283062044,-0.7052804283062044,-0.7052804283062044,-0.7052804283062044,-0.7052804283062044,-0.7052804283062044,-0.7052804283062044,-0.7052804283062044,-0.7052804283062044,-0.7052804283062044,-0.7052804283062044,-0.7052804283062044,-0.7052804283062044,-0.7052804283062044,-0.7052804283062044,-0.7052804283062044,-0.7052804283062044,-0.7052804283062044,-0.7052804283062044,-0.7052804283062044,-0.7052804283062044,-0.7052804283062044,-0.7052804283062044,-0.7052804283062044,-0.7052804283062044,-0.7052804283062044,-0.7052804283062044,-0.7052804283062044,-0.7052804283062044,-0.7052804283062044,-0.7052804283062044,-0.7052804283062044,-0.7052804283062044,-0.7052804283062044,-0.7052804283062044,-0.7052804283062044,-0.7052804283062044,-0.7052804283062044,-0.7052804283062044,-0.7052804283062044,-0.7052804283062044,-0.7052804283062044,-0.7052804283062044,-0.7052804283062044,-0.7052804283062044,-0.7052804283062044,-0.7052804283062044,-0.7052804283062044,-0.7052804283062044,-0.7052804283062044,-0.7052804283062044,-0.7052804283062044,-0.7052804283062044,-0.7052804283062044,-0.7052804283062044,-0.7052804283062044,-0.7052804283062044,-0.7052804283062044,-0.7052804283062044,-0.7052804283062044,-0.7052804283062044,-0.7052804283062044,-0.7052804283062044,-0.7052804283062044,-0.7052804283062044,-0.7052804283062044,-0.7052804283062044,-0.7052804283062044,-0.7052804283062044,-0.7052804283062044,-0.7052804283062044,-0.7052804283062044,-0.7052804283062044,-0.7052804283062044,-0.7052804283062044,-0.7052804283062044,-0.7052804283062044,-0.7052804283062044,-0.7052804283062044
-0.4775130935520587,-0.4775130935520587,-0.4775130935520587,-0.4775130935520587,-0.4775130935520587,-0.4775130935520587,-0.4775130935520587,-0.4775130935520587,-0.4775130935520587,-0.4775130935520587,-0.4775130935520587,-0.4775130935520587,-0.4775130935520587,-0.4775130935520587,-0.4775130935520587,-0.4775130935520587,-0.4775130935520587,-0.4775130935520587,-0.4775130935520587,-0.4775130935520587,-0.4775130935520587,-0.4775130935520587,-0.4775130935520587,-0.4775130935520587,-0.4775130935520587,-0.4775130935520587,-0.4775130935520587,-0.4775130935520587,-0.4775130935520587,-0.4775130935520587,-0.4775130935520587,-0.4775130935520587,-0.4775130935520587,-0.4775130935520587,-0.4775130935520587,-0.4775130935520587,-0.4775130935520587,-0.4775130935520587,-0.4775130935520587,-0.4775130935520587,-0.4775130935520587,-0.4775130935520587,-0.4775130935520587,-0.4775130935520587,-0.4775130935520587,-0.4775130935520587,-0.4775130935520587,-0.4775130935520587,-0.4775130935520587,-0.4775130935520587,-0.4775130935520587,-0.4775130935520587,-0.4775130935520587,-0.4775130935520587,-0.4775130935520587,-0.4775130935520587,-0.4775130935520587,-0.4775130935520587,-0.4775130935520587,-0.4775130935520587,-0.4775130935520587,-0.4775130935520587,-0.4775130935520587,-0.4775130935520587,-0.4775130935520587,-0.4775130935520587,-0.4775130935520587,-0.4775130935520587,-0.4775130935520587,-0.4775130935520587,-0.4775130935520587,-0.4775130935520587,-0.4775130935520587,-0.4775130935520587,-0.4775130935520587,-0.4775130935520587,-0.4775130935520587,-0.4775130935520587,-0.4775130935520587,-0.4775130935520587,-0.4775130935520587,-0.4775130935520587,-0.4775130935520587,-0.4775130935520587,-0.4775130935520587,-0.4775130935520587,-0.4775130935520587,-0.4775130935520587,-0.4775130935520587,-0.4775130935520587,-0.4775130935520587,-0.4775130935520587,-0.4775130935520587,-0.4775130935520587,-0.4775130935520587,-0.4775130935520587,-0.4775130935520587,-0.4775130935520587,-0.4775130935520587,-0.4775130935520587,-0.4775130935520587,-0.4775130935520587,-0.4775130935520587,-0.4775130935520587,-0.4775130935520587,-0.4775130935520587,-0.4775130935520587,-0.4775130935520587,-0.4775130935520587,-0.4775130935520587,-0.4775130935520587,-0.4775130935520587,-0.4775130935520587,-0.4775130935520587,-0.4775130935520587,-0.4775130935520587,-0.4775130935520587,-0.4775130935520587,-0.4775130935520587,-0.4775130935520587,-0.4775130935520587,-0.4775130935520587,-0.4775130935520587,-0.4775130935520587,-0.4775130935520587,-0.4775130935520587,-0.4775130935520587,-0.4775130935520587,-0.4775130935520587,-0.4775130935520587,-0.4775130935520587,-0.4775130935520587,-0.4775130935520587,-0.4775130935520587,-0.4775130935520587,-0.4775130935520587,-0.4775130935520587,-0.4775130935520587,-0.4775130935520587,-0.4775130935520587,-0.4775130935520587,-0.4775130935520587,-0.4775130935520587,-0.4775130935520587,-0.4775130935520587,-0.4775130935520587,-0.4775130935520587,-0.4775130935520587,-0.4775130935520587,-0.4775130935520587,-0.4775130935520587,-0.4775130935520587,-0.4775130935520587,-0.4775130935520587,-0.4775130935520587,-0.4775130935520587,-0.4775130935520587,-0.4775130935520587,-0.4775130935520587,-0.4775130935520587,-0.4775130935520587,-0.4775130935520587,-0.4775130935520587,-0.4775130935520587,-0.4775130935520587,-0.4775130935520587,-0.4775130935520587,-0.4775130935520587,-0.4775130935520587,-0.4775130935520587,-0.4775130935520587,-0.4775130935520587,-0.4775130935520587,-0.4775130935520587,-0.4775130935520587,-0.4775130935520587,-0.4775130935520587,-0.4775130935520587,-0.4775130935520587,-0.4775130935520587,-0.4775130935520587,-0.4775130935520587,-0.4775130935520587,-0.4775130935520587,-0.4775130935520587,-0.4775130935520587,-0.4775130935520587,-0.4775130935520587,-0.4775130935520587,-0.4775130935520587,-0.4775130935520587,-0.4775130935520587,-0.4775130935520587,-0.4775130935520587,-0.4775130935520587,-0.4775130935520587,-0.4775130935520587,-0.4775130935520587,-0.4775130935520587,-0.4775130935520587,-0.4775130935520587,-0.4775130935520587,-0.4775130935520587,-0.4775130935520587,-0.4775130935520587,-0.4775130935520587,-0.4775130935520587,-0.4775130935520587,-0.4775130935520587,-0.4775130935520587,-0.4775130935520587,-0.4775130935520587,-0.4775130935520587,-0.4775130935520587,-0.4775130935520587,-0.4775130935520587,-0.4775130935520587,-0.4775130935520587,-0.4775130935520587,-0.4775130935520587,-0.4775130935520587,-0.4775130935520587,-0.4775130935520587,-0.4775130935520587,-0.4775130935520587,-0.4775130935520587,-0.4775130935520587,-0.4775130935520587,-0.4775130935520587,-0.4775130935520587,-0.4775130935520587,-0.4775130935520587,-0.4775130935520587,-0.4775130935520587,-0.4775130935520587,-0.4775130935520587,-0.4775130935520587,-0.4775130935520587,-0.4775130935520587,-0.4775130935520587,-0.4775130935520587,-0.4775130935520587,-0.4775130935520587,-0.4775130935520587,-0.4775130935520587,-0.4775130935520587,-0.4775130935520587,-0.4775130935520587,-0.4775130935520587,-0.4775130935520587,-0.4775130935520587,-0.4775130935520587,-0.4775130935520587,-0.4775130935520587,-0.4775130935520587,-0.4775130935520587,-0.4775130935520587,-0.4775130935520587,-0.4775130935520587,-0.4775130935520587,-0.4775130935520587,-0.4775130935520587,-0.4775130935520587,-0.4775130935520587,-0.4775130935520587,-0.4775130935520587,-0.4775130935520587,-0.4775130935520587,-0.4775130935520587,-0.4775130935520587,-0.4775130935520587,-0.4775130935520587,-0.4775130935520587,-0.4775130935520587,-0.4775130935520587,-0.4775130935520587,-0.4775130935520587,-0.4775130935520587,-0.4775130935520587,-0.4775130935520587,-0.4775130935520587,-0.4775130935520587,-0.4775130935520587,-0.4775130935520587,-0.4775130935520587,-0.4775130935520587,-0.4775130935520587,-0.4775130935520587,-0.4775130935520587,-0.4775130935520587,-0.4775130935520587,-0.4775130935520587,-0.4775130935520587,-0.4775130935520587,-0.4775130935520587,-0.4775130935520587,-0.4775130935520587,-0.4775130935520587,-0.4775130935520587,-0.4775130935520587,-0.4775130935520587,-0.4775130935520587
1.0,1.0,1.0,1.0,1.0,1.0,1.0,1.0,1.0,1.0,1.0,1.0,1.0,1.0,1.0,1.0,1.0,1.0,1.0,1.0,1.0,1.0,1.0,1.0,1.0,1.0,1.0,1.0,1.0,1.0,1.0,1.0,1.0,1.0,1.0,1.0,1.0,1.0,1.0,1.0,1.0,1.0,1.0,1.0,1.0,1.0,1.0,1.0,1.0,1.0,1.0,1.0,1.0,1.0,1.0,1.0,1.0,1.0,1.0,1.0,1.0,1.0,1.0,1.0,1.0,1.0,1.0,1.0,1.0,1.0,1.0,1.0,1.0,1.0,1.0,1.0,1.0,1.0,1.0,1.0,1.0,1.0,1.0,1.0,1.0,1.0,1.0,1.0,1.0,1.0,1.0,1.0,1.0,1.0,1.0,1.0,1.0,1.0,1.0,1.0,1.0,1.0,1.0,1.0,1.0,1.0,1.0,1.0,1.0,1.0,1.0,1.0,1.0,1.0,1.0,1.0,1.0,1.0,1.0,1.0,1.0,1.0,1.0,1.0,1.0,1.0,1.0,1.0,1.0,1.0,1.0,1.0,1.0,1.0,1.0,1.0,1.0,1.0,1.0,1.0,1.0,1.0,1.0,1.0,1.0,1.0,1.0,1.0,1.0,1.0,1.0,1.0,1.0,1.0,1.0,1.0,1.0,1.0,1.0,1.0,1.0,1.0,1.0,1.0,1.0,1.0,1.0,1.0,1.0,1.0,1.0,1.0,1.0,1.0,1.0,1.0,1.0,1.0,1.0,1.0,1.0,1.0,1.0,1.0,1.0,1.0,1.0,1.0,1.0,1.0,1.0,1.0,1.0,1.0,1.0,1.0,1.0,1.0,1.0,1.0,1.0,1.0,1.0,1.0,1.0,1.0,1.0,1.0,1.0,1.0,1.0,1.0,1.0,1.0,1.0,1.0,1.0,1.0,1.0,1.0,1.0,1.0,1.0,1.0,1.0,1.0,1.0,1.0,1.0,1.0,1.0,1.0,1.0,1.0,1.0,1.0,1.0,1.0,1.0,1.0,1.0,1.0,1.0,1.0,1.0,1.0,1.0,1.0,1.0,1.0,1.0,1.0,1.0,1.0,1.0,1.0,1.0,1.0,1.0,1.0,1.0,1.0,1.0,1.0,1.0,1.0,1.0,1.0,1.0,1.0,1.0,1.0,1.0,1.0,1.0,1.0,1.0,1.0,1.0,1.0,1.0,1.0,1.0,1.0,1.0,1.0,1.0,1.0,1.0,1.0,1.0,1.0,1.0,1.0,1.0,1.0,1.0,1.0,1.0,1.0,1.0,1.0
-0.10540170059024219,-0.10540170059024219,-0.10540170059024219,-0.10540170059024219,-0.10540170059024219,-0.10540170059024219,-0.10540170059024219,-0.10540170059024219,-0.10540170059024219,-0.10540170059024219,-0.10540170059024219,-0.10540170059024219,-0.10540170059024219,-0.10540170059024219,-0.10540170059024219,-0.10540170059024219,-0.10540170059024219,-0.10540170059024219,-0.10540170059024219,-0.10540170059024219,-0.10540170059024219,-0.10540170059024219,-0.10540170059024219,-0.10540170059024219,-0.10540170059024219,-0.10540170059024219,-0.10540170059024219,-0.10540170059024219,-0.10540170059024219,-0.10540170059024219,-0.10540170059024219,-0.10540170059024219,-0.10540170059024219,-0.10540170059024219,-0.10540170059024219,-0.10540170059024219,-0.10540170059024219,-0.10540170059024219,-0.10540170059024219,-0.10540170059024219,-0.10540170059024219,-0.10540170059024219,-0.10540170059024219,-0.10540170059024219,-0.10540170059024219,-0.10540170059024219,-0.10540170059024219,-0.10540170059024219,-0.10540170059024219,-0.10540170059024219,-0.10540170059024219,-0.10540170059024219,-0.10540170059024219,-0.10540170059024219,-0.10540170059024219,-0.10540170059024219,-0.10540170059024219,-0.10540170059024219,-0.10540170059024219,-0.10540170059024219,-0.10540170059024219,-0.10540170059024219,-0.10540170059024219,-0.10540170059024219,-0.10540170059024219,-0.10540170059024219,-0.10540170059024219,-0.10540170059024219,-0.10540170059024219,-0.10540170059024219,-0.10540170059024219,-0.10540170059024219,-0.10540170059024219,-0.10540170059024219,-0.10540170059024219,-0.10540170059024219,-0.10540170059024219,-0.10540170059024219,-0.10540170059024219,-0.10540170059024219,-0.10540170059024219,-0.10540170059024219,-0.10540170059024219,-0.10540170059024219,-0.10540170059024219,-0.10540170059024219,-0.10540170059024219,-0.10540170059024219,-0.10540170059024219,-0.10540170059024219,-0.10540170059024219,-0.10540170059024219,-0.10540170059024219,-0.10540170059024219,-0.10540170059024219,-0.10540170059024219,-0.10540170059024219,-0.10540170059024219,-0.10540170059024219,-0.10540170059024219,-0.10540170059024219,-0.10540170059024219,-0.10540170059024219,-0.10540170059024219,-0.10540170059024219,-0.10540170059024219,-0.10540170059024219,-0.10540170059024219,-0.10540170059024219,-0.10540170059024219,-0.10540170059024219,-0.10540170059024219,-0.10540170059024219,-0.10540170059024219,-0.10540170059024219,-0.10540170059024219,-0.10540170059024219,-0.10540170059024219,-0.10540170059024219,-0.10540170059024219,-0.10540170059024219,-0.10540170059024219,-0.10540170059024219,-0.10540170059024219,-0.10540170059024219,-0.10540170059024219,-0.10540170059024219,-0.10540170059024219,-0.10540170059024219,-0.10540170059024219,-0.10540170059024219,-0.10540170059024219,-0.10540170059024219,-0.10540170059024219,-0.10540170059024219,-0.10540170059024219,-0.10540170059024219,-0.10540170059024219,-0.10540170059024219,-0.10540170059024219,-0.10540170059024219,-0.10540170059024219,-0.10540170059024219,-0.10540170059024219,-0.10540170059024219,-0.10540170059024219,-0.10540170059024219,-0.10540170059024219,-0.10540170059024219,-0.10540170059024219,-0.10540170059024219,-0.10540170059024219,-0.10540170059024219,-0.10540170059024219,-0.10540170059024219,-0.10540170059024219,-0.10540170059024219,-0.10540170059024219,-0.10540170059024219,-0.10540170059024219,-0.10540170059024219,-0.10540170059024219,-0.10540170059024219,-0.10540170059024219,-0.10540170059024219,-0.10540170059024219,-0.10540170059024219,-0.10540170059024219,-0.10540170059024219,-0.10540170059024219,-0.10540170059024219,-0.10540170059024219,-0.10540170059024219,-0.10540170059024219,-0.10540170059024219,-0.10540170059024219,-0.10540170059024219,-0.10540170059024219,-0.10540170059024219,-0.10540170059024219,-0.10540170059024219,-0.10540170059024219,-0.10540170059024219,-0.10540170059024219,-0.10540170059024219,-0.10540170059024219,-0.10540170059024219,-0.10540170059024219,-0.10540170059024219,-0.10540170059024219,-0.10540170059024219,-0.10540170059024219,-0.10540170059024219,-0.10540170059024219,-0.10540170059024219,-0.10540170059024219,-0.10540170059024219,-0.10540170059024219,-0.10540170059024219,-0.10540170059024219,-0.10540170059024219,-0.10540170059024219,-0.10540170059024219,-0.10540170059024219,-0.10540170059024219,-0.10540170059024219,-0.10540170059024219,-0.10540170059024219,-0.10540170059024219,-0.10540170059024219,-0.10540170059024219,-0.10540170059024219,-0.10540170059024219,-0.10540170059024219,-0.10540170059024219,-0.10540170059024219,-0.10540170059024219,-0.10540170059024219,-0.10540170059024219,-0.10540170059024219,-0.10540170059024219,-0.10540170059024219,-0.10540170059024219,-0.10540170059024219,-0.10540170059024219,-0.10540170059024219,-0.10540170059024219,-0.10540170059024219,-0.10540170059024219,-0.10540170059024219,-0.10540170059024219,-0.10540170059024219,-0.10540170059024219,-0.10540170059024219,-0.10540170059024219,-0.10540170059024219,-0.10540170059024219,-0.10540170059024219,-0.10540170059024219,-0.10540170059024219,-0.10540170059024219,-0.10540170059024219,-0.10540170059024219,-0.10540170059024219,-0.10540170059024219,-0.10540170059024219,-0.10540170059024219,-0.10540170059024219,-0.10540170059024219,-0.10540170059024219,-0.10540170059024219,-0.10540170059024219,-0.10540170059024219,-0.10540170059024219,-0.10540170059024219,-0.10540170059024219,-0.10540170059024219,-0.10540170059024219,-0.10540170059024219,-0.10540170059024219,-0.10540170059024219,-0.10540170059024219,-0.10540170059024219,-0.10540170059024219,-0.10540170059024219,-0.10540170059024219,-0.10540170059024219,-0.10540170059024219,-0.10540170059024219,-0.10540170059024219,-0.10540170059024219,-0.10540170059024219,-0.10540170059024219,-0.10540170059024219,-0.10540170059024219,-0.10540170059024219,-0.10540170059024219,-0.10540170059024219,-0.10540170059024219,-0.10540170059024219,-0.10540170059024219,-0.10540170059024219,-0.10540170059024219,-0.10540170059024219,-0.10540170059024219,-0.10540170059024219,-0.10540170059024219,-0.10540170059024219,-0.10540170059024219,-0.10540170059024219,-0.10540170059024219,-0.10540170059024219,-0.10540170059024219,-0.10540170059024219,-0.10540170059024219,-0.10540170059024219,-0.10540170059024219,-0.10540170059024219,-0.10540170059024219,-0.10540170059024219,-0.10540170059024219,-0.10540170059024219
1.0,1.0,1.0,1.0,1.0,1.0,1.0,1.0,1.0,1.0,1.0,1.0,1.0,1.0,1.0,1.0,1.0,1.0,1.0,1.0,1.0,1.0,1.0,1.0,1.0,1.0,1.0,1.0,1.0,1.0,1.0,1.0,1.0,1.0,1.0,1.0,1.0,1.0,1.0,1.0,1.0,1.0,1.0,1.0,1.0,1.0,1.0,1.0,1.0,1.0,1.0,1.0,1.0,1.0,1.0,1.0,1.0,1.0,1.0,1.0,1.0,1.0,1.0,1.0,1.0,1.0,1.0,1.0,1.0,1.0,1.0,1.0,1.0,1.0,1.0,1.0,1.0,1.0,1.0,1.0,1.0,1.0,1.0,1.0,1.0,1.0,1.0,1.0,1.0,1.0,1.0,1.0,1.0,1.0,1.0,1.0,1.0,1.0,1.0,1.0,1.0,1.0,1.0,1.0,1.0,1.0,1.0,1.0,1.0,1.0,1.0,1.0,1.0,1.0,1.0,1.0,1.0,1.0,1.0,1.0,1.0,1.0,1.0,1.0,1.0,1.0,1.0,1.0,1.0,1.0,1.0,1.0,1.0,1.0,1.0,1.0,1.0,1.0,1.0,1.0,1.0,1.0,1.0,1.0,1.0,1.0,1.0,1.0,1.0,1.0,1.0,1.0,1.0,1.0,1.0,1.0,1.0,1.0,1.0,1.0,1.0,1.0,1.0,1.0,1.0,1.0,1.0,1.0,1.0,1.0,1.0,1.0,1.0,1.0,1.0,1.0,1.0,1.0,1.0,1.0,1.0,1.0,1.0,1.0,1.0,1.0,1.0,1.0,1.0,1.0,1.0,1.0,1.0,1.0,1.0,1.0,1.0,1.0,1.0,1.0,1.0,1.0,1.0,1.0,1.0,1.0,1.0,1.0,1.0,1.0,1.0,1.0,1.0,1.0,1.0,1.0,1.0,1.0,1.0,1.0,1.0,1.0,1.0,1.0,1.0,1.0,1.0,1.0,1.0,1.0,1.0,1.0,1.0,1.0,1.0,1.0,1.0,1.0,1.0,1.0,1.0,1.0,1.0,1.0,1.0,1.0,1.0,1.0,1.0,1.0,1.0,1.0,1.0,1.0,1.0,1.0,1.0,1.0,1.0,1.0,1.0,1.0,1.0,1.0,1.0,1.0,1.0,1.0,1.0,1.0,1.0,1.0,1.0,1.0,1.0,1.0,1.0,1.0,1.0,1.0,1.0,1.0,1.0,1.0,1.0,1.0,1.0,1.0,1.0,1.0,1.0,1.0,1.0,1.0,1.0,1.0,1.0,1.0,1.0,1.0,1.0,1.0
1.0,1.0,1.0,1.0,1.0,1.0,1.0,1.0,1.0,1.0,1.0,1.0,1.0,1.0,1.0,1.0,1.0,1.0,1.0,1.0,1.0,1.0,1.0,1.0,1.0,1.0,1.0,1.0,1.0,1.0,1.0,1.0,1.0,1.0,1.0,1.0,1.0,1.0,1.0,1.0,1.0,1.0,1.0,1.0,1.0,1.0,1.0,1.0,1.0,1.0,1.0,1.0,1.0,1.0,1.0,1.0,1.0,1.0,1.0,1.0,1.0,1.0,1.0,1.0,1.0,1.0,1.0,1.0,1.0,1.0,1.0,1.0,1.0,1.0,1.0,1.0,1.0,1.0,1.0,1.0,1.0,1.0,1.0,1.0,1.0,1.0,1.0,1.0,1.0,1.0,1.0,1.0,1.0,1.0,1.0,1.0,1.0,1.0,1.0,1.0,1.0,1.0,1.0,1.0,1.0,1.0,1.0,1.0,1.0,1.0,1.0,1.0,1.0,1.0,1.0,1.0,1.0,1.0,1.0,1.0,1.0,1.0,1.0,1.0,1.0,1.0,1.0,1.0,1.0,1.0,1.0,1.0,1.0,1.0,1.0,1.0,1.0,1.0,1.0,1.0,1.0,1.0,1.0,1.0,1.0,1.0,1.0,1.0,1.0,1.0,1.0,1.0,1.0,1.0,1.0,1.0,1.0,1.0,1.0,1.0,1.0,1.0,1.0,1.0,1.0,1.0,1.0,1.0,1.0,1.0,1.0,1.0,1.0,1.0,1.0,1.0,1.0,1.0,1.0,1.0,1.0,1.0,1.0,1.0,1.0,1.0,1.0,1.0,1.0,1.0,1.0,1.0,1.0,1.0,1.0,1.0,1.0,1.0,1.0,1.0,1.0,1.0,1.0,1.0,1.0,1.0,1.0,1.0,1.0,1.0,1.0,1.0,1.0,1.0,1.0,1.0,1.0,1.0,1.0,1.0,1.0,1.0,1.0,1.0,1.0,1.0,1.0,1.0,1.0,1.0,1.0,1.0,1.0,1.0,1.0,1.0,1.0,1.0,1.0,1.0,1.0,1.0,1.0,1.0,1.0,1.0,1.0,1.0,1.0,1.0,1.0,1.0,1.0,1.0,1.0,1.0,1.0,1.0,1.0,1.0,1.0,1.0,1.0,1.0,1.0,1.0,1.0,1.0,1.0,1.0,1.0,1.0,1.0,1.0,1.0,1.0,1.0,1.0,1.0,1.0,1.0,1.0,1.0,1.0,1.0,1.0,1.0,1.0,1.0,1.0,1.0,1.0,1.0,1.0,1.0,1.0,1.0,1.0,1.0,1.0,1.0,1.0
1.8691588785046729,1.8691588785046729,1.8691588785046729,1.8691588785046729,1.8691588785046729,1.8691588785046729,1.8691588785046729,1.8691588785046729,1.8691588785046729,1.8691588785046729,1.8691588785046729,1.8691588785046729,1.8691588785046729,1.8691588785046729,1.8691588785046729,1.8691588785046729,1.8691588785046729,1.8691588785046729,1.8691588785046729,1.8691588785046729,1.8691588785046729,1.8691588785046729,1.8691588785046729,1.8691588785046729,1.8691588785046729,1.8691588785046729,1.8691588785046729,1.8691588785046729,1.8691588785046729,1.8691588785046729,1.8691588785046729,1.8691588785046729,1.8691588785046729,1.8691588785046729,1.8691588785046729,1.8691588785046729,1.8691588785046729,1.8691588785046729,1.8691588785046729,1.8691588785046729,1.8691588785046729,1.8691588785046729,1.8691588785046729,1.8691588785046729,1.8691588785046729,1.8691588785046729,1.8691588785046729,1.8691588785046729,1.8691588785046729,1.8691588785046729,1.8691588785046729,1.8691588785046729,1.8691588785046729,1.8691588785046729,1.8691588785046729,1.8691588785046729,1.8691588785046729,1.8691588785046729,1.8691588785046729,1.8691588785046729,1.8691588785046729,1.8691588785046729,1.8691588785046729,1.8691588785046729,1.8691588785046729,1.8691588785046729,1.8691588785046729,1.8691588785046729,1.8691588785046729,1.8691588785046729,1.8691588785046729,1.8691588785046729,1.8691588785046729,1.8691588785046729,1.8691588785046729,1.8691588785046729,1.8691588785046729,1.8691588785046729,1.8691588785046729,1.8691588785046729,1.8691588785046729,1.8691588785046729,1.8691588785046729,1.8691588785046729,1.8691588785046729,1.8691588785046729,1.8691588785046729,1.8691588785046729,1.8691588785046729,1.8691588785046729,1.8691588785046729,1.8691588785046729,1.8691588785046729,1.8691588785046729,1.8691588785046729,1.8691588785046729,1.8691588785046729,1.8691588785046729,1.8691588785046729,1.8691588785046729,1.8691588785046729,1.8691588785046729,1.8691588785046729,1.8691588785046729,1.8691588785046729,1.8691588785046729,1.8691588785046729,1.8691588785046729,1.8691588785046729,1.8691588785046729,1.8691588785046729,1.8691588785046729,1.8691588785046729,1.8691588785046729,1.8691588785046729,1.8691588785046729,1.8691588785046729,1.8691588785046729,1.8691588785046729,1.8691588785046729,1.8691588785046729,1.8691588785046729,1.8691588785046729,1.8691588785046729,1.8691588785046729,1.8691588785046729,1.8691588785046729,1.8691588785046729,1.8691588785046729,1.8691588785046729,1.8691588785046729,1.8691588785046729,1.8691588785046729,1.8691588785046729,1.8691588785046729,1.8691588785046729,1.8691588785046729,1.8691588785046729,1.8691588785046729,1.8691588785046729,1.8691588785046729,1.8691588785046729,1.8691588785046729,1.8691588785046729,1.8691588785046729,1.8691588785046729,1.8691588785046729,1.8691588785046729,1.8691588785046729,1.8691588785046729,1.8691588785046729,1.8691588785046729,1.8691588785046729,1.8691588785046729,1.8691588785046729,1.8691588785046729,1.8691588785046729,1.8691588785046729,1.8691588785046729,1.8691588785046729,1.8691588785046729,1.8691588785046729,1.8691588785046729,1.8691588785046729,1.8691588785046729,1.8691588785046729,1.8691588785046729,1.8691588785046729,1.8691588785046729,1.8691588785046729,1.8691588785046729,1.8691588785046729,1.8691588785046729,1.8691588785046729,1.8691588785046729,1.8691588785046729,1.8691588785046729,1.8691588785046729,1.8691588785046729,1.8691588785046729,1.8691588785046729,1.8691588785046729,1.8691588785046729,1.8691588785046729,1.8691588785046729,1.8691588785046729,1.8691588785046729,1.8691588785046729,1.8691588785046729,1.8691588785046729,1.8691588785046729,1.8691588785046729,1.8691588785046729,1.8691588785046729,1.8691588785046729,1.8691588785046729,1.8691588785046729,1.8691588785046729,1.8691588785046729,1.8691588785046729,1.8691588785046729,1.8691588785046729,1.8691588785046729,1.8691588785046729,1.8691588785046729,1.8691588785046729,1.8691588785046729,1.8691588785046729,1.8691588785046729,1.8691588785046729,1.8691588785046729,1.8691588785046729,1.8691588785046729,1.8691588785046729,1.8691588785046729,1.8691588785046729,1.8691588785046729,1.8691588785046729,1.8691588785046729,1.8691588785046729,1.8691588785046729,1.8691588785046729,1.8691588785046729,1.8691588785046729,1.8691588785046729,1.8691588785046729,1.8691588785046729,1.8691588785046729,1.8691588785046729,1.8691588785046729,1.8691588785046729,1.8691588785046729,1.8691588785046729,1.8691588785046729,1.8691588785046729,1.8691588785046729,1.8691588785046729,1.8691588785046729,1.8691588785046729,1.8691588785046729,1.8691588785046729,1.8691588785046729,1.8691588785046729,1.8691588785046729,1.8691588785046729,1.8691588785046729,1.8691588785046729,1.8691588785046729,1.8691588785046729,1.8691588785046729,1.8691588785046729,1.8691588785046729,1.8691588785046729,1.8691588785046729,1.8691588785046729,1.8691588785046729,1.8691588785046729,1.8691588785046729,1.8691588785046729,1.8691588785046729,1.8691588785046729,1.8691588785046729,1.8691588785046729,1.8691588785046729,1.8691588785046729,1.8691588785046729,1.8691588785046729,1.8691588785046729,1.8691588785046729,1.8691588785046729,1.8691588785046729,1.8691588785046729,1.8691588785046729,1.8691588785046729,1.8691588785046729,1.8691588785046729,1.8691588785046729,1.8691588785046729,1.8691588785046729,1.8691588785046729,1.8691588785046729,1.8691588785046729,1.8691588785046729,1.8691588785046729,1.8691588785046729,1.8691588785046729,1.8691588785046729,1.8691588785046729,1.8691588785046729,1.8691588785046729,1.8691588785046729,1.8691588785046729,1.8691588785046729,1.8691588785046729,1.8691588785046729,1.8691588785046729,1.8691588785046729,1.8691588785046729,1.8691588785046729,1.8691588785046729,1.8691588785046729,1.8691588785046729
-1.0917363902447395,-1.0917363902447395,-1.0917363902447395,-1.0917363902447395,-1.0917363902447395,-1.0917363902447395,-1.0917363902447395,-1.0917363902447395,-1.0917363902447395,-1.0917363902447395,-1.0917363902447395,-1.0917363902447395,-1.0917363902447395,-1.0917363902447395,-1.0917363902447395,-1.0917363902447395,-1.0917363902447395,-1.0917363902447395,-1.0917363902447395,-1.0917363902447395,-1.0917363902447395,-1.0917363902447395,-1.0917363902447395,-1.0917363902447395,-1.0917363902447395,-1.0917363902447395,-1.0917363902447395,-1.0917363902447395,-1.0917363902447395,-1.0917363902447395,-1.0917363902447395,-1.0917363902447395,-1.0917363902447395,-1.0917363902447395,-1.0917363902447395,-1.0917363902447395,-1.0917363902447395,-1.0917363902447395,-1.0917363902447395,-1.0917363902447395,-1.0917363902447395,-1.0917363902447395,-1.0917363902447395,-1.0917363902447395,-1.0917363902447395,-1.0917363902447395,-1.0917363902447395,-1.0917363902447395,-1.0917363902447395,-1.0917363902447395,-1.0917363902447395,-1.0917363902447395,-1.0917363902447395,-1.0917363902447395,-1.0917363902447395,-1.0917363902447395,-1.0917363902447395,-1.0917363902447395,-1.0917363902447395,-1.0917363902447395,-1.0917363902447395,-1.0917363902447395,-1.0917363902447395,-1.0917363902447395,-1.0917363902447395,-1.0917363902447395,-1.0917363902447395,-1.0917363902447395,-1.0917363902447395,-1.0917363902447395,-1.0917363902447395,-1.0917363902447395,-1.0917363902447395,-1.0917363902447395,-1.0917363902447395,-1.0917363902447395,-1.0917363902447395,-1.0917363902447395,-1.0917363902447395,-1.0917363902447395,-1.0917363902447395,-1.0917363902447395,-1.0917363902447395,-1.0917363902447395,-1.0917363902447395,-1.0917363902447395,-1.0917363902447395,-1.0917363902447395,-1.0917363902447395,-1.0917363902447395,-1.0917363902447395,-1.0917363902447395,-1.0917363902447395,-1.0917363902447395,-1.0917363902447395,-1.0917363902447395,-1.0917363902447395,-1.0917363902447395,-1.0917363902447395,-1.0917363902447395,-1.0917363902447395,-1.0917363902447395,-1.0917363902447395,-1.0917363902447395,-1.0917363902447395,-1.0917363902447395,-1.0917363902447395,-1.0917363902447395,-1.0917363902447395,-1.0917363902447395,-1.0917363902447395,-1.0917363902447395,-1.0917363902447395,-1.0917363902447395,-1.0917363902447395,-1.0917363902447395,-1.0917363902447395,-1.0917363902447395,-1.0917363902447395,-1.0917363902447395,-1.0917363902447395,-1.0917363902447395,-1.0917363902447395,-1.0917363902447395,-1.0917363902447395,-1.0917363902447395,-1.0917363902447395,-1.0917363902447395,-1.0917363902447395,-1.0917363902447395,-1.0917363902447395,-1.0917363902447395,-1.0917363902447395,-1.0917363902447395,-1.0917363902447395,-1.0917363902447395,-1.0917363902447395,-1.0917363902447395,-1.0917363902447395,-1.0917363902447395,-1.0917363902447395,-1.0917363902447395,-1.0917363902447395,-1.0917363902447395,-1.0917363902447395,-1.0917363902447395,-1.0917363902447395,-1.0917363902447395,-1.0917363902447395,-1.0917363902447395,-1.0917363902447395,-1.0917363902447395,-1.0917363902447395,-1.0917363902447395,-1.0917363902447395,-1.0917363902447395,-1.0917363902447395,-1.0917363902447395,-1.0917363902447395,-1.0917363902447395,-1.0917363902447395,-1.0917363902447395,-1.0917363902447395,-1.0917363902447395,-1.0917363902447395,-1.0917363902447395,-1.0917363902447395,-1.0917363902447395,-1.0917363902447395,-1.0917363902447395,-1.0917363902447395,-1.0917363902447395,-1.0917363902447395,-1.0917363902447395,-1.0917363902447395,-1.0917363902447395,-1.0917363902447395,-1.0917363902447395,-1.0917363902447395,-1.0917363902447395,-1.0917363902447395,-1.0917363902447395,-1.0917363902447395,-1.0917363902447395,-1.0917363902447395,-1.0917363902447395,-1.0917363902447395,-1.0917363902447395,-1.0917363902447395,-1.0917363902447395,-1.0917363902447395,-1.0917363902447395,-1.0917363902447395,-1.0917363902447395,-1.0917363902447395,-1.0917363902447395,-1.0917363902447395,-1.0917363902447395,-1.0917363902447395,-1.0917363902447395,-1.0917363902447395,-1.0917363902447395,-1.0917363902447395,-1.0917363902447395,-1.0917363902447395,-1.0917363902447395,-1.0917363902447395,-1.0917363902447395,-1.0917363902447395,-1.0917363902447395,-1.0917363902447395,-1.0917363902447395,-1.0917363902447395,-1.0917363902447395,-1.0917363902447395,-1.0917363902447395,-1.0917363902447395,-1.0917363902447395,-1.0917363902447395,-1.0917363902447395,-1.0917363902447395,-1.0917363902447395,-1.0917363902447395,-1.0917363902447395,-1.0917363902447395,-1.0917363902447395,-1.0917363902447395,-1.0917363902447395,-1.0917363902447395,-1.0917363902447395,-1.0917363902447395,-1.0917363902447395,-1.0917363902447395,-1.0917363902447395,-1.0917363902447395,-1.0917363902447395,-1.0917363902447395,-1.0917363902447395,-1.0917363902447395,-1.0917363902447395,-1.0917363902447395,-1.0917363902447395,-1.0917363902447395,-1.0917363902447395,-1.0917363902447395,-1.0917363902447395,-1.0917363902447395,-1.0917363902447395,-1.0917363902447395,-1.0917363902447395,-1.0917363902447395,-1.0917363902447395,-1.0917363902447395,-1.0917363902447395,-1.0917363902447395,-1.0917363902447395,-1.0917363902447395,-1.0917363902447395,-1.0917363902447395,-1.0917363902447395,-1.0917363902447395,-1.0917363902447395,-1.0917363902447395,-1.0917363902447395,-1.0917363902447395,-1.0917363902447395,-1.0917363902447395,-1.0917363902447395,-1.0917363902447395,-1.0917363902447395,-1.0917363902447395,-1.0917363902447395,-1.0917363902447395,-1.0917363902447395,-1.0917363902447395,-1.0917363902447395,-1.0917363902447395,-1.0917363902447395,-1.0917363902447395,-1.0917363902447395,-1.0917363902447395,-1.0917363902447395,-1.0917363902447395,-1.0917363902447395,-1.0917363902447395,-1.0917363902447395,-1.0917363902447395,-1.0917363902447395,-1.0917363902447395,-1.0917363902447395,-1.0917363902447395,-1.0917363902447395,-1.0917363902447395,-1.0917363902447395,-1.0917363902447395,-1.0917363902447395,-1.0917363902447395,-1.0917363902447395,-1.0917363902447395,-1.0917363902447395,-1.0917363902447395,-1.0917363902447395
1.969566382794139,1.969566382794139,1.969566382794139,1.969566382794139,1.969566382794139,1.969566382794139,1.969566382794139,1.969566382794139,1.969566382794139,1.969566382794139,1.969566382794139,1.969566382794139,1.969566382794139,1.969566382794139,1.969566382794139,1.969566382794139,1.969566382794139,1.969566382794139,1.969566382794139,1.969566382794139,1.969566382794139,1.969566382794139,1.969566382794139,1.969566382794139,1.969566382794139,1.969566382794139,1.969566382794139,1.969566382794139,1.969566382794139,1.969566382794139,1.969566382794139,1.969566382794139,1.969566382794139,1.969566382794139,1.969566382794139,1.969566382794139,1.969566382794139,1.969566382794139,1.969566382794139,1.969566382794139,1.969566382794139,1.969566382794139,1.969566382794139,1.969566382794139,1.969566382794139,1.969566382794139,1.969566382794139,1.969566382794139,1.969566382794139,1.969566382794139,1.969566382794139,1.969566382794139,1.969566382794139,1.969566382794139,1.969566382794139,1.969566382794139,1.969566382794139,1.969566382794139,1.969566382794139,1.969566382794139,1.969566382794139,1.969566382794139,1.969566382794139,1.969566382794139,1.969566382794139,1.969566382794139,1.969566382794139,1.969566382794139,1.969566382794139,1.969566382794139,1.969566382794139,1.969566382794139,1.969566382794139,1.969566382794139,1.969566382794139,1.969566382794139,1.969566382794139,1.969566382794139,1.969566382794139,1.969566382794139,1.969566382794139,1.969566382794139,1.969566382794139,1.969566382794139,1.969566382794139,1.969566382794139,1.969566382794139,1.969566382794139,1.969566382794139,1.969566382794139,1.969566382794139,1.969566382794139,1.969566382794139,1.969566382794139,1.969566382794139,1.969566382794139,1.969566382794139,1.969566382794139,1.969566382794139,1.969566382794139,1.969566382794139,1.969566382794139,1.969566382794139,1.969566382794139,1.969566382794139,1.969566382794139,1.969566382794139,1.969566382794139,1.969566382794139,1.969566382794139,1.969566382794139,1.969566382794139,1.969566382794139,1.969566382794139,1.969566382794139,1.969566382794139,1.969566382794139,1.969566382794139,1.969566382794139,1.969566382794139,1.969566382794139,1.969566382794139,1.969566382794139,1.969566382794139,1.969566382794139,1.969566382794139,1.969566382794139,1.969566382794139,1.969566382794139,1.969566382794139,1.969566382794139,1.969566382794139,1.969566382794139,1.969566382794139,1.969566382794139,1.969566382794139,1.969566382794139,1.969566382794139,1.969566382794139,1.969566382794139,1.969566382794139,1.969566382794139,1.969566382794139,1.969566382794139,1.969566382794139,1.969566382794139,1.969566382794139,1.969566382794139,1.969566382794139,1.969566382794139,1.969566382794139,1.969566382794139,1.969566382794139,1.969566382794139,1.969566382794139,1.969566382794139,1.969566382794139,1.969566382794139,1.969566382794139,1.969566382794139,1.969566382794139,1.969566382794139,1.969566382794139,1.969566382794139,1.969566382794139,1.969566382794139,1.969566382794139,1.969566382794139,1.969566382794139,1.969566382794139,1.969566382794139,1.969566382794139,1.969566382794139,1.969566382794139,1.969566382794139,1.969566382794139,1.969566382794139,1.969566382794139,1.969566382794139,1.969566382794139,1.969566382794139,1.969566382794139,1.969566382794139,1.969566382794139,1.969566382794139,1.969566382794139,1.969566382794139,1.969566382794139,1.969566382794139,1.969566382794139,1.969566382794139,1.969566382794139,1.969566382794139,1.969566382794139,1.969566382794139,1.969566382794139,1.969566382794139,1.969566382794139,1.969566382794139,1.969566382794139,1.969566382794139,1.969566382794139,1.969566382794139,1.969566382794139,1.969566382794139,1.969566382794139,1.969566382794139,1.969566382794139,1.969566382794139,1.969566382794139,1.969566382794139,1.969566382794139,1.969566382794139,1.969566382794139,1.969566382794139,1.969566382794139,1.969566382794139,1.969566382794139,1.969566382794139,1.969566382794139,1.969566382794139,1.969566382794139,1.969566382794139,1.969566382794139,1.969566382794139,1.969566382794139,1.969566382794139,1.969566382794139,1.969566382794139,1.969566382794139,1.969566382794139,1.969566382794139,1.969566382794139,1.969566382794139,1.969566382794139,1.969566382794139,1.969566382794139,1.969566382794139,1.969566382794139,1.969566382794139,1.969566382794139,1.969566382794139,1.969566382794139,1.969566382794139,1.969566382794139,1.969566382794139,1.969566382794139,1.969566382794139,1.969566382794139,1.969566382794139,1.969566382794139,1.969566382794139,1.969566382794139,1.969566382794139,1.969566382794139,1.969566382794139,1.969566382794139,1.969566382794139,1.969566382794139,1.969566382794139,1.969566382794139,1.969566382794139,1.969566382794139,1.969566382794139,1.969566382794139,1.969566382794139,1.969566382794139,1.969566382794139,1.969566382794139,1.969566382794139,1.969566382794139,1.969566382794139,1.969566382794139,1.969566382794139,1.969566382794139,1.969566382794139,1.969566382794139,1.969566382794139,1.969566382794139,1.969566382794139,1.969566382794139,1.969566382794139,1.969566382794139,1.969566382794139,1.969566382794139,1.969566382794139,1.969566382794139,1.969566382794139,1.969566382794139,1.969566382794139,1.969566382794139,1.969566382794139,1.969566382794139,1.969566382794139,1.969566382794139,1.969566382794139,1.969566382794139,1.969566382794139,1.969566382794139,1.969566382794139,1.969566382794139,1.969566382794139
-0.8547309516344097,-0.8547309516344097,-0.8547309516344097,-0.8547309516344097,-0.8547309516344097,-0.8547309516344097,-0.8547309516344097,-0.8547309516344097,-0.8547309516344097,-0.8547309516344097,-0.8547309516344097,-0.8547309516344097,-0.8547309516344097,-0.8547309516344097,-0.8547309516344097,-0.8547309516344097,-0.8547309516344097,-0.8547309516344097,-0.8547309516344097,-0.8547309516344097,-0.8547309516344097,-0.8547309516344097,-0.8547309516344097,-0.8547309516344097,-0.8547309516344097,-0.8547309516344097,-0.8547309516344097,-0.8547309516344097,-0.8547309516344097,-0.8547309516344097,-0.8547309516344097,-0.8547309516344097,-0.8547309516344097,-0.8547309516344097,-0.8547309516344097,-0.8547309516344097,-0.8547309516344097,-0.8547309516344097,-0.8547309516344097,-0.8547309516344097,-0.8547309516344097,-0.8547309516344097,-0.8547309516344097,-0.8547309516344097,-0.8547309516344097,-0.8547309516344097,-0.8547309516344097,-0.8547309516344097,-0.8547309516344097,-0.8547309516344097,-0.8547309516344097,-0.8547309516344097,-0.8547309516344097,-0.8547309516344097,-0.8547309516344097,-0.8547309516344097,-0.8547309516344097,-0.8547309516344097,-0.8547309516344097,-0.8547309516344097,-0.8547309516344097,-0.8547309516344097,-0.8547309516344097,-0.8547309516344097,-0.8547309516344097,-0.8547309516344097,-0.8547309516344097,-0.8547309516344097,-0.8547309516344097,-0.8547309516344097,-0.8547309516344097,-0.8547309516344097,-0.8547309516344097,-0.8547309516344097,-0.8547309516344097,-0.8547309516344097,-0.8547309516344097,-0.8547309516344097,-0.8547309516344097,-0.8547309516344097,-0.8547309516344097,-0.8547309516344097,-0.8547309516344097,-0.8547309516344097,-0.8547309516344097,-0.8547309516344097,-0.8547309516344097,-0.8547309516344097,-0.8547309516344097,-0.8547309516344097,-0.8547309516344097,-0.8547309516344097,-0.8547309516344097,-0.8547309516344097,-0.8547309516344097,-0.8547309516344097,-0.8547309516344097,-0.8547309516344097,-0.8547309516344097,-0.8547309516344097,-0.8547309516344097,-0.8547309516344097,-0.8547309516344097,-0.8547309516344097,-0.8547309516344097,-0.8547309516344097,-0.8547309516344097,-0.8547309516344097,-0.8547309516344097,-0.8547309516344097,-0.8547309516344097,-0.8547309516344097,-0.8547309516344097,-0.8547309516344097,-0.8547309516344097,-0.8547309516344097,-0.8547309516344097,-0.8547309516344097,-0.8547309516344097,-0.8547309516344097,-0.8547309516344097,-0.8547309516344097,-0.8547309516344097,-0.8547309516344097,-0.8547309516344097,-0.8547309516344097,-0.8547309516344097,-0.8547309516344097,-0.8547309516344097,-0.8547309516344097,-0.8547309516344097,-0.8547309516344097,-0.8547309516344097,-0.8547309516344097,-0.8547309516344097,-0.8547309516344097,-0.8547309516344097,-0.8547309516344097,-0.8547309516344097,-0.8547309516344097,-0.8547309516344097,-0.8547309516344097,-0.8547309516344097,-0.8547309516344097,-0.8547309516344097,-0.8547309516344097,-0.8547309516344097,-0.8547309516344097,-0.8547309516344097,-0.8547309516344097,-0.8547309516344097,-0.8547309516344097,-0.8547309516344097,-0.8547309516344097,-0.8547309516344097,-0.8547309516344097,-0.8547309516344097,-0.8547309516344097,-0.8547309516344097,-0.8547309516344097,-0.8547309516344097,-0.8547309516344097,-0.8547309516344097,-0.8547309516344097,-0.8547309516344097,-0.8547309516344097,-0.8547309516344097,-0.8547309516344097,-0.8547309516344097,-0.8547309516344097,-0.8547309516344097,-0.8547309516344097,-0.8547309516344097,-0.8547309516344097,-0.8547309516344097,-0.8547309516344097,-0.8547309516344097,-0.8547309516344097,-0.8547309516344097,-0.8547309516344097,-0.8547309516344097,-0.8547309516344097,-0.8547309516344097,-0.8547309516344097,-0.8547309516344097,-0.8547309516344097,-0.8547309516344097,-0.8547309516344097,-0.8547309516344097,-0.8547309516344097,-0.8547309516344097,-0.8547309516344097,-0.8547309516344097,-0.8547309516344097,-0.8547309516344097,-0.8547309516344097,-0.8547309516344097,-0.8547309516344097,-0.8547309516344097,-0.8547309516344097,-0.8547309516344097,-0.8547309516344097,-0.8547309516344097,-0.8547309516344097,-0.8547309516344097,-0.8547309516344097,-0.8547309516344097,-0.8547309516344097,-0.8547309516344097,-0.8547309516344097,-0.8547309516344097,-0.8547309516344097,-0.8547309516344097,-0.8547309516344097,-0.8547309516344097,-0.8547309516344097,-0.8547309516344097,-0.8547309516344097,-0.8547309516344097,-0.8547309516344097,-0.8547309516344097,-0.8547309516344097,-0.8547309516344097,-0.8547309516344097,-0.8547309516344097,-0.8547309516344097,-0.8547309516344097,-0.8547309516344097,-0.8547309516344097,-0.8547309516344097,-0.8547309516344097,-0.8547309516344097,-0.8547309516344097,-0.8547309516344097,-0.8547309516344097,-0.8547309516344097,-0.8547309516344097,-0.8547309516344097,-0.8547309516344097,-0.8547309516344097,-0.8547309516344097,-0.8547309516344097,-0.8547309516344097,-0.8547309516344097,-0.8547309516344097,-0.8547309516344097,-0.8547309516344097,-0.8547309516344097,-0.8547309516344097,-0.8547309516344097,-0.8547309516344097,-0.8547309516344097,-0.8547309516344097,-0.8547309516344097,-0.8547309516344097,-0.8547309516344097,-0.8547309516344097,-0.8547309516344097,-0.8547309516344097,-0.8547309516344097,-0.8547309516344097,-0.8547309516344097,-0.8547309516344097,-0.8547309516344097,-0.8547309516344097,-0.8547309516344097,-0.8547309516344097,-0.8547309516344097,-0.8547309516344097,-0.8547309516344097,-0.8547309516344097,-0.8547309516344097,-0.8547309516344097,-0.8547309516344097,-0.8547309516344097,-0.8547309516344097,-0.8547309516344097,-0.8547309516344097,-0.8547309516344097,-0.8547309516344097,-0.8547309516344097,-0.8547309516344097,-0.8547309516344097,-0.8547309516344097,-0.8547309516344097,-0.8547309516344097,-0.8547309516344097,-0.8547309516344097,-0.8547309516344097,-0.8547309516344097,-0.8547309516344097,-0.8547309516344097,-0.8547309516344097,-0.8547309516344097,-0.8547309516344097,-0.8547309516344097,-0.8547309516344097,-0.8547309516344097,-0.8547309516344097,-0.8547309516344097,-0.8547309516344097,-0.8547309516344097
1.0228830132458286,1.0228830132458286,1.0228830132458286,1.0228830132458286,1.0228830132458286,1.0228830132458286,1.0228830132458286,1.0228830132458286,1.0228830132458286,1.0228830132458286,1.0228830132458286,1.0228830132458286,1.0228830132458286,1.0228830132458286,1.0228830132458286,1.0228830132458286,1.0228830132458286,1.0228830132458286,1.0228830132458286,1.0228830132458286,1.0228830132458286,1.0228830132458286,1.0228830132458286,1.0228830132458286,1.0228830132458286,1.0228830132458286,1.0228830132458286,1.0228830132458286,1.0228830132458286,1.0228830132458286,1.0228830132458286,1.0228830132458286,1.0228830132458286,1.0228830132458286,1.0228830132458286,1.0228830132458286,1.0228830132458286,1.0228830132458286,1.0228830132458286,1.0228830132458286,1.0228830132458286,1.0228830132458286,1.0228830132458286,1.0228830132458286,1.0228830132458286,1.0228830132458286,1.0228830132458286,1.0228830132458286,1.0228830132458286,1.0228830132458286,1.0228830132458286,1.0228830132458286,1.0228830132458286,1.0228830132458286,1.0228830132458286,1.0228830132458286,1.0228830132458286,1.0228830132458286,1.0228830132458286,1.0228830132458286,1.0228830132458286,1.0228830132458286,1.0228830132458286,1.0228830132458286,1.0228830132458286,1.0228830132458286,1.0228830132458286,1.0228830132458286,1.0228830132458286,1.0228830132458286,1.0228830132458286,1.0228830132458286,1.0228830132458286,1.0228830132458286,1.0228830132458286,1.0228830132458286,1.0228830132458286,1.0228830132458286,1.0228830132458286,1.0228830132458286,1.0228830132458286,1.0228830132458286,1.0228830132458286,1.0228830132458286,1.0228830132458286,1.0228830132458286,1.0228830132458286,1.0228830132458286,1.0228830132458286,1.0228830132458286,1.0228830132458286,1.0228830132458286,1.0228830132458286,1.0228830132458286,1.0228830132458286,1.0228830132458286,1.0228830132458286,1.0228830132458286,1.0228830132458286,1.0228830132458286,1.0228830132458286,1.0228830132458286,1.0228830132458286,1.0228830132458286,1.0228830132458286,1.0228830132458286,1.0228830132458286,1.0228830132458286,1.0228830132458286,1.0228830132458286,1.0228830132458286,1.0228830132458286,1.0228830132458286,1.0228830132458286,1.0228830132458286,1.0228830132458286,1.0228830132458286,1.0228830132458286,1.0228830132458286,1.0228830132458286,1.0228830132458286,1.0228830132458286,1.0228830132458286,1.0228830132458286,1.0228830132458286,1.0228830132458286,1.0228830132458286,1.0228830132458286,1.0228830132458286,1.0228830132458286,1.0228830132458286,1.0228830132458286,1.0228830132458286,1.0228830132458286,1.0228830132458286,1.0228830132458286,1.0228830132458286,1.0228830132458286,1.0228830132458286,1.0228830132458286,1.0228830132458286,1.0228830132458286,1.0228830132458286,1.0228830132458286,1.0228830132458286,1.0228830132458286,1.0228830132458286,1.0228830132458286,1.0228830132458286,1.0228830132458286,1.0228830132458286,1.0228830132458286,1.0228830132458286,1.0228830132458286,1.0228830132458286,1.0228830132458286,1.0228830132458286,1.0228830132458286,1.0228830132458286,1.0228830132458286,1.0228830132458286,1.0228830132458286,1.0228830132458286,1.0228830132458286,1.0228830132458286,1.0228830132458286,1.0228830132458286,1.0228830132458286,1.0228830132458286,1.0228830132458286,1.0228830132458286,1.0228830132458286,1.0228830132458286,1.0228830132458286,1.0228830132458286,1.0228830132458286,1.0228830132458286,1.0228830132458286,1.0228830132458286,1.0228830132458286,1.0228830132458286,1.0228830132458286,1.0228830132458286,1.0228830132458286,1.0228830132458286,1.0228830132458286,1.0228830132458286,1.0228830132458286,1.0228830132458286,1.0228830132458286,1.0228830132458286,1.0228830132458286,1.0228830132458286,1.0228830132458286,1.0228830132458286,1.0228830132458286,1.0228830132458286,1.0228830132458286,1.0228830132458286,1.0228830132458286,1.0228830132458286,1.0228830132458286,1.0228830132458286,1.0228830132458286,1.0228830132458286,1.0228830132458286,1.0228830132458286,1.0228830132458286,1.0228830132458286,1.0228830132458286,1.0228830132458286,1.0228830132458286,1.0228830132458286,1.0228830132458286,1.0228830132458286,1.0228830132458286,1.0228830132458286,1.0228830132458286,1.0228830132458286,1.0228830132458286,1.0228830132458286,1.0228830132458286,1.0228830132458286,1.0228830132458286,1.0228830132458286,1.0228830132458286,1.0228830132458286,1.0228830132458286,1.0228830132458286,1.0228830132458286,1.0228830132458286,1.0228830132458286,1.0228830132458286,1.0228830132458286,1.0228830132458286,1.0228830132458286,1.0228830132458286,1.0228830132458286,1.0228830132458286,1.0228830132458286,1.0228830132458286,1.0228830132458286,1.0228830132458286,1.0228830132458286,1.0228830132458286,1.0228830132458286,1.0228830132458286,1.0228830132458286,1.0228830132458286,1.0228830132458286,1.0228830132458286,1.0228830132458286,1.0228830132458286,1.0228830132458286,1.0228830132458286,1.0228830132458286,1.0228830132458286,1.0228830132458286,1.0228830132458286,1.0228830132458286,1.0228830132458286,1.0228830132458286,1.0228830132458286,1.0228830132458286,1.0228830132458286,1.0228830132458286,1.0228830132458286,1.0228830132458286,1.0228830132458286,1.0228830132458286,1.0228830132458286,1.0228830132458286,1.0228830132458286,1.0228830132458286,1.0228830132458286,1.0228830132458286,1.0228830132458286,1.0228830132458286,1.0228830132458286,1.0228830132458286,1.0228830132458286,1.0228830132458286,1.0228830132458286,1.0228830132458286,1.0228830132458286,1.0228830132458286,1.0228830132458286,1.0228830132458286,1.0228830132458286,1.0228830132458286,1.0228830132458286,1.0228830132458286,1.0228830132458286,1.0228830132458286,1.0228830132458286,1.0228830132458286,1.0228830132458286,1.0228830132458286,1.0228830132458286,1.0228830132458286,1.0228830132458286,1.0228830132458286
-1.0,-1.0,-1.0,-1.0,-1.0,-1.0,-1.0,-1.0,-1.0,-1.0,-1.0,-1.0,-1.0,-1.0,-1.0,-1.0,-1.0,-1.0,-1.0,-1.0,-1.0,-1.0,-1.0,-1.0,-1.0,-1.0,-1.0,-1.0,-1.0,-1.0,-1.0,-1.0,-1.0,-1.0,-1.0,-1.0,-1.0,-1.0,-1.0,-1.0,-1.0,-1.0,-1.0,-1.0,-1.0,-1.0,-1.0,-1.0,-1.0,-1.0,-1.0,-1.0,-1.0,-1.0,-1.0,-1.0,-1.0,-1.0,-1.0,-1.0,-1.0,-1.0,-1.0,-1.0,-1.0,-1.0,-1.0,-1.0,-1.0,-1.0,-1.0,-1.0,-1.0,-1.0,-1.0,-1.0,-1.0,-1.0,-1.0,-1.0,-1.0,-1.0,-1.0,-1.0,-1.0,-1.0,-1.0,-1.0,-1.0,-1.0,-1.0,-1.0,-1.0,-1.0,-1.0,-1.0,-1.0,-1.0,-1.0,-1.0,-1.0,-1.0,-1.0,-1.0,-1.0,-1.0,-1.0,-1.0,-1.0,-1.0,-1.0,-1.0,-1.0,-1.0,-1.0,-1.0,-1.0,-1.0,-1.0,-1.0,-1.0,-1.0,-1.0,-1.0,-1.0,-1.0,-1.0,-1.0,-1.0,-1.0,-1.0,-1.0,-1.0,-1.0,-1.0,-1.0,-1.0,-1.0,-1.0,-1.0,-1.0,-1.0,-1.0,-1.0,-1.0,-1.0,-1.0,-1.0,-1.0,-1.0,-1.0,-1.0,-1.0,-1.0,-1.0,-1.0,-1.0,-1.0,-1.0,-1.0,-1.0,-1.0,-1.0,-1.0,-1.0,-1.0,-1.0,-1.0,-1.0,-1.0,-1.0,-1.0,-1.0,-1.0,-1.0,-1.0,-1.0,-1.0,-1.0,-1.0,-1.0,-1.0,-1.0,-1.0,-1.0,-1.0,-1.0,-1.0,-1.0,-1.0,-1.0,-1.0,-1.0,-1.0,-1.0,-1.0,-1.0,-1.0,-1.0,-1.0,-1.0,-1.0,-1.0,-1.0,-1.0,-1.0,-1.0,-1.0,-1.0,-1.0,-1.0,-1.0,-1.0,-1.0,-1.0,-1.0,-1.0,-1.0,-1.0,-1.0,-1.0,-1.0,-1.0,-1.0,-1.0,-1.0,-1.0,-1.0,-1.0,-1.0,-1.0,-1.0,-1.0,-1.0,-1.0,-1.0,-1.0,-1.0,-1.0,-1.0,-1.0,-1.0,-1.0,-1.0,-1.0,-1.0,-1.0,-1.0,-1.0,-1.0,-1.0,-1.0,-1.0,-1.0,-1.0,-1.0,-1.0,-1.0,-1.0,-1.0,-1.0,-1.0,-1.0,-1.0,-1.0,-1.0,-1.0,-1.0,-1.0,-1.0,-1.0,-1.0,-1.0,-1.0,-1.0,-1.0,-1.0,-1.0,-1.0,-1.0,-1.0,-1.0,-1.0,-1.0,-1.0,-1.0,-1.0,-1.0,-1.0,-1.0,-1.0,-1.0,-1.0,-1.0,-1.0,-1.0,-1.0,-1.0,-1.0,-1.0,-1.0,-1.0
-1.0,-1.0,-1.0,-1.0,-1.0,-1.0,-1.0,-1.0,-1.0,-1.0,-1.0,-1.0,-1.0,-1.0,-1.0,-1.0,-1.0,-1.0,-1.0,-1.0,-1.0,-1.0,-1.0,-1.0,-1.0,-1.0,-1.0,-1.0,-1.0,-1.0,-1.0,-1.0,-1.0,-1.0,-1.0,-1.0,-1.0,-1.0,-1.0,-1.0,-1.0,-1.0,-1.0,-1.0,-1.0,-1.0,-1.0,-1.0,-1.0,-1.0,-1.0,-1.0,-1.0,-1.0,-1.0,-1.0,-1.0,-1.0,-1.0,-1.0,-1.0,-1.0,-1.0,-1.0,-1.0,-1.0,-1.0,-1.0,-1.0,-1.0,-1.0,-1.0,-1.0,-1.0,-1.0,-1.0,-1.0,-1.0,-1.0,-1.0,-1.0,-1.0,-1.0,-1.0,-1.0,-1.0,-1.0,-1.0,-1.0,-1.0,-1.0,-1.0,-1.0,-1.0,-1.0,-1.0,-1.0,-1.0,-1.0,-1.0,-1.0,-1.0,-1.0,-1.0,-1.0,-1.0,-1.0,-1.0,-1.0,-1.0,-1.0,-1.0,-1.0,-1.0,-1.0,-1.0,-1.0,-1.0,-1.0,-1.0,-1.0,-1.0,-1.0,-1.0,-1.0,-1.0,-1.0,-1.0,-1.0,-1.0,-1.0,-1.0,-1.0,-1.0,-1.0,-1.0,-1.0,-1.0,-1.0,-1.0,-1.0,-1.0,-1.0,-1.0,-1.0,-1.0,-1.0,-1.0,-1.0,-1.0,-1.0,-1.0,-1.0,-1.0,-1.0,-1.0,-1.0,-1.0,-1.0,-1.0,-1.0,-1.0,-1.0,-1.0,-1.0,-1.0,-1.0,-1.0,-1.0,-1.0,-1.0,-1.0,-1.0,-1.0,-1.0,-1.0,-1.0,-1.0,-1.0,-1.0,-1.0,-1.0,-1.0,-1.0,-1.0,-1.0,-1.0,-1.0,-1.0,-1.0,-1.0,-1.0,-1.0,-1.0,-1.0,-1.0,-1.0,-1.0,-1.0,-1.0,-1.0,-1.0,-1.0,-1.0,-1.0,-1.0,-1.0,-1.0,-1.0,-1.0,-1.0,-1.0,-1.0,-1.0,-1.0,-1.0,-1.0,-1.0,-1.0,-1.0,-1.0,-1.0,-1.0,-1.0,-1.0,-1.0,-1.0,-1.0,-1.0,-1.0,-1.0,-1.0,-1.0,-1.0,-1.0,-1.0,-1.0,-1.0,-1.0,-1.0,-1.0,-1.0,-1.0,-1.0,-1.0,-1.0,-1.0,-1.0,-1.0,-1.0,-1.0,-1.0,-1.0,-1.0,-1.0,-1.0,-1.0,-1.0,-1.0,-1.0,-1.0,-1.0,-1.0,-1.0,-1.0,-1.0,-1.0,-1.0,-1.0,-1.0,-1.0,-1.0,-1.0,-1.0,-1.0,-1.0,-1.0,-1.0,-1.0,-1.0,-1.0,-1.0,-1.0,-1.0,-1.0,-1.0,-1.0,-1.0,-1.0,-1.0,-1.0,-1.0,-1.0,-1.0,-1.0,-1.0,-1.0,-1.0,-1.0,-1.0,-1.0,-1.0
1.0,1.0,1.0,1.0,1.0,1.0,1.0,1.0,1.0,1.0,1.0,1.0,1.0,1.0,1.0,1.0,1.0,1.0,1.0,1.0,1.0,1.0,1.0,1.0,1.0,1.0,1.0,1.0,1.0,1.0,1.0,1.0,1.0,1.0,1.0,1.0,1.0,1.0,1.0,1.0,1.0,1.0,1.0,1.0,1.0,1.0,1.0,1.0,1.0,1.0,1.0,1.0,1.0,1.0,1.0,1.0,1.0,1.0,1.0,1.0,1.0,1.0,1.0,1.0,1.0,1.0,1.0,1.0,1.0,1.0,1.0,1.0,1.0,1.0,1.0,1.0,1.0,1.0,1.0,1.0,1.0,1.0,1.0,1.0,1.0,1.0,1.0,1.0,1.0,1.0,1.0,1.0,1.0,1.0,1.0,1.0,1.0,1.0,1.0,1.0,1.0,1.0,1.0,1.0,1.0,1.0,1.0,1.0,1.0,1.0,1.0,1.0,1.0,1.0,1.0,1.0,1.0,1.0,1.0,1.0,1.0,1.0,1.0,1.0,1.0,1.0,1.0,1.0,1.0,1.0,1.0,1.0,1.0,1.0,1.0,1.0,1.0,1.0,1.0,1.0,1.0,1.0,1.0,1.0,1.0,1.0,1.0,1.0,1.0,1.0,1.0,1.0,1.0,1.0,1.0,1.0,1.0,1.0,1.0,1.0,1.0,1.0,1.0,1.0,1.0,1.0,1.0,1.0,1.0,1.0,1.0,1.0,1.0,1.0,1.0,1.0,1.0,1.0,1.0,1.0,1.0,1.0,1.0,1.0,1.0,1.0,1.0,1.0,1.0,1.0,1.0,1.0,1.0,1.0,1.0,1.0,1.0,1.0,1.0,1.0,1.0,1.0,1.0,1.0,1.0,1.0,1.0,1.0,1.0,1.0,1.0,1.0,1.0,1.0,1.0,1.0,1.0,1.0,1.0,1.0,1.0,1.0,1.0,1.0,1.0,1.0,1.0,1.0,1.0,1.0,1.0,1.0,1.0,1.0,1.0,1.0,1.0,1.0,1.0,1.0,1.0,1.0,1.0,1.0,1.0,1.0,1.0,1.0,1.0,1.0,1.0,1.0,1.0,1.0,1.0,1.0,1.0,1.0,1.0,1.0,1.0,1.0,1.0,1.0,1.0,1.0,1.0,1.0,1.0,1.0,1.0,1.0,1.0,1.0,1.0,1.0,1.0,1.0,1.0,1.0,1.0,1.0,1.0,1.0,1.0,1.0,1.0,1.0,1.0,1.0,1.0,1.0,1.0,1.0,1.0,1.0,1.0,1.0,1.0,1.0,1.0,1.0
-1.0,-1.0,-1.0,-1.0,-1.0,-1.0,-1.0,-1.0,-1.0,-1.0,-1.0,-1.0,-1.0,-1.0,-1.0,-1.0,-1.0,-1.0,-1.0,-1.0,-1.0,-1.0,-1.0,-1.0,-1.0,-1.0,-1.0,-1.0,-1.0,-1.0,-1.0,-1.0,-1.0,-1.0,-1.0,-1.0,-1.0,-1.0,-1.0,-1.0,-1.0,-1.0,-1.0,-1.0,-1.0,-1.0,-1.0,-1.0,-1.0,-1.0,-1.0,-1.0,-1.0,-1.0,-1.0,-1.0,-1.0,-1.0,-1.0,-1.0,-1.0,-1.0,-1.0,-1.0,-1.0,-1.0,-1.0,-1.0,-1.0,-1.0,-1.0,-1.0,-1.0,-1.0,-1.0,-1.0,-1.0,-1.0,-1.0,-1.0,-1.0,-1.0,-1.0,-1.0,-1.0,-1.0,-1.0,-1.0,-1.0,-1.0,-1.0,-1.0,-1.0,-1.0,-1.0,-1.0,-1.0,-1.0,-1.0,-1.0,-1.0,-1.0,-1.0,-1.0,-1.0,-1.0,-1.0,-1.0,-1.0,-1.0,-1.0,-1.0,-1.0,-1.0,-1.0,-1.0,-1.0,-1.0,-1.0,-1.0,-1.0,-1.0,-1.0,-1.0,-1.0,-1.0,-1.0,-1.0,-1.0,-1.0,-1.0,-1.0,-1.0,-1.0,-1.0,-1.0,-1.0,-1.0,-1.0,-1.0,-1.0,-1.0,-1.0,-1.0,-1.0,-1.0,-1.0,-1.0,-1.0,-1.0,-1.0,-1.0,-1.0,-1.0,-1.0,-1.0,-1.0,-1.0,-1.0,-1.0,-1.0,-1.0,-1.0,-1.0,-1.0,-1.0,-1.0,-1.0,-1.0,-1.0,-1.0,-1.0,-1.0,-1.0,-1.0,-1.0,-1.0,-1.0,-1.0,-1.0,-1.0,-1.0,-1.0,-1.0,-1.0,-1.0,-1.0,-1.0,-1.0,-1.0,-1.0,-1.0,-1.0,-1.0,-1.0,-1.0,-1.0,-1.0,-1.0,-1.0,-1.0,-1.0,-1.0,-1.0,-1.0,-1.0,-1.0,-1.0,-1.0,-1.0,-1.0,-1.0,-1.0,-1.0,-1.0,-1.0,-1.0,-1.0,-1.0,-1.0,-1.0,-1.0,-1.0,-1.0,-1.0,-1.0,-1.0,-1.0,-1.0,-1.0,-1.0,-1.0,-1.0,-1.0,-1.0,-1.0,-1.0,-1.0,-1.0,-1.0,-1.0,-1.0,-1.0,-1.0,-1.0,-1.0,-1.0,-1.0,-1.0,-1.0,-1.0,-1.0,-1.0,-1.0,-1.0,-1.0,-1.0,-1.0,-1.0,-1.0,-1.0,-1.0,-1.0,-1.0,-1.0,-1.0,-1.0,-1.0,-1.0,-1.0,-1.0,-1.0,-1.0,-1.0,-1.0,-1.0,-1.0,-1.0,-1.0,-1.0,-1.0,-1.0,-1.0,-1.0,-1.0,-1.0,-1.0,-1.0,-1.0,-1.0,-1.0,-1.0,-1.0,-1.0,-1.0,-1.0,-1.0,-1.0,-1.0,-1.0,-1.0,-1.0
-1.0,-1.0,-1.0,-1.0,-1.0,-1.0,-1.0,-1.0,-1.0,-1.0,-1.0,-1.0,-1.0,-1.0,-1.0,-1.0,-1.0,-1.0,-1.0,-1.0,-1.0,-1.0,-1.0,-1.0,-1.0,-1.0,-1.0,-1.0,-1.0,-1.0,-1.0,-1.0,-1.0,-1.0,-1.0,-1.0,-1.0,-1.0,-1.0,-1.0,-1.0,-1.0,-1.0,-1.0,-1.0,-1.0,-1.0,-1.0,-1.0,-1.0,-1.0,-1.0,-1.0,-1.0,-1.0,-1.0,-1.0,-1.0,-1.0,-1.0,-1.0,-1.0,-1.0,-1.0,-1.0,-1.0,-1.0,-1.0,-1.0,-1.0,-1.0,-1.0,-1.0,-1.0,-1.0,-1.0,-1.0,-1.0,-1.0,-1.0,-1.0,-1.0,-1.0,-1.0,-1.0,-1.0,-1.0,-1.0,-1.0,-1.0,-1.0,-1.0,-1.0,-1.0,-1.0,-1.0,-1.0,-1.0,-1.0,-1.0,-1.0,-1.0,-1.0,-1.0,-1.0,-1.0,-1.0,-1.0,-1.0,-1.0,-1.0,-1.0,-1.0,-1.0,-1.0,-1.0,-1.0,-1.0,-1.0,-1.0,-1.0,-1.0,-1.0,-1.0,-1.0,-1.0,-1.0,-1.0,-1.0,-1.0,-1.0,-1.0,-1.0,-1.0,-1.0,-1.0,-1.0,-1.0,-1.0,-1.0,-1.0,-1.0,-1.0,-1.0,-1.0,-1.0,-1.0,-1.0,-1.0,-1.0,-1.0,-1.0,-1.0,-1.0,-1.0,-1.0,-1.0,-1.0,-1.0,-1.0,-1.0,-1.0,-1.0,-1.0,-1.0,-1.0,-1.0,-1.0,-1.0,-1.0,-1.0,-1.0,-1.0,-1.0,-1.0,-1.0,-1.0,-1.0,-1.0,-1.0,-1.0,-1.0,-1.0,-1.0,-1.0,-1.0,-1.0,-1.0,-1.0,-1.0,-1.0,-1.0,-1.0,-1.0,-1.0,-1.0,-1.0,-1.0,-1.0,-1.0,-1.0,-1.0,-1.0,-1.0,-1.0,-1.0,-1.0,-1.0,-1.0,-1.0,-1.0,-1.0,-1.0,-1.0,-1.0,-1.0,-1.0,-1.0,-1.0,-1.0,-1.0,-1.0,-1.0,-1.0,-1.0,-1.0,-1.0,-1.0,-1.0,-1.0,-1.0,-1.0,-1.0,-1.0,-1.0,-1.0,-1.0,-1.0,-1.0,-1.0,-1.0,-1.0,-1.0,-1.0,-1.0,-1.0,-1.0,-1.0,-1.0,-1.0,-1.0,-1.0,-1.0,-1.0,-1.0,-1.0,-1.0,-1.0,-1.0,-1.0,-1.0,-1.0,-1.0,-1.0,-1.0,-1.0,-1.0,-1.0,-1.0,-1.0,-1.0,-1.0,-1.0,-1.0,-1.0,-1.0,-1.0,-1.0,-1.0,-1.0,-1.0,-1.0,-1.0,-1.0,-1.0,-1.0,-1.0,-1.0,-1.0,-1.0,-1.0,-1.0,-1.0,-1.0,-1.0,-1.0,-1.0,-1.0,-1.0,-1.0,-1.0,-1.0
-1.0,-1.0,-1.0,-1.0,-1.0,-1.0,-1.0,-1.0,-1.0,-1.0,-1.0,-1.0,-1.0,-1.0,-1.0,-1.0,-1.0,-1.0,-1.0,-1.0,-1.0,-1.0,-1.0,-1.0,-1.0,-1.0,-1.0,-1.0,-1.0,-1.0,-1.0,-1.0,-1.0,-1.0,-1.0,-1.0,-1.0,-1.0,-1.0,-1.0,-1.0,-1.0,-1.0,-1.0,-1.0,-1.0,-1.0,-1.0,-1.0,-1.0,-1.0,-1.0,-1.0,-1.0,-1.0,-1.0,-1.0,-1.0,-1.0,-1.0,-1.0,-1.0,-1.0,-1.0,-1.0,-1.0,-1.0,-1.0,-1.0,-1.0,-1.0,-1.0,-1.0,-1.0,-1.0,-1.0,-1.0,-1.0,-1.0,-1.0,-1.0,-1.0,-1.0,-1.0,-1.0,-1.0,-1.0,-1.0,-1.0,-1.0,-1.0,-1.0,-1.0,-1.0,-1.0,-1.0,-1.0,-1.0,-1.0,-1.0,-1.0,-1.0,-1.0,-1.0,-1.0,-1.0,-1.0,-1.0,-1.0,-1.0,-1.0,-1.0,-1.0,-1.0,-1.0,-1.0,-1.0,-1.0,-1.0,-1.0,-1.0,-1.0,-1.0,-1.0,-1.0,-1.0,-1.0,-1.0,-1.0,-1.0,-1.0,-1.0,-1.0,-1.0,-1.0,-1.0,-1.0,-1.0,-1.0,-1.0,-1.0,-1.0,-1.0,-1.0,-1.0,-1.0,-1.0,-1.0,-1.0,-1.0,-1.0,-1.0,-1.0,-1.0,-1.0,-1.0,-1.0,-1.0,-1.0,-1.0,-1.0,-1.0,-1.0,-1.0,-1.0,-1.0,-1.0,-1.0,-1.0,-1.0,-1.0,-1.0,-1.0,-1.0,-1.0,-1.0,-1.0,-1.0,-1.0,-1.0,-1.0,-1.0,-1.0,-1.0,-1.0,-1.0,-1.0,-1.0,-1.0,-1.0,-1.0,-1.0,-1.0,-1.0,-1.0,-1.0,-1.0,-1.0,-1.0,-1.0,-1.0,-1.0,-1.0,-1.0,-1.0,-1.0,-1.0,-1.0,-1.0,-1.0,-1.0,-1.0,-1.0,-1.0,-1.0,-1.0,-1.0,-1.0,-1.0,-1.0,-1.0,-1.0,-1.0,-1.0,-1.0,-1.0,-1.0,-1.0,-1.0,-1.0,-1.0,-1.0,-1.0,-1.0,-1.0,-1.0,-1.0,-1.0,-1.0,-1.0,-1.0,-1.0,-1.0,-1.0,-1.0,-1.0,-1.0,-1.0,-1.0,-1.0,-1.0,-1.0,-1.0,-1.0,-1.0,-1.0,-1.0,-1.0,-1.0,-1.0,-1.0,-1.0,-1.0,-1.0,-1.0,-1.0,-1.0,-1.0,-1.0,-1.0,-1.0,-1.0,-1.0,-1.0,-1.0,-1.0,-1.0,-1.0,-1.0,-1.0,-1.0,-1.0,-1.0,-1.0,-1.0,-1.0,-1.0,-1.0,-1.0,-1.0,-1.0,-1.0,-1.0,-1.0,-1.0,-1.0,-1.0,-1.0,-1.0,-1.0,-1.0,-1.0
1.0,1.0,1.0,1.0,1.0,1.0,1.0,1.0,1.0,1.0,1.0,1.0,1.0,1.0,1.0,1.0,1.0,1.0,1.0,1.0,1.0,1.0,1.0,1.0,1.0,1.0,1.0,1.0,1.0,1.0,1.0,1.0,1.0,1.0,1.0,1.0,1.0,1.0,1.0,1.0,1.0,1.0,1.0,1.0,1.0,1.0,1.0,1.0,1.0,1.0,1.0,1.0,1.0,1.0,1.0,1.0,1.0,1.0,1.0,1.0,1.0,1.0,1.0,1.0,1.0,1.0,1.0,1.0,1.0,1.0,1.0,1.0,1.0,1.0,1.0,1.0,1.0,1.0,1.0,1.0,1.0,1.0,1.0,1.0,1.0,1.0,1.0,1.0,1.0,1.0,1.0,1.0,1.0,1.0,1.0,1.0,1.0,1.0,1.0,1.0,1.0,1.0,1.0,1.0,1.0,1.0,1.0,1.0,1.0,1.0,1.0,1.0,1.0,1.0,1.0,1.0,1.0,1.0,1.0,1.0,1.0,1.0,1.0,1.0,1.0,1.0,1.0,1.0,1.0,1.0,1.0,1.0,1.0,1.0,1.0,1.0,1.0,1.0,1.0,1.0,1.0,1.0,1.0,1.0,1.0,1.0,1.0,1.0,1.0,1.0,1.0,1.0,1.0,1.0,1.0,1.0,1.0,1.0,1.0,1.0,1.0,1.0,1.0,1.0,1.0,1.0,1.0,1.0,1.0,1.0,1.0,1.0,1.0,1.0,1.0,1.0,1.0,1.0,1.0,1.0,1.0,1.0,1.0,1.0,1.0,1.0,1.0,1.0,1.0,1.0,1.0,1.0,1.0,1.0,1.0,1.0,1.0,1.0,1.0,1.0,1.0,1.0,1.0,1.0,1.0,1.0,1.0,1.0,1.0,1.0,1.0,1.0,1.0,1.0,1.0,1.0,1.0,1.0,1.0,1.0,1.0,1.0,1.0,1.0,1.0,1.0,1.0,1.0,1.0,1.0,1.0,1.0,1.0,1.0,1.0,1.0,1.0,1.0,1.0,1.0,1.0,1.0,1.0,1.0,1.0,1.0,1.0,1.0,1.0,1.0,1.0,1.0,1.0,1.0,1.0,1.0,1.0,1.0,1.0,1.0,1.0,1.0,1.0,1.0,1.0,1.0,1.0,1.0,1.0,1.0,1.0,1.0,1.0,1.0,1.0,1.0,1.0,1.0,1.0,1.0,1.0,1.0,1.0,1.0,1.0,1.0,1.0,1.0,1.0,1.0,1.0,1.0,1.0,1.0,1.0,1.0,1.0,1.0,1.0,1.0,1.0,1.0
-0.6867158831697258,-0.6867158831697258,-0.6867158831697258,-0.6867158831697258,-0.6867158831697258,-0.6867158831697258,-0.6867158831697258,-0.6867158831697258,-0.6867158831697258,-0.6867158831697258,-0.6867158831697258,-0.6867158831697258,-0.6867158831697258,-0.6867158831697258,-0.6867158831697258,-0.6867158831697258,-0.6867158831697258,-0.6867158831697258,-0.6867158831697258,-0.6867158831697258,-0.6867158831697258,-0.6867158831697258,-0.6867158831697258,-0.6867158831697258,-0.6867158831697258,-0.6867158831697258,-0.6867158831697258,-0.6867158831697258,-0.6867158831697258,-0.6867158831697258,-0.6867158831697258,-0.6867158831697258,-0.6867158831697258,-0.6867158831697258,-0.6867158831697258,-0.6867158831697258,-0.6867158831697258,-0.6867158831697258,-0.6867158831697258,-0.6867158831697258,-0.6867158831697258,-0.6867158831697258,-0.6867158831697258,-0.6867158831697258,-0.6867158831697258,-0.6867158831697258,-0.6867158831697258,-0.6867158831697258,-0.6867158831697258,-0.6867158831697258,-0.6867158831697258,-0.6867158831697258,-0.6867158831697258,-0.6867158831697258,-0.6867158831697258,-0.6867158831697258,-0.6867158831697258,-0.6867158831697258,-0.6867158831697258,-0.6867158831697258,-0.6867158831697258,-0.6867158831697258,-0.6867158831697258,-0.6867158831697258,-0.6867158831697258,-0.6867158831697258,-0.6867158831697258,-0.6867158831697258,-0.6867158831697258,-0.6867158831697258,-0.6867158831697258,-0.6867158831697258,-0.6867158831697258,-0.6867158831697258,-0.6867158831697258,-0.6867158831697258,-0.6867158831697258,-0.6867158831697258,-0.6867158831697258,-0.6867158831697258,-0.6867158831697258,-0.6867158831697258,-0.6867158831697258,-0.6867158831697258,-0.6867158831697258,-0.6867158831697258,-0.6867158831697258,-0.6867158831697258,-0.6867158831697258,-0.6867158831697258,-0.6867158831697258,-0.6867158831697258,-0.6867158831697258,-0.6867158831697258,-0.6867158831697258,-0.6867158831697258,-0.6867158831697258,-0.6867158831697258,-0.6867158831697258,-0.6867158831697258,-0.6867158831697258,-0.6867158831697258,-0.6867158831697258,-0.6867158831697258,-0.6867158831697258,-0.6867158831697258,-0.6867158831697258,-0.6867158831697258,-0.6867158831697258,-0.6867158831697258,-0.6867158831697258,-0.6867158831697258,-0.6867158831697258,-0.6867158831697258,-0.6867158831697258,-0.6867158831697258,-0.6867158831697258,-0.6867158831697258,-0.6867158831697258,-0.6867158831697258,-0.6867158831697258,-0.6867158831697258,-0.6867158831697258,-0.6867158831697258,-0.6867158831697258,-0.6867158831697258,-0.6867158831697258,-0.6867158831697258,-0.6867158831697258,-0.6867158831697258,-0.6867158831697258,-0.6867158831697258,-0.6867158831697258,-0.6867158831697258,-0.6867158831697258,-0.6867158831697258,-0.6867158831697258,-0.6867158831697258,-0.6867158831697258,-0.6867158831697258,-0.6867158831697258,-0.6867158831697258,-0.6867158831697258,-0.6867158831697258,-0.6867158831697258,-0.6867158831697258,-0.6867158831697258,-0.6867158831697258,-0.6867158831697258,-0.6867158831697258,-0.6867158831697258,-0.6867158831697258,-0.6867158831697258,-0.6867158831697258,-0.6867158831697258,-0.6867158831697258,-0.6867158831697258,-0.6867158831697258,-0.6867158831697258,-0.6867158831697258,-0.6867158831697258,-0.6867158831697258,-0.6867158831697258,-0.6867158831697258,-0.6867158831697258,-0.6867158831697258,-0.6867158831697258,-0.6867158831697258,-0.6867158831697258,-0.6867158831697258,-0.6867158831697258,-0.6867158831697258,-0.6867158831697258,-0.6867158831697258,-0.6867158831697258,-0.6867158831697258,-0.6867158831697258,-0.6867158831697258,-0.6867158831697258,-0.6867158831697258,-0.6867158831697258,-0.6867158831697258,-0.6867158831697258,-0.6867158831697258,-0.6867158831697258,-0.6867158831697258,-0.6867158831697258,-0.6867158831697258,-0.6867158831697258,-0.6867158831697258,-0.6867158831697258,-0.6867158831697258,-0.6867158831697258,-0.6867158831697258,-0.6867158831697258,-0.6867158831697258,-0.6867158831697258,-0.6867158831697258,-0.6867158831697258,-0.6867158831697258,-0.6867158831697258,-0.6867158831697258,-0.6867158831697258,-0.6867158831697258,-0.6867158831697258,-0.6867158831697258,-0.6867158831697258,-0.6867158831697258,-0.6867158831697258,-0.6867158831697258,-0.6867158831697258,-0.6867158831697258,-0.6867158831697258,-0.6867158831697258,-0.6867158831697258,-0.6867158831697258,-0.6867158831697258,-0.6867158831697258,-0.6867158831697258,-0.6867158831697258,-0.6867158831697258,-0.6867158831697258,-0.6867158831697258,-0.6867158831697258,-0.6867158831697258,-0.6867158831697258,-0.6867158831697258,-0.6867158831697258,-0.6867158831697258,-0.6867158831697258,-0.6867158831697258,-0.6867158831697258,-0.6867158831697258,-0.6867158831697258,-0.6867158831697258,-0.6867158831697258,-0.6867158831697258,-0.6867158831697258,-0.6867158831697258,-0.6867158831697258,-0.6867158831697258,-0.6867158831697258,-0.6867158831697258,-0.6867158831697258,-0.6867158831697258,-0.6867158831697258,-0.6867158831697258,-0.6867158831697258,-0.6867158831697258,-0.6867158831697258,-0.6867158831697258,-0.6867158831697258,-0.6867158831697258,-0.6867158831697258,-0.6867158831697258,-0.6867158831697258,-0.6867158831697258,-0.6867158831697258,-0.6867158831697258,-0.6867158831697258,-0.6867158831697258,-0.6867158831697258,-0.6867158831697258,-0.6867158831697258,-0.6867158831697258,-0.6867158831697258,-0.6867158831697258,-0.6867158831697258,-0.6867158831697258,-0.6867158831697258,-0.6867158831697258,-0.6867158831697258,-0.6867158831697258,-0.6867158831697258,-0.6867158831697258,-0.6867158831697258,-0.6867158831697258,-0.6867158831697258,-0.6867158831697258,-0.6867158831697258,-0.6867158831697258,-0.6867158831697258,-0.6867158831697258,-0.6867158831697258,-0.6867158831697258,-0.6867158831697258,-0.6867158831697258,-0.6867158831697258,-0.6867158831697258,-0.6867158831697258,-0.6867158831697258,-0.6867158831697258,-0.6867158831697258,-0.6867158831697258,-0.6867158831697258,-0.6867158831697258,-0.6867158831697258,-0.6867158831697258,-0.6867158831697258,-0.6867158831697258,-0.6867158831697258,-0.6867158831697258
-0.793570547059243,-0.793570547059243,-0.793570547059243,-0.793570547059243,-0.793570547059243,-0.793570547059243,-0.793570547059243,-0.793570547059243,-0.793570547059243,-0.793570547059243,-0.793570547059243,-0.793570547059243,-0.793570547059243,-0.793570547059243,-0.793570547059243,-0.793570547059243,-0.793570547059243,-0.793570547059243,-0.793570547059243,-0.793570547059243,-0.793570547059243,-0.793570547059243,-0.793570547059243,-0.793570547059243,-0.793570547059243,-0.793570547059243,-0.793570547059243,-0.793570547059243,-0.793570547059243,-0.793570547059243,-0.793570547059243,-0.793570547059243,-0.793570547059243,-0.793570547059243,-0.793570547059243,-0.793570547059243,-0.793570547059243,-0.793570547059243,-0.793570547059243,-0.793570547059243,-0.793570547059243,-0.793570547059243,-0.793570547059243,-0.793570547059243,-0.793570547059243,-0.793570547059243,-0.793570547059243,-0.793570547059243,-0.793570547059243,-0.793570547059243,-0.793570547059243,-0.793570547059243,-0.793570547059243,-0.793570547059243,-0.793570547059243,-0.793570547059243,-0.793570547059243,-0.793570547059243,-0.793570547059243,-0.793570547059243,-0.793570547059243,-0.793570547059243,-0.793570547059243,-0.793570547059243,-0.793570547059243,-0.793570547059243,-0.793570547059243,-0.793570547059243,-0.793570547059243,-0.793570547059243,-0.793570547059243,-0.793570547059243,-0.793570547059243,-0.793570547059243,-0.793570547059243,-0.793570547059243,-0.793570547059243,-0.793570547059243,-0.793570547059243,-0.793570547059243,-0.793570547059243,-0.793570547059243,-0.793570547059243,-0.793570547059243,-0.793570547059243,-0.793570547059243,-0.793570547059243,-0.793570547059243,-0.793570547059243,-0.793570547059243,-0.793570547059243,-0.793570547059243,-0.793570547059243,-0.793570547059243,-0.793570547059243,-0.793570547059243,-0.793570547059243,-0.793570547059243,-0.793570547059243,-0.793570547059243,-0.793570547059243,-0.793570547059243,-0.793570547059243,-0.793570547059243,-0.793570547059243,-0.793570547059243,-0.793570547059243,-0.793570547059243,-0.793570547059243,-0.793570547059243,-0.793570547059243,-0.793570547059243,-0.793570547059243,-0.793570547059243,-0.793570547059243,-0.793570547059243,-0.793570547059243,-0.793570547059243,-0.793570547059243,-0.793570547059243,-0.793570547059243,-0.793570547059243,-0.793570547059243,-0.793570547059243,-0.793570547059243,-0.793570547059243,-0.793570547059243,-0.793570547059243,-0.793570547059243,-0.793570547059243,-0.793570547059243,-0.793570547059243,-0.793570547059243,-0.793570547059243,-0.793570547059243,-0.793570547059243,-0.793570547059243,-0.793570547059243,-0.793570547059243,-0.793570547059243,-0.793570547059243,-0.793570547059243,-0.793570547059243,-0.793570547059243,-0.793570547059243,-0.793570547059243,-0.793570547059243,-0.793570547059243,-0.793570547059243,-0.793570547059243,-0.793570547059243,-0.793570547059243,-0.793570547059243,-0.793570547059243,-0.793570547059243,-0.793570547059243,-0.793570547059243,-0.793570547059243,-0.793570547059243,-0.793570547059243,-0.793570547059243,-0.793570547059243,-0.793570547059243,-0.793570547059243,-0.793570547059243,-0.793570547059243,-0.793570547059243,-0.793570547059243,-0.793570547059243,-0.793570547059243,-0.793570547059243,-0.793570547059243,-0.793570547059243,-0.793570547059243,-0.793570547059243,-0.793570547059243,-0.793570547059243,-0.793570547059243,-0.793570547059243,-0.793570547059243,-0.793570547059243,-0.793570547059243,-0.793570547059243,-0.793570547059243,-0.793570547059243,-0.793570547059243,-0.793570547059243,-0.793570547059243,-0.793570547059243,-0.793570547059243,-0.793570547059243,-0.793570547059243,-0.793570547059243,-0.793570547059243,-0.793570547059243,-0.793570547059243,-0.793570547059243,-0.793570547059243,-0.793570547059243,-0.793570547059243,-0.793570547059243,-0.793570547059243,-0.793570547059243,-0.793570547059243,-0.793570547059243,-0.793570547059243,-0.793570547059243,-0.793570547059243,-0.793570547059243,-0.793570547059243,-0.793570547059243,-0.793570547059243,-0.793570547059243,-0.793570547059243,-0.793570547059243,-0.793570547059243,-0.793570547059243,-0.793570547059243,-0.793570547059243,-0.793570547059243,-0.793570547059243,-0.793570547059243,-0.793570547059243,-0.793570547059243,-0.793570547059243,-0.793570547059243,-0.793570547059243,-0.793570547059243,-0.793570547059243,-0.793570547059243,-0.793570547059243,-0.793570547059243,-0.793570547059243,-0.793570547059243,-0.793570547059243,-0.793570547059243,-0.793570547059243,-0.793570547059243,-0.793570547059243,-0.793570547059243,-0.793570547059243,-0.793570547059243,-0.793570547059243,-0.793570547059243,-0.793570547059243,-0.793570547059243,-0.793570547059243,-0.793570547059243,-0.793570547059243,-0.793570547059243,-0.793570547059243,-0.793570547059243,-0.793570547059243,-0.793570547059243,-0.793570547059243,-0.793570547059243,-0.793570547059243,-0.793570547059243,-0.793570547059243,-0.793570547059243,-0.793570547059243,-0.793570547059243,-0.793570547059243,-0.793570547059243,-0.793570547059243,-0.793570547059243,-0.793570547059243,-0.793570547059243,-0.793570547059243,-0.793570547059243,-0.793570547059243,-0.793570547059243,-0.793570547059243,-0.793570547059243,-0.793570547059243,-0.793570547059243,-0.793570547059243,-0.793570547059243,-0.793570547059243,-0.793570547059243,-0.793570547059243,-0.793570547059243,-0.793570547059243,-0.793570547059243,-0.793570547059243,-0.793570547059243,-0.793570547059243,-0.793570547059243,-0.793570547059243,-0.793570547059243,-0.793570547059243,-0.793570547059243,-0.793570547059243,-0.793570547059243,-0.793570547059243,-0.793570547059243,-0.793570547059243,-0.793570547059243,-0.793570547059243,-0.793570547059243,-0.793570547059243,-0.793570547059243
-0.7638546930368207,-0.7638546930368207,-0.7638546930368207,-0.7638546930368207,-0.7638546930368207,-0.7638546930368207,-0.7638546930368207,-0.7638546930368207,-0.7638546930368207,-0.7638546930368207,-0.7638546930368207,-0.7638546930368207,-0.7638546930368207,-0.7638546930368207,-0.7638546930368207,-0.7638546930368207,-0.7638546930368207,-0.7638546930368207,-0.7638546930368207,-0.7638546930368207,-0.7638546930368207,-0.7638546930368207,-0.7638546930368207,-0.7638546930368207,-0.7638546930368207,-0.7638546930368207,-0.7638546930368207,-0.7638546930368207,-0.7638546930368207,-0.7638546930368207,-0.7638546930368207,-0.7638546930368207,-0.7638546930368207,-0.7638546930368207,-0.7638546930368207,-0.7638546930368207,-0.7638546930368207,-0.7638546930368207,-0.7638546930368207,-0.7638546930368207,-0.7638546930368207,-0.7638546930368207,-0.7638546930368207,-0.7638546930368207,-0.7638546930368207,-0.7638546930368207,-0.7638546930368207,-0.7638546930368207,-0.7638546930368207,-0.7638546930368207,-0.7638546930368207,-0.7638546930368207,-0.7638546930368207,-0.7638546930368207,-0.7638546930368207,-0.7638546930368207,-0.7638546930368207,-0.7638546930368207,-0.7638546930368207,-0.7638546930368207,-0.7638546930368207,-0.7638546930368207,-0.7638546930368207,-0.7638546930368207,-0.7638546930368207,-0.7638546930368207,-0.7638546930368207,-0.7638546930368207,-0.7638546930368207,-0.7638546930368207,-0.7638546930368207,-0.7638546930368207,-0.7638546930368207,-0.7638546930368207,-0.7638546930368207,-0.7638546930368207,-0.7638546930368207,-0.7638546930368207,-0.7638546930368207,-0.7638546930368207,-0.7638546930368207,-0.7638546930368207,-0.7638546930368207,-0.7638546930368207,-0.7638546930368207,-0.7638546930368207,-0.7638546930368207,-0.7638546930368207,-0.7638546930368207,-0.7638546930368207,-0.7638546930368207,-0.7638546930368207,-0.7638546930368207,-0.7638546930368207,-0.7638546930368207,-0.7638546930368207,-0.7638546930368207,-0.7638546930368207,-0.7638546930368207,-0.7638546930368207,-0.7638546930368207,-0.7638546930368207,-0.7638546930368207,-0.7638546930368207,-0.7638546930368207,-0.7638546930368207,-0.7638546930368207,-0.7638546930368207,-0.7638546930368207,-0.7638546930368207,-0.7638546930368207,-0.7638546930368207,-0.7638546930368207,-0.7638546930368207,-0.7638546930368207,-0.7638546930368207,-0.7638546930368207,-0.7638546930368207,-0.7638546930368207,-0.7638546930368207,-0.7638546930368207,-0.7638546930368207,-0.7638546930368207,-0.7638546930368207,-0.7638546930368207,-0.7638546930368207,-0.7638546930368207,-0.7638546930368207,-0.7638546930368207,-0.7638546930368207,-0.7638546930368207,-0.7638546930368207,-0.7638546930368207,-0.7638546930368207,-0.7638546930368207,-0.7638546930368207,-0.7638546930368207,-0.7638546930368207,-0.7638546930368207,-0.7638546930368207,-0.7638546930368207,-0.7638546930368207,-0.7638546930368207,-0.7638546930368207,-0.7638546930368207,-0.7638546930368207,-0.7638546930368207,-0.7638546930368207,-0.7638546930368207,-0.7638546930368207,-0.7638546930368207,-0.7638546930368207,-0.7638546930368207,-0.7638546930368207,-0.7638546930368207,-0.7638546930368207,-0.7638546930368207,-0.7638546930368207,-0.7638546930368207,-0.7638546930368207,-0.7638546930368207,-0.7638546930368207,-0.7638546930368207,-0.7638546930368207,-0.7638546930368207,-0.7638546930368207,-0.7638546930368207,-0.7638546930368207,-0.7638546930368207,-0.7638546930368207,-0.7638546930368207,-0.7638546930368207,-0.7638546930368207,-0.7638546930368207,-0.7638546930368207,-0.7638546930368207,-0.7638546930368207,-0.7638546930368207,-0.7638546930368207,-0.7638546930368207,-0.7638546930368207,-0.7638546930368207,-0.7638546930368207,-0.7638546930368207,-0.7638546930368207,-0.7638546930368207,-0.7638546930368207,-0.7638546930368207,-0.7638546930368207,-0.7638546930368207,-0.7638546930368207,-0.7638546930368207,-0.7638546930368207,-0.7638546930368207,-0.7638546930368207,-0.7638546930368207,-0.7638546930368207,-0.7638546930368207,-0.7638546930368207,-0.7638546930368207,-0.7638546930368207,-0.7638546930368207,-0.7638546930368207,-0.7638546930368207,-0.7638546930368207,-0.7638546930368207,-0.7638546930368207,-0.7638546930368207,-0.7638546930368207,-0.7638546930368207,-0.7638546930368207,-0.7638546930368207,-0.7638546930368207,-0.7638546930368207,-0.7638546930368207,-0.7638546930368207,-0.7638546930368207,-0.7638546930368207,-0.7638546930368207,-0.7638546930368207,-0.7638546930368207,-0.7638546930368207,-0.7638546930368207,-0.7638546930368207,-0.7638546930368207,-0.7638546930368207,-0.7638546930368207,-0.7638546930368207,-0.7638546930368207,-0.7638546930368207,-0.7638546930368207,-0.7638546930368207,-0.7638546930368207,-0.7638546930368207,-0.7638546930368207,-0.7638546930368207,-0.7638546930368207,-0.7638546930368207,-0.7638546930368207,-0.7638546930368207,-0.7638546930368207,-0.7638546930368207,-0.7638546930368207,-0.7638546930368207,-0.7638546930368207,-0.7638546930368207,-0.7638546930368207,-0.7638546930368207,-0.7638546930368207,-0.7638546930368207,-0.7638546930368207,-0.7638546930368207,-0.7638546930368207,-0.7638546930368207,-0.7638546930368207,-0.7638546930368207,-0.7638546930368207,-0.7638546930368207,-0.7638546930368207,-0.7638546930368207,-0.7638546930368207,-0.7638546930368207,-0.7638546930368207,-0.7638546930368207,-0.7638546930368207,-0.7638546930368207,-0.7638546930368207,-0.7638546930368207,-0.7638546930368207,-0.7638546930368207,-0.7638546930368207,-0.7638546930368207,-0.7638546930368207,-0.7638546930368207,-0.7638546930368207,-0.7638546930368207,-0.7638546930368207,-0.7638546930368207,-0.7638546930368207,-0.7638546930368207,-0.7638546930368207,-0.7638546930368207,-0.7638546930368207,-0.7638546930368207,-0.7638546930368207,-0.7638546930368207,-0.7638546930368207,-0.7638546930368207,-0.7638546930368207,-0.7638546930368207,-0.7638546930368207,-0.7638546930368207,-0.7638546930368207,-0.7638546930368207,-0.7638546930368207,-0.7638546930368207,-0.7638546930368207,-0.7638546930368207,-0.7638546930368207,-0.7638546930368207,-0.7638546930368207,-0.7638546930368207
1.0,1.0,1.0,1.0,1.0,1.0,1.0,1.0,1.0,1.0,1.0,1.0,1.0,1.0,1.0,1.0,1.0,1.0,1.0,1.0,1.0,1.0,1.0,1.0,1.0,1.0,1.0,1.0,1.0,1.0,1.0,1.0,1.0,1.0,1.0,1.0,1.0,1.0,1.0,1.0,1.0,1.0,1.0,1.0,1.0,1.0,1.0,1.0,1.0,1.0,1.0,1.0,1.0,1.0,1.0,1.0,1.0,1.0,1.0,1.0,1.0,1.0,1.0,1.0,1.0,1.0,1.0,1.0,1.0,1.0,1.0,1.0,1.0,1.0,1.0,1.0,1.0,1.0,1.0,1.0,1.0,1.0,1.0,1.0,1.0,1.0,1.0,1.0,1.0,1.0,1.0,1.0,1.0,1.0,1.0,1.0,1.0,1.0,1.0,1.0,1.0,1.0,1.0,1.0,1.0,1.0,1.0,1.0,1.0,1.0,1.0,1.0,1.0,1.0,1.0,1.0,1.0,1.0,1.0,1.0,1.0,1.0,1.0,1.0,1.0,1.0,1.0,1.0,1.0,1.0,1.0,1.0,1.0,1.0,1.0,1.0,1.0,1.0,1.0,1.0,1.0,1.0,1.0,1.0,1.0,1.0,1.0,1.0,1.0,1.0,1.0,1.0,1.0,1.0,1.0,1.0,1.0,1.0,1.0,1.0,1.0,1.0,1.0,1.0,1.0,1.0,1.0,1.0,1.0,1.0,1.0,1.0,1.0,1.0,1.0,1.0,1.0,1.0,1.0,1.0,1.0,1.0,1.0,1.0,1.0,1.0,1.0,1.0,1.0,1.0,1.0,1.0,1.0,1.0,1.0,1.0,1.0,1.0,1.0,1.0,1.0,1.0,1.0,1.0,1.0,1.0,1.0,1.0,1.0,1.0,1.0,1.0,1.0,1.0,1.0,1.0,1.0,1.0,1.0,1.0,1.0,1.0,1.0,1.0,1.0,1.0,1.0,1.0,1.0,1.0,1.0,1.0,1.0,1.0,1.0,1.0,1.0,1.0,1.0,1.0,1.0,1.0,1.0,1.0,1.0,1.0,1.0,1.0,1.0,1.0,1.0,1.0,1.0,1.0,1.0,1.0,1.0,1.0,1.0,1.0,1.0,1.0,1.0,1.0,1.0,1.0,1.0,1.0,1.0,1.0,1.0,1.0,1.0,1.0,1.0,1.0,1.0,1.0,1.0,1.0,1.0,1.0,1.0,1.0,1.0,1.0,1.0,1.0,1.0,1.0,1.0,1.0,1.0,1.0,1.0,1.0,1.0,1.0,1.0,1.0,1.0,1.0
1.0,-1.0,-1.0,1.0,-1.0,1.0,-1.0,1.0,-1.0,-1.0,-1.0,-1.0,-1.0,1.0,-1.0,1.0,1.0,1.0,-1.0,-1.0,-1.0,1.0,1.0,1.0,1.0,1.0,1.0,1.0,1.0,1.0,1.0,1.0,1.0,1.0,1.0,1.0,1.0,1.0,1.0,1.0,1.0,1.0,1.0,1.0,1.0,1.0,1.0,1.0,1.0,1.0,1.0,1.0,1.0,1.0,1.0,1.0,-1.0,-1.0,-1.0,1.0,1.0,-1.0,-1.0,1.0,1.0,-1.0,-1.0,-1.0,-1.0,-1.0,1.0,1.0,1.0,1.0,-1.0,-1.0,-1.0,-1.0,-1.0,1.0,-1.0,1.0,-1.0,1.0,-1.0,-1.0,-1.0,-1.0,-1.0,1.0,-1.0,1.0,-1.0,1.0,-1.0,1.0,-1.0,-1.0,-1.0,-1.0,-1.0,-1.0,-1.0,-1.0,-1.0,-1.0,-1.0,-1.0,-1.0,-1.0,-1.0,-1.0,-1.0,1.0,-1.0,1.0,-1.0,1.0,1.0,1.0,1.0,1.0,1.0,1.0,-1.0,-1.0,-1.0,1.0,-1.0,-1.0,-1.0,-1.0,1.0,-1.0,-1.0,-1.0,-1.0,-1.0,1.0,-1.0,-1.0,-1.0,-1.0,-1.0,-1.0,-1.0,-1.0,-1.0,-1.0,-1.0,-1.0,1.0,-1.0,-1.0,-1.0,-1.0,1.0,-1.0,-1.0,1.0,1.0,1.0,-1.0,-1.0,-1.0,-1.0,-1.0,-1.0,-1.0,1.0,-1.0,-1.0,-1.0,-1.0,1.0,-1.0,1.0,-1.0,-1.0,-1.0,-1.0,1.0,-1.0,1.0,-1.0,-1.0,-1.0,-1.0,-1.0,-1.0,-1.0,-1.0,-1.0,-1.0,1.0,-1.0,-1.0,-1.0,-1.0,-1.0,1.0,1.0,1.0,1.0,1.0,-1.0,-1.0,-1.0,-1.0,-1.0,-1.0,-1.0,-1.0,-1.0,-1.0,-1.0,-1.0,1.0,-1.0,-1.0,-1.0,1.0,-1.0,-1.0,-1.0,-1.0,-1.0,1.0,1.0,1.0,1.0,1.0,1.0,1.0,-1.0,-1.0,-1.0,-1.0,-1.0,-1.0,-1.0,-1.0,-1.0,-1.0,-1.0,-1.0,-1.0,-1.0,-1.0,-1.0,-1.0,1.0,-1.0,1.0,-1.0,-1.0,-1.0,1.0,-1.0,1.0,1.0,-1.0,1.0,1.0,-1.0,1.0,1.0,-1.0,1.0,1.0,-1.0,1.0,-1.0,1.0,1.0,-1.0,-1.0,1.0,1.0,1.0,1.0,1.0,1.0,1.0,1.0,1.0,1.0,1.0,1.0,1.0,1.0,1.0,-1.0,-1.0,1.0,1.0,-1.0,1.0,-1.0,-1.0,1.0,1.0
-1.0,-1.0,-1.0,-1.0,-1.0,-1.0,-1.0,-1.0,-1.0,-1.0,-1.0,-1.0,-1.0,-1.0,-1.0,-1.0,-1.0,-1.0,-1.0,-1.0,-1.0,-1.0,-1.0,-1.0,-1.0,-1.0,-1.0,-1.0,-1.0,-1.0,-1.0,-1.0,-1.0,-1.0,-1.0,-1.0,-1.0,-1.0,-1.0,-1.0,-1.0,-1.0,-1.0,-1.0,-1.0,-1.0,-1.0,-1.0,-1.0,-1.0,-1.0,-1.0,-1.0,-1.0,-1.0,-1.0,-1.0,-1.0,-1.0,-1.0,-1.0,-1.0,-1.0,-1.0,-1.0,-1.0,-1.0,-1.0,-1.0,-1.0,-1.0,-1.0,-1.0,-1.0,-1.0,1.0,-1.0,-1.0,-1.0,-1.0,-1.0,-1.0,-1.0,-1.0,-1.0,-1.0,-1.0,-1.0,-1.0,-1.0,-1.0,-1.0,-1.0,-1.0,-1.0,-1.0,-1.0,-1.0,-1.0,1.0,1.0,-1.0,1.0,1.0,1.0,1.0,1.0,1.0,-1.0,-1.0,-1.0,-1.0,-1.0,-1.0,-1.0,-1.0,-1.0,-1.0,-1.0,-1.0,-1.0,-1.0,-1.0,-1.0,-1.0,-1.0,-1.0,-1.0,-1.0,-1.0,-1.0,-1.0,-1.0,-1.0,1.0,-1.0,-1.0,-1.0,-1.0,-1.0,-1.0,-1.0,-1.0,-1.0,-1.0,-1.0,1.0,-1.0,-1.0,-1.0,-1.0,-1.0,-1.0,-1.0,1.0,-1.0,-1.0,-1.0,-1.0,-1.0,-1.0,-1.0,-1.0,-1.0,-1.0,-1.0,-1.0,-1.0,-1.0,-1.0,-1.0,1.0,-1.0,-1.0,-1.0,-1.0,-1.0,-1.0,1.0,1.0,-1.0,-1.0,-1.0,-1.0,-1.0,-1.0,-1.0,-1.0,-1.0,-1.0,1.0,1.0,1.0,-1.0,-1.0,-1.0,1.0,-1.0,1.0,-1.0,-1.0,-1.0,-1.0,-1.0,-1.0,-1.0,1.0,-1.0,-1.0,-1.0,1.0,-1.0,-1.0,-1.0,-1.0,1.0,-1.0,-1.0,-1.0,1.0,1.0,-1.0,1.0,1.0,1.0,1.0,-1.0,-1.0,-1.0,-1.0,-1.0,-1.0,-1.0,-1.0,-1.0,-1.0,-1.0,-1.0,-1.0,-1.0,-1.0,-1.0,-1.0,-1.0,-1.0,-1.0,-1.0,-1.0,-1.0,-1.0,-1.0,-1.0,-1.0,-1.0,-1.0,-1.0,-1.0,-1.0,-1.0,-1.0,-1.0,-1.0,-1.0,-1.0,-1.0,-1.0,-1.0,-1.0,-1.0,-1.0,-1.0,-1.0,1.0,-1.0,-1.0,1.0,-1.0,-1.0,-1.0,-1.0,-1.0,-1.0,-1.0,-1.0,-1.0,-1.0,-1.0,-1.0,-1.0,-1.0,-1.0,-1.0,-1.0,-1.0,-1.0,-1.0,-1.0,-1.0,-1.0,-1.0,-1.0,-1.0
-1.0,-1.0,-1.0,-1.0,-1.0,-1.0,-1.0,-1.0,-1.0,-1.0,-1.0,-1.0,-1.0,-1.0,-1.0,-1.0,-1.0,-1.0,-1.0,-1.0,-1.0,-1.0,-1.0,-1.0,-1.0,-1.0,-1.0,-1.0,-1.0,-1.0,-1.0,-1.0,-1.0,-1.0,-1.0,-1.0,-1.0,-1.0,-1.0,-1.0,-1.0,-1.0,-1.0,-1.0,-1.0,-1.0,-1.0,-1.0,-1.0,-1.0,-1.0,-1.0,-1.0,-1.0,-1.0,-1.0,-1.0,-1.0,-1.0,-1.0,-1.0,-1.0,-1.0,-1.0,-1.0,-1.0,-1.0,-1.0,-1.0,-1.0,-1.0,-1.0,-1.0,-1.0,-1.0,-1.0,-1.0,-1.0,-1.0,-1.0,-1.0,-1.0,-1.0,-1.0,-1.0,-1.0,-1.0,-1.0,-1.0,-1.0,-1.0,-1.0,-1.0,-1.0,-1.0,-1.0,-1.0,-1.0,-1.0,-1.0,-1.0,-1.0,-1.0,-1.0,-1.0,-1.0,-1.0,-1.0,-1.0,-1.0,-1.0,-1.0,-1.0,-1.0,-1.0,-1.0,-1.0,-1.0,-1.0,-1.0,-1.0,-1.0,-1.0,-1.0,-1.0,-1.0,-1.0,-1.0,-1.0,-1.0,-1.0,-1.0,-1.0,-1.0,-1.0,-1.0,-1.0,-1.0,-1.0,-1.0,-1.0,-1.0,-1.0,-1.0,-1.0,-1.0,-1.0,-1.0,-1.0,-1.0,-1.0,-1.0,-1.0,-1.0,-1.0,-1.0,-1.0,-1.0,-1.0,-1.0,-1.0,-1.0,-1.0,-1.0,-1.0,-1.0,-1.0,-1.0,-1.0,-1.0,-1.0,-1.0,-1.0,-1.0,-1.0,-1.0,-1.0,-1.0,-1.0,-1.0,-1.0,-1.0,-1.0,-1.0,-1.0,-1.0,-1.0,-1.0,-1.0,-1.0,-1.0,-1.0,-1.0,-1.0,-1.0,-1.0,-1.0,-1.0,-1.0,-1.0,-1.0,-1.0,-1.0,-1.0,-1.0,-1.0,-1.0,-1.0,-1.0,-1.0,-1.0,-1.0,-1.0,-1.0,-1.0,-1.0,-1.0,-1.0,-1.0,-1.0,-1.0,-1.0,-1.0,-1.0,-1.0,-1.0,-1.0,-1.0,-1.0,-1.0,-1.0,-1.0,-1.0,-1.0,-1.0,-1.0,-1.0,-1.0,-1.0,-1.0,-1.0,-1.0,-1.0,-1.0,-1.0,-1.0,-1.0,-1.0,-1.0,-1.0,-1.0,-1.0,-1.0,-1.0,-1.0,-1.0,-1.0,-1.0,-1.0,-1.0,-1.0,-1.0,-1.0,-1.0,-1.0,-1.0,-1.0,-1.0,-1.0,-1.0,-1.0,-1.0,-1.0,-1.0,-1.0,-1.0,-1.0,-1.0,-1.0,-1.0,-1.0,-1.0,-1.0,-1.0,-1.0,-1.0,-1.0,-1.0,-1.0,-1.0,-1.0,-1.0,-1.0,-1.0,-1.0,-1.0,-1.0,-1.0,-1.0,-1.0,-1.0,-1.0
-1.0,-1.0,-1.0,-1.0,-1.0,-1.0,-1.0,-1.0,-1.0,-1.0,1.0,-1.0,-1.0,-1.0,-1.0,-1.0,-1.0,-1.0,-1.0,-1.0,-1.0,-1.0,-1.0,-1.0,-1.0,-1.0,-1.0,-1.0,-1.0,-1.0,-1.0,-1.0,-1.0,-1.0,-1.0,-1.0,-1.0,-1.0,-1.0,-1.0,-1.0,-1.0,-1.0,-1.0,-1.0,-1.0,-1.0,-1.0,-1.0,-1.0,-1.0,-1.0,-1.0,-1.0,-1.0,-1.0,-1.0,-1.0,-1.0,-1.0,-1.0,-1.0,-1.0,-1.0,-1.0,-1.0,-1.0,-1.0,-1.0,-1.0,-1.0,-1.0,-1.0,-1.0,-1.0,-1.0,-1.0,-1.0,-1.0,-1.0,-1.0,-1.0,-1.0,-1.0,-1.0,-1.0,-1.0,-1.0,-1.0,-1.0,-1.0,-1.0,-1.0,-1.0,-1.0,-1.0,-1.0,-1.0,-1.0,-1.0,-1.0,-1.0,-1.0,-1.0,-1.0,-1.0,-1.0,-1.0,-1.0,-1.0,-1.0,-1.0,-1.0,-1.0,-1.0,-1.0,-1.0,-1.0,-1.0,-1.0,-1.0,-1.0,-1.0,-1.0,-1.0,-1.0,-1.0,-1.0,-1.0,-1.0,-1.0,-1.0,-1.0,-1.0,-1.0,-1.0,-1.0,-1.0,-1.0,-1.0,-1.0,-1.0,-1.0,-1.0,-1.0,-1.0,-1.0,-1.0,-1.0,-1.0,-1.0,-1.0,-1.0,-1.0,-1.0,-1.0,-1.0,-1.0,-1.0,-1.0,-1.0,-1.0,-1.0,-1.0,-1.0,-1.0,-1.0,-1.0,-1.0,-1.0,-1.0,-1.0,-1.0,-1.0,-1.0,-1.0,-1.0,-1.0,-1.0,-1.0,-1.0,-1.0,-1.0,-1.0,-1.0,-1.0,-1.0,-1.0,-1.0,-1.0,-1.0,-1.0,-1.0,-1.0,-1.0,-1.0,-1.0,-1.0,-1.0,-1.0,-1.0,-1.0,-1.0,-1.0,-1.0,-1.0,-1.0,-1.0,-1.0,-1.0,-1.0,-1.0,-1.0,-1.0,-1.0,-1.0,-1.0,-1.0,-1.0,-1.0,-1.0,-1.0,-1.0,-1.0,-1.0,-1.0,-1.0,-1.0,-1.0,-1.0,-1.0,-1.0,-1.0,-1.0,-1.0,-1.0,-1.0,-1.0,-1.0,-1.0,-1.0,-1.0,-1.0,-1.0,-1.0,-1.0,-1.0,-1.0,-1.0,-1.0,-1.0,-1.0,-1.0,-1.0,-1.0,-1.0,-1.0,-1.0,-1.0,-1.0,-1.0,-1.0,-1.0,-1.0,-1.0,-1.0,-1.0,-1.0,-1.0,-1.0,-1.0,-1.0,-1.0,-1.0,-1.0,-1.0,-1.0,-1.0,-1.0,-1.0,-1.0,-1.0,-1.0,-1.0,-1.0,-1.0,-1.0,-1.0,-1.0,-1.0,-1.0,-1.0,-1.0,-1.0,-1.0,-1.0,-1.0,-1.0,-1.0,-1.0,-1.0,-1.0
-1.0,-1.0,-1.0,-1.0,-1.0,-1.0,-1.0,-1.0,-1.0,-1.0,-1.0,-1.0,-1.0,-1.0,-1.0,-1.0,1.0,1.0,-1.0,-1.0,-1.0,1.0,1.0,1.0,1.0,1.0,1.0,1.0,1.0,1.0,1.0,1.0,1.0,1.0,1.0,1.0,1.0,1.0,1.0,1.0,1.0,1.0,1.0,1.0,1.0,1.0,1.0,1.0,1.0,1.0,1.0,1.0,1.0,1.0,1.0,1.0,-1.0,-1.0,-1.0,-1.0,-1.0,-1.0,-1.0,1.0,1.0,-1.0,-1.0,-1.0,-1.0,-1.0,1.0,1.0,1.0,1.0,-1.0,-1.0,-1.0,-1.0,-1.0,-1.0,-1.0,-1.0,-1.0,-1.0,-1.0,-1.0,-1.0,-1.0,-1.0,-1.0,-1.0,-1.0,-1.0,-1.0,-1.0,-1.0,-1.0,-1.0,-1.0,-1.0,-1.0,-1.0,-1.0,-1.0,-1.0,-1.0,-1.0,-1.0,1.0,-1.0,-1.0,-1.0,-1.0,-1.0,-1.0,-1.0,-1.0,-1.0,-1.0,-1.0,-1.0,-1.0,-1.0,-1.0,-1.0,-1.0,-1.0,-1.0,-1.0,-1.0,-1.0,-1.0,-1.0,-1.0,-1.0,-1.0,-1.0,-1.0,-1.0,-1.0,-1.0,-1.0,-1.0,-1.0,-1.0,-1.0,-1.0,-1.0,-1.0,-1.0,-1.0,-1.0,-1.0,-1.0,-1.0,-1.0,-1.0,-1.0,-1.0,-1.0,-1.0,-1.0,-1.0,-1.0,-1.0,-1.0,-1.0,-1.0,-1.0,-1.0,-1.0,-1.0,-1.0,-1.0,-1.0,-1.0,-1.0,-1.0,-1.0,-1.0,-1.0,-1.0,-1.0,-1.0,-1.0,-1.0,-1.0,-1.0,-1.0,-1.0,-1.0,-1.0,-1.0,-1.0,-1.0,-1.0,-1.0,-1.0,-1.0,-1.0,-1.0,-1.0,-1.0,-1.0,-1.0,-1.0,-1.0,-1.0,-1.0,-1.0,-1.0,-1.0,-1.0,-1.0,-1.0,-1.0,-1.0,-1.0,-1.0,-1.0,-1.0,-1.0,-1.0,-1.0,-1.0,-1.0,-1.0,-1.0,1.0,1.0,1.0,1.0,1.0,1.0,-1.0,-1.0,-1.0,-1.0,-1.0,-1.0,-1.0,-1.0,-1.0,-1.0,-1.0,-1.0,-1.0,-1.0,-1.0,-1.0,-1.0,-1.0,-1.0,-1.0,-1.0,-1.0,-1.0,-1.0,-1.0,-1.0,-1.0,-1.0,-1.0,-1.0,-1.0,-1.0,-1.0,-1.0,-1.0,-1.0,-1.0,-1.0,-1.0,1.0,-1.0,-1.0,-1.0,-1.0,-1.0,1.0,1.0,1.0,1.0,1.0,1.0,1.0,1.0,1.0,1.0,1.0,1.0,1.0,-1.0,-1.0,-1.0,-1.0,-1.0,-1.0,-1.0,-1.0,1.0,1.0
-1.0,-1.0,-1.0,-1.0,-1.0,-1.0,-1.0,-1.0,-1.0,-1.0,-1.0,-1.0,-1.0,1.0,-1.0,1.0,-1.0,-1.0,-1.0,1.0,-1.0,-1.0,-1.0,-1.0,-1.0,-1.0,-1.0,-1.0,-1.0,-1.0,-1.0,-1.0,-1.0,-1.0,-1.0,-1.0,-1.0,-1.0,-1.0,-1.0,-1.0,-1.0,-1.0,-1.0,-1.0,-1.0,-1.0,-1.0,-1.0,-1.0,-1.0,-1.0,-1.0,-1.0,-1.0,-1.0,-1.0,-1.0,-1.0,1.0,1.0,1.0,-1.0,1.0,1.0,1.0,1.0,-1.0,1.0,1.0,1.0,1.0,1.0,1.0,1.0,-1.0,-1.0,-1.0,-1.0,-1.0,-1.0,-1.0,-1.0,-1.0,-1.0,-1.0,-1.0,-1.0,-1.0,-1.0,-1.0,-1.0,-1.0,-1.0,-1.0,-1.0,-1.0,-1.0,-1.0,-1.0,-1.0,-1.0,-1.0,-1.0,-1.0,-1.0,-1.0,-1.0,-1.0,-1.0,-1.0,-1.0,-1.0,-1.0,-1.0,-1.0,-1.0,-1.0,-1.0,-1.0,-1.0,-1.0,-1.0,-1.0,-1.0,-1.0,-1.0,-1.0,-1.0,-1.0,-1.0,-1.0,-1.0,-1.0,-1.0,-1.0,-1.0,-1.0,-1.0,-1.0,-1.0,-1.0,-1.0,-1.0,-1.0,-1.0,-1.0,-1.0,-1.0,-1.0,-1.0,-1.0,-1.0,-1.0,-1.0,-1.0,-1.0,-1.0,-1.0,-1.0,-1.0,-1.0,-1.0,-1.0,-1.0,-1.0,-1.0,-1.0,-1.0,-1.0,-1.0,-1.0,-1.0,-1.0,-1.0,-1.0,-1.0,-1.0,-1.0,-1.0,-1.0,-1.0,-1.0,-1.0,-1.0,-1.0,-1.0,-1.0,-1.0,-1.0,-1.0,-1.0,-1.0,-1.0,-1.0,-1.0,-1.0,-1.0,-1.0,-1.0,-1.0,-1.0,-1.0,-1.0,-1.0,-1.0,-1.0,-1.0,-1.0,-1.0,-1.0,-1.0,-1.0,-1.0,-1.0,-1.0,-1.0,-1.0,-1.0,-1.0,-1.0,1.0,-1.0,-1.0,-1.0,-1.0,-1.0,1.0,-1.0,-1.0,-1.0,-1.0,-1.0,-1.0,1.0,1.0,1.0,1.0,1.0,1.0,1.0,1.0,1.0,1.0,1.0,1.0,-1.0,-1.0,-1.0,1.0,-1.0,-1.0,-1.0,-1.0,-1.0,-1.0,1.0,-1.0,-1.0,1.0,-1.0,-1.0,1.0,-1.0,-1.0,1.0,-1.0,-1.0,1.0,-1.0,-1.0,1.0,-1.0,1.0,-1.0,-1.0,-1.0,1.0,1.0,-1.0,-1.0,-1.0,-1.0,-1.0,-1.0,-1.0,-1.0,-1.0,-1.0,-1.0,-1.0,-1.0,1.0,-1.0,-1.0,-1.0,-1.0,-1.0,-1.0,-1.0,1.0,1.0
-1.0,-1.0,-1.0,-1.0,-1.0,-1.0,-1.0,-1.0,-1.0,-1.0,-1.0,-1.0,-1.0,-1.0,-1.0,-1.0,-1.0,-1.0,-1.0,-1.0,-1.0,-1.0,-1.0,-1.0,-1.0,-1.0,-1.0,-1.0,-1.0,-1.0,-1.0,-1.0,-1.0,-1.0,-1.0,-1.0,-1.0,-1.0,-1.0,-1.0,-1.0,-1.0,-1.0,-1.0,-1.0,-1.0,-1.0,-1.0,-1.0,-1.0,-1.0,-1.0,-1.0,-1.0,-1.0,-1.0,-1.0,-1.0,-1.0,-1.0,-1.0,-1.0,-1.0,-1.0,-1.0,-1.0,-1.0,-1.0,-1.0,-1.0,-1.0,-1.0,-1.0,-1.0,-1.0,-1.0,-1.0,-1.0,-1.0,-1.0,-1.0,-1.0,-1.0,-1.0,-1.0,-1.0,-1.0,-1.0,-1.0,-1.0,-1.0,-1.0,-1.0,-1.0,-1.0,-1.0,-1.0,-1.0,-1.0,-1.0,-1.0,-1.0,-1.0,-1.0,-1.0,-1.0,-1.0,-1.0,-1.0,-1.0,-1.0,-1.0,-1.0,-1.0,-1.0,-1.0,-1.0,-1.0,-1.0,-1.0,-1.0,-1.0,-1.0,-1.0,-1.0,-1.0,-1.0,-1.0,-1.0,-1.0,-1.0,-1.0,-1.0,-1.0,-1.0,-1.0,-1.0,-1.0,-1.0,-1.0,-1.0,-1.0,-1.0,-1.0,-1.0,-1.0,-1.0,-1.0,-1.0,-1.0,-1.0,-1.0,-1.0,-1.0,-1.0,-1.0,-1.0,-1.0,-1.0,-1.0,-1.0,-1.0,-1.0,-1.0,-1.0,-1.0,-1.0,-1.0,-1.0,-1.0,-1.0,-1.0,-1.0,-1.0,-1.0,-1.0,-1.0,-1.0,-1.0,-1.0,-1.0,-1.0,-1.0,-1.0,-1.0,-1.0,-1.0,-1.0,-1.0,-1.0,-1.0,-1.0,-1.0,-1.0,-1.0,-1.0,-1.0,-1.0,-1.0,-1.0,-1.0,-1.0,-1.0,-1.0,-1.0,-1.0,-1.0,-1.0,-1.0,-1.0,-1.0,-1.0,-1.0,-1.0,-1.0,-1.0,-1.0,-1.0,-1.0,-1.0,-1.0,-1.0,-1.0,-1.0,-1.0,-1.0,-1.0,-1.0,-1.0,-1.0,-1.0,-1.0,-1.0,-1.0,-1.0,-1.0,-1.0,-1.0,-1.0,-1.0,-1.0,-1.0,-1.0,-1.0,-1.0,-1.0,-1.0,-1.0,-1.0,-1.0,-1.0,-1.0,-1.0,-1.0,-1.0,-1.0,-1.0,-1.0,-1.0,-1.0,-1.0,-1.0,-1.0,-1.0,-1.0,-1.0,-1.0,-1.0,-1.0,-1.0,-1.0,-1.0,-1.0,-1.0,-1.0,-1.0,-1.0,-1.0,-1.0,-1.0,-1.0,-1.0,-1.0,-1.0,-1.0,-1.0,-1.0,-1.0,-1.0,-1.0,-1.0,-1.0,-1.0,-1.0,-1.0,-1.0,-1.0,-1.0,-1.0,-1.0,-1.0,-1.0
-1.0,-1.0,-1.0,-1.0,-1.0,-1.0,-1.0,-1.0,-1.0,-1.0,-1.0,-1.0,-1.0,-1.0,-1.0,-1.0,-1.0,-1.0,-1.0,-1.0,-1.0,-1.0,-1.0,-1.0,-1.0,-1.0,-1.0,-1.0,-1.0,-1.0,-1.0,-1.0,-1.0,-1.0,-1.0,-1.0,-1.0,-1.0,-1.0,-1.0,-1.0,-1.0,-1.0,-1.0,-1.0,-1.0,-1.0,-1.0,-1.0,-1.0,-1.0,-1.0,-1.0,-1.0,-1.0,-1.0,-1.0,-1.0,-1.0,-1.0,-1.0,-1.0,-1.0,-1.0,-1.0,-1.0,-1.0,-1.0,-1.0,-1.0,-1.0,-1.0,-1.0,-1.0,-1.0,-1.0,-1.0,-1.0,-1.0,-1.0,-1.0,-1.0,-1.0,-1.0,-1.0,-1.0,-1.0,-1.0,-1.0,-1.0,-1.0,-1.0,-1.0,-1.0,-1.0,-1.0,-1.0,-1.0,-1.0,-1.0,-1.0,-1.0,-1.0,-1.0,-1.0,-1.0,-1.0,-1.0,-1.0,-1.0,-1.0,-1.0,-1.0,-1.0,-1.0,-1.0,-1.0,-1.0,-1.0,-1.0,-1.0,-1.0,-1.0,-1.0,-1.0,-1.0,-1.0,-1.0,-1.0,-1.0,-1.0,-1.0,-1.0,-1.0,-1.0,-1.0,-1.0,-1.0,-1.0,-1.0,-1.0,-1.0,-1.0,-1.0,-1.0,-1.0,-1.0,-1.0,-1.0,-1.0,-1.0,-1.0,-1.0,-1.0,-1.0,-1.0,-1.0,-1.0,-1.0,-1.0,-1.0,-1.0,-1.0,-1.0,-1.0,-1.0,-1.0,-1.0,-1.0,-1.0,-1.0,-1.0,-1.0,-1.0,-1.0,-1.0,-1.0,-1.0,-1.0,-1.0,-1.0,-1.0,-1.0,-1.0,-1.0,-1.0,-1.0,-1.0,-1.0,-1.0,-1.0,-1.0,-1.0,-1.0,-1.0,-1.0,-1.0,-1.0,-1.0,-1.0,-1.0,-1.0,-1.0,-1.0,-1.0,-1.0,-1.0,-1.0,-1.0,-1.0,-1.0,-1.0,-1.0,-1.0,-1.0,-1.0,-1.0,-1.0,-1.0,-1.0,-1.0,-1.0,-1.0,-1.0,-1.0,-1.0,-1.0,-1.0,-1.0,-1.0,-1.0,-1.0,-1.0,-1.0,-1.0,-1.0,-1.0,-1.0,-1.0,-1.0,-1.0,-1.0,-1.0,-1.0,-1.0,-1.0,-1.0,-1.0,-1.0,-1.0,-1.0,-1.0,-1.0,-1.0,-1.0,-1.0,-1.0,-1.0,-1.0,-1.0,-1.0,-1.0,-1.0,-1.0,-1.0,-1.0,-1.0,-1.0,-1.0,-1.0,-1.0,-1.0,-1.0,-1.0,-1.0,-1.0,-1.0,-1.0,-1.0,-1.0,-1.0,-1.0,-1.0,-1.0,-1.0,-1.0,-1.0,-1.0,-1.0,-1.0,-1.0,-1.0,-1.0,-1.0,-1.0,-1.0,-1.0,-1.0,-1.0,-1.0,-1.0,-1.0
-1.0,-1.0,-1.0,-1.0,-1.0,-1.0,-1.0,-1.0,-1.0,-1.0,-1.0,-1.0,1.0,1.0,-1.0,-1.0,-1.0,-1.0,-1.0,-1.0,-1.0,-1.0,-1.0,-1.0,-1.0,-1.0,-1.0,-1.0,-1.0,-1.0,-1.0,-1.0,-1.0,-1.0,-1.0,-1.0,-1.0,-1.0,-1.0,-1.0,-1.0,-1.0,-1.0,-1.0,-1.0,-1.0,-1.0,-1.0,-1.0,-1.0,-1.0,-1.0,-1.0,-1.0,-1.0,-1.0,-1.0,1.0,-1.0,-1.0,-1.0,-1.0,-1.0,-1.0,-1.0,-1.0,-1.0,-1.0,-1.0,-1.0,-1.0,-1.0,-1.0,-1.0,-1.0,-1.0,-1.0,-1.0,-1.0,-1.0,-1.0,-1.0,-1.0,-1.0,-1.0,-1.0,-1.0,-1.0,-1.0,-1.0,-1.0,-1.0,-1.0,-1.0,-1.0,-1.0,-1.0,-1.0,-1.0,-1.0,-1.0,-1.0,-1.0,-1.0,-1.0,-1.0,-1.0,-1.0,-1.0,-1.0,-1.0,-1.0,-1.0,-1.0,-1.0,-1.0,-1.0,-1.0,-1.0,-1.0,-1.0,-1.0,-1.0,-1.0,-1.0,-1.0,-1.0,-1.0,-1.0,-1.0,-1.0,-1.0,-1.0,-1.0,-1.0,-1.0,-1.0,-1.0,-1.0,-1.0,-1.0,-1.0,-1.0,-1.0,-1.0,-1.0,-1.0,-1.0,-1.0,-1.0,-1.0,-1.0,-1.0,-1.0,-1.0,-1.0,-1.0,-1.0,-1.0,-1.0,-1.0,-1.0,-1.0,-1.0,-1.0,-1.0,-1.0,-1.0,-1.0,-1.0,-1.0,-1.0,-1.0,-1.0,-1.0,-1.0,-1.0,-1.0,-1.0,-1.0,-1.0,-1.0,-1.0,-1.0,-1.0,-1.0,-1.0,-1.0,-1.0,-1.0,-1.0,-1.0,-1.0,-1.0,-1.0,-1.0,-1.0,-1.0,-1.0,-1.0,-1.0,-1.0,-1.0,-1.0,-1.0,-1.0,-1.0,-1.0,-1.0,-1.0,-1.0,-1.0,-1.0,-1.0,-1.0,-1.0,-1.0,-1.0,-1.0,-1.0,-1.0,-1.0,-1.0,-1.0,-1.0,-1.0,-1.0,-1.0,-1.0,-1.0,-1.0,-1.0,-1.0,-1.0,-1.0,-1.0,-1.0,-1.0,-1.0,-1.0,-1.0,-1.0,-1.0,-1.0,-1.0,-1.0,-1.0,-1.0,-1.0,1.0,-1.0,-1.0,-1.0,-1.0,-1.0,-1.0,-1.0,-1.0,-1.0,-1.0,-1.0,-1.0,-1.0,-1.0,-1.0,-1.0,-1.0,-1.0,-1.0,-1.0,-1.0,-1.0,-1.0,-1.0,-1.0,-1.0,-1.0,-1.0,1.0,-1.0,-1.0,-1.0,-1.0,-1.0,-1.0,-1.0,-1.0,-1.0,-1.0,-1.0,-1.0,-1.0,-1.0,-1.0,-1.0,-1.0,-1.0,-1.0,-1.0,-1.0,-1.0,-1.0
-1.0,-1.0,-1.0,-1.0,-1.0,-1.0,-1.0,-1.0,-1.0,-1.0,-1.0,-1.0,-1.0,-1.0,-1.0,-1.0,-1.0,-1.0,-1.0,-1.0,-1.0,-1.0,-1.0,-1.0,-1.0,-1.0,-1.0,-1.0,-1.0,-1.0,-1.0,-1.0,-1.0,-1.0,-1.0,-1.0,-1.0,-1.0,-1.0,-1.0,-1.0,-1.0,-1.0,-1.0,-1.0,-1.0,-1.0,-1.0,-1.0,-1.0,-1.0,-1.0,-1.0,-1.0,-1.0,-1.0,-1.0,-1.0,-1.0,-1.0,-1.0,-1.0,-1.0,-1.0,-1.0,-1.0,-1.0,1.0,-1.0,-1.0,-1.0,-1.0,-1.0,-1.0,-1.0,-1.0,-1.0,-1.0,-1.0,-1.0,-1.0,-1.0,-1.0,-1.0,-1.0,-1.0,-1.0,-1.0,-1.0,-1.0,-1.0,-1.0,-1.0,-1.0,-1.0,-1.0,-1.0,-1.0,-1.0,-1.0,-1.0,-1.0,-1.0,-1.0,-1.0,-1.0,-1.0,-1.0,-1.0,-1.0,-1.0,-1.0,-1.0,-1.0,-1.0,-1.0,-1.0,-1.0,-1.0,-1.0,-1.0,-1.0,-1.0,-1.0,-1.0,-1.0,-1.0,-1.0,-1.0,-1.0,-1.0,-1.0,-1.0,-1.0,-1.0,-1.0,-1.0,-1.0,-1.0,-1.0,-1.0,-1.0,-1.0,-1.0,-1.0,-1.0,-1.0,-1.0,-1.0,-1.0,-1.0,-1.0,-1.0,-1.0,-1.0,-1.0,-1.0,-1.0,-1.0,-1.0,-1.0,-1.0,-1.0,-1.0,-1.0,-1.0,-1.0,-1.0,-1.0,-1.0,-1.0,-1.0,-1.0,-1.0,-1.0,-1.0,-1.0,-1.0,-1.0,-1.0,-1.0,-1.0,-1.0,-1.0,-1.0,-1.0,-1.0,-1.0,-1.0,-1.0,-1.0,-1.0,-1.0,-1.0,-1.0,-1.0,-1.0,-1.0,-1.0,-1.0,-1.0,-1.0,-1.0,-1.0,-1.0,-1.0,-1.0,-1.0,-1.0,-1.0,-1.0,-1.0,-1.0,-1.0,-1.0,-1.0,-1.0,-1.0,-1.0,-1.0,-1.0,-1.0,-1.0,-1.0,-1.0,-1.0,-1.0,-1.0,-1.0,-1.0,-1.0,-1.0,-1.0,-1.0,-1.0,-1.0,-1.0,-1.0,-1.0,-1.0,-1.0,-1.0,-1.0,-1.0,-1.0,-1.0,-1.0,-1.0,1.0,-1.0,-1.0,-1.0,-1.0,-1.0,-1.0,-1.0,-1.0,-1.0,-1.0,-1.0,-1.0,-1.0,-1.0,-1.0,-1.0,-1.0,-1.0,-1.0,-1.0,-1.0,-1.0,-1.0,-1.0,-1.0,-1.0,-1.0,-1.0,-1.0,-1.0,-1.0,-1.0,-1.0,-1.0,-1.0,-1.0,-1.0,-1.0,-1.0,-1.0,-1.0,-1.0,-1.0,-1.0,-1.0,-1.0,-1.0,-1.0,-1.0,-1.0,-1.0,-1.0,-1.0
-1.0,-1.0,-1.0,-1.0,-1.0,-1.0,-1.0,-1.0,-1.0,-1.0,-1.0,-1.0,-1.0,-1.0,-1.0,-1.0,-1.0,-1.0,-1.0,-1.0,-1.0,-1.0,-1.0,-1.0,-1.0,-1.0,-1.0,-1.0,-1.0,-1.0,-1.0,-1.0,-1.0,-1.0,-1.0,-1.0,-1.0,-1.0,-1.0,-1.0,-1.0,-1.0,-1.0,-1.0,-1.0,-1.0,-1.0,-1.0,-1.0,-1.0,-1.0,-1.0,-1.0,-1.0,-1.0,-1.0,-1.0,-1.0,-1.0,-1.0,-1.0,-1.0,-1.0,-1.0,-1.0,-1.0,-1.0,-1.0,-1.0,-1.0,-1.0,-1.0,-1.0,-1.0,-1.0,-1.0,-1.0,-1.0,-1.0,-1.0,-1.0,-1.0,-1.0,-1.0,-1.0,-1.0,1.0,-1.0,-1.0,-1.0,-1.0,-1.0,-1.0,-1.0,-1.0,-1.0,-1.0,1.0,-1.0,-1.0,-1.0,-1.0,-1.0,-1.0,-1.0,-1.0,-1.0,-1.0,-1.0,-1.0,1.0,-1.0,-1.0,-1.0,-1.0,-1.0,-1.0,-1.0,-1.0,-1.0,-1.0,-1.0,-1.0,-1.0,-1.0,-1.0,-1.0,-1.0,-1.0,1.0,-1.0,-1.0,-1.0,-1.0,-1.0,-1.0,1.0,-1.0,-1.0,-1.0,-1.0,1.0,1.0,1.0,1.0,-1.0,-1.0,-1.0,1.0,-1.0,-1.0,-1.0,-1.0,-1.0,-1.0,-1.0,-1.0,-1.0,-1.0,-1.0,-1.0,-1.0,-1.0,-1.0,1.0,-1.0,-1.0,1.0,-1.0,-1.0,-1.0,-1.0,-1.0,-1.0,-1.0,-1.0,-1.0,-1.0,-1.0,-1.0,-1.0,-1.0,-1.0,1.0,1.0,-1.0,-1.0,-1.0,1.0,-1.0,-1.0,-1.0,-1.0,-1.0,-1.0,-1.0,-1.0,-1.0,-1.0,-1.0,-1.0,-1.0,-1.0,-1.0,-1.0,-1.0,-1.0,-1.0,1.0,-1.0,-1.0,-1.0,1.0,-1.0,-1.0,-1.0,-1.0,-1.0,-1.0,-1.0,-1.0,-1.0,-1.0,-1.0,-1.0,-1.0,-1.0,-1.0,-1.0,-1.0,-1.0,-1.0,-1.0,-1.0,-1.0,-1.0,-1.0,-1.0,-1.0,-1.0,-1.0,-1.0,-1.0,-1.0,-1.0,-1.0,-1.0,-1.0,-1.0,-1.0,-1.0,-1.0,-1.0,-1.0,-1.0,-1.0,-1.0,-1.0,-1.0,-1.0,-1.0,-1.0,-1.0,-1.0,-1.0,-1.0,-1.0,-1.0,-1.0,-1.0,-1.0,-1.0,-1.0,-1.0,-1.0,-1.0,-1.0,-1.0,-1.0,-1.0,-1.0,-1.0,-1.0,-1.0,-1.0,-1.0,-1.0,-1.0,-1.0,-1.0,-1.0,-1.0,-1.0,-1.0,-1.0,-1.0,-1.0,-1.0,-1.0,-1.0,-1.0,-1.0
-1.0,-1.0,-1.0,-1.0,-1.0,-1.0,-1.0,-1.0,-1.0,-1.0,-1.0,-1.0,-1.0,-1.0,-1.0,-1.0,-1.0,-1.0,-1.0,-1.0,-1.0,-1.0,-1.0,-1.0,-1.0,-1.0,-1.0,-1.0,-1.0,-1.0,-1.0,-1.0,-1.0,-1.0,-1.0,-1.0,-1.0,-1.0,-1.0,-1.0,-1.0,-1.0,-1.0,-1.0,-1.0,-1.0,-1.0,-1.0,-1.0,-1.0,-1.0,-1.0,-1.0,-1.0,-1.0,-1.0,-1.0,-1.0,-1.0,-1.0,-1.0,-1.0,-1.0,-1.0,-1.0,-1.0,-1.0,-1.0,-1.0,-1.0,-1.0,-1.0,-1.0,-1.0,-1.0,-1.0,-1.0,-1.0,-1.0,-1.0,-1.0,-1.0,-1.0,-1.0,-1.0,-1.0,-1.0,-1.0,-1.0,-1.0,-1.0,-1.0,-1.0,-1.0,-1.0,-1.0,-1.0,-1.0,-1.0,-1.0,-1.0,1.0,-1.0,-1.0,-1.0,-1.0,-1.0,-1.0,-1.0,-1.0,-1.0,-1.0,-1.0,-1.0,-1.0,-1.0,-1.0,-1.0,-1.0,-1.0,-1.0,-1.0,-1.0,-1.0,-1.0,1.0,-1.0,-1.0,-1.0,-1.0,-1.0,-1.0,-1.0,-1.0,-1.0,-1.0,-1.0,-1.0,-1.0,-1.0,-1.0,-1.0,-1.0,-1.0,-1.0,-1.0,-1.0,-1.0,-1.0,-1.0,-1.0,-1.0,-1.0,1.0,-1.0,-1.0,-1.0,-1.0,-1.0,-1.0,-1.0,-1.0,-1.0,-1.0,-1.0,-1.0,-1.0,-1.0,-1.0,-1.0,-1.0,-1.0,1.0,-1.0,-1.0,-1.0,-1.0,-1.0,-1.0,-1.0,-1.0,-1.0,-1.0,-1.0,-1.0,-1.0,1.0,-1.0,-1.0,-1.0,-1.0,-1.0,-1.0,-1.0,-1.0,-1.0,-1.0,1.0,-1.0,-1.0,-1.0,-1.0,-1.0,-1.0,-1.0,-1.0,-1.0,-1.0,-1.0,-1.0,-1.0,-1.0,-1.0,-1.0,1.0,-1.0,-1.0,-1.0,-1.0,-1.0,-1.0,-1.0,-1.0,-1.0,-1.0,-1.0,-1.0,-1.0,-1.0,-1.0,-1.0,-1.0,-1.0,-1.0,1.0,-1.0,-1.0,-1.0,-1.0,-1.0,-1.0,-1.0,-1.0,-1.0,-1.0,-1.0,-1.0,-1.0,-1.0,-1.0,-1.0,-1.0,-1.0,-1.0,-1.0,-1.0,-1.0,-1.0,-1.0,-1.0,-1.0,-1.0,-1.0,-1.0,-1.0,-1.0,-1.0,-1.0,-1.0,-1.0,-1.0,-1.0,-1.0,-1.0,-1.0,-1.0,-1.0,-1.0,-1.0,-1.0,-1.0,-1.0,-1.0,-1.0,-1.0,-1.0,-1.0,-1.0,-1.0,-1.0,-1.0,-1.0,-1.0,-1.0,-1.0,-1.0,-1.0,-1.0,-1.0,-1.0,-1.0,-1.0
-1.0,1.0,-1.0,-1.0,-1.0,-1.0,-1.0,-1.0,-1.0,-1.0,-1.0,-1.0,-1.0,-1.0,1.0,-1.0,-1.0,-1.0,1.0,-1.0,1.0,-1.0,-1.0,-1.0,-1.0,-1.0,-1.0,-1.0,-1.0,-1.0,-1.0,-1.0,-1.0,-1.0,-1.0,-1.0,-1.0,-1.0,-1.0,-1.0,-1.0,-1.0,-1.0,-1.0,-1.0,-1.0,-1.0,-1.0,-1.0,-1.0,-1.0,-1.0,-1.0,-1.0,-1.0,-1.0,-1.0,-1.0,-1.0,-1.0,-1.0,-1.0,1.0,-1.0,-1.0,-1.0,-1.0,-1.0,-1.0,-1.0,-1.0,-1.0,-1.0,-1.0,-1.0,-1.0,-1.0,-1.0,-1.0,-1.0,-1.0,-1.0,-1.0,-1.0,-1.0,-1.0,-1.0,-1.0,-1.0,-1.0,-1.0,-1.0,-1.0,-1.0,-1.0,-1.0,-1.0,-1.0,-1.0,-1.0,-1.0,-1.0,-1.0,-1.0,-1.0,-1.0,-1.0,-1.0,-1.0,-1.0,-1.0,-1.0,-1.0,-1.0,-1.0,-1.0,-1.0,-1.0,-1.0,-1.0,-1.0,-1.0,-1.0,-1.0,-1.0,-1.0,-1.0,-1.0,-1.0,-1.0,-1.0,-1.0,-1.0,-1.0,-1.0,-1.0,-1.0,-1.0,-1.0,-1.0,-1.0,-1.0,-1.0,-1.0,-1.0,-1.0,-1.0,-1.0,-1.0,-1.0,-1.0,-1.0,-1.0,-1.0,-1.0,-1.0,-1.0,-1.0,-1.0,-1.0,-1.0,-1.0,-1.0,-1.0,-1.0,-1.0,-1.0,-1.0,-1.0,-1.0,-1.0,-1.0,-1.0,-1.0,-1.0,-1.0,-1.0,-1.0,-1.0,-1.0,-1.0,-1.0,-1.0,-1.0,-1.0,-1.0,-1.0,-1.0,-1.0,-1.0,-1.0,-1.0,-1.0,-1.0,-1.0,-1.0,-1.0,-1.0,-1.0,-1.0,-1.0,-1.0,-1.0,-1.0,-1.0,-1.0,-1.0,-1.0,-1.0,-1.0,-1.0,-1.0,-1.0,-1.0,-1.0,-1.0,-1.0,-1.0,-1.0,-1.0,-1.0,-1.0,-1.0,-1.0,-1.0,-1.0,-1.0,-1.0,-1.0,-1.0,-1.0,-1.0,-1.0,-1.0,-1.0,-1.0,-1.0,-1.0,-1.0,-1.0,-1.0,-1.0,-1.0,-1.0,-1.0,-1.0,-1.0,-1.0,-1.0,-1.0,-1.0,-1.0,-1.0,-1.0,-1.0,-1.0,1.0,1.0,-1.0,-1.0,1.0,-1.0,-1.0,1.0,-1.0,-1.0,1.0,-1.0,-1.0,1.0,-1.0,-1.0,-1.0,-1.0,1.0,-1.0,-1.0,-1.0,-1.0,-1.0,-1.0,-1.0,-1.0,-1.0,-1.0,-1.0,-1.0,-1.0,-1.0,-1.0,-1.0,-1.0,-1.0,-1.0,-1.0,-1.0,-1.0,-1.0,-1.0,1.0,-1.0,-1.0
-1.0,-1.0,-1.0,-1.0,-1.0,-1.0,-1.0,-1.0,-1.0,-1.0,-1.0,-1.0,-1.0,-1.0,-1.0,-1.0,-1.0,-1.0,-1.0,-1.0,-1.0,-1.0,-1.0,-1.0,-1.0,-1.0,-1.0,-1.0,-1.0,-1.0,-1.0,-1.0,-1.0,-1.0,-1.0,-1.0,-1.0,-1.0,-1.0,-1.0,-1.0,-1.0,-1.0,-1.0,-1.0,-1.0,-1.0,-1.0,-1.0,-1.0,-1.0,-1.0,-1.0,-1.0,-1.0,-1.0,-1.0,-1.0,-1.0,-1.0,-1.0,-1.0,-1.0,-1.0,-1.0,-1.0,-1.0,-1.0,-1.0,-1.0,-1.0,-1.0,-1.0,-1.0,-1.0,-1.0,-1.0,-1.0,-1.0,-1.0,-1.0,-1.0,-1.0,-1.0,-1.0,-1.0,-1.0,-1.0,-1.0,-1.0,-1.0,-1.0,-1.0,-1.0,-1.0,-1.0,-1.0,-1.0,-1.0,-1.0,-1.0,-1.0,-1.0,-1.0,-1.0,-1.0,-1.0,-1.0,-1.0,-1.0,-1.0,-1.0,-1.0,-1.0,-1.0,-1.0,-1.0,-1.0,-1.0,-1.0,-1.0,-1.0,-1.0,-1.0,-1.0,-1.0,-1.0,-1.0,-1.0,-1.0,-1.0,-1.0,-1.0,-1.0,-1.0,-1.0,-1.0,-1.0,-1.0,-1.0,-1.0,-1.0,-1.0,-1.0,-1.0,-1.0,-1.0,-1.0,-1.0,-1.0,-1.0,-1.0,-1.0,-1.0,-1.0,-1.0,-1.0,-1.0,-1.0,-1.0,-1.0,-1.0,-1.0,-1.0,-1.0,-1.0,-1.0,-1.0,-1.0,-1.0,-1.0,-1.0,-1.0,-1.0,-1.0,-1.0,-1.0,-1.0,-1.0,-1.0,-1.0,-1.0,-1.0,-1.0,-1.0,-1.0,-1.0,-1.0,-1.0,-1.0,-1.0,-1.0,-1.0,-1.0,-1.0,-1.0,-1.0,-1.0,-1.0,-1.0,-1.0,-1.0,-1.0,-1.0,-1.0,-1.0,-1.0,-1.0,-1.0,-1.0,-1.0,-1.0,-1.0,-1.0,-1.0,-1.0,-1.0,-1.0,-1.0,-1.0,-1.0,-1.0,-1.0,-1.0,-1.0,-1.0,-1.0,-1.0,-1.0,-1.0,-1.0,-1.0,-1.0,-1.0,-1.0,-1.0,-1.0,-1.0,-1.0,-1.0,-1.0,-1.0,-1.0,-1.0,-1.0,-1.0,-1.0,-1.0,-1.0,-1.0,-1.0,-1.0,-1.0,-1.0,-1.0,-1.0,-1.0,-1.0,-1.0,-1.0,-1.0,-1.0,-1.0,-1.0,-1.0,-1.0,-1.0,-1.0,-1.0,-1.0,-1.0,-1.0,-1.0,-1.0,-1.0,-1.0,-1.0,-1.0,-1.0,-1.0,-1.0,-1.0,-1.0,-1.0,-1.0,-1.0,-1.0,-1.0,-1.0,-1.0,-1.0,-1.0,-1.0,-1.0,-1.0,-1.0,-1.0,-1.0,-1.0,-1.0,-1.0,-1.0
-1.0,-1.0,-1.0,-1.0,-1.0,-1.0,-1.0,-1.0,-1.0,-1.0,-1.0,-1.0,-1.0,-1.0,-1.0,-1.0,-1.0,-1.0,-1.0,-1.0,-1.0,-1.0,-1.0,-1.0,-1.0,-1.0,-1.0,-1.0,-1.0,-1.0,-1.0,-1.0,-1.0,-1.0,-1.0,-1.0,-1.0,-1.0,-1.0,-1.0,-1.0,-1.0,-1.0,-1.0,-1.0,-1.0,-1.0,-1.0,-1.0,-1.0,-1.0,-1.0,-1.0,-1.0,-1.0,-1.0,-1.0,-1.0,-1.0,-1.0,-1.0,-1.0,-1.0,-1.0,-1.0,-1.0,-1.0,-1.0,-1.0,-1.0,-1.0,-1.0,-1.0,-1.0,-1.0,-1.0,-1.0,-1.0,-1.0,-1.0,-1.0,-1.0,-1.0,-1.0,-1.0,-1.0,-1.0,-1.0,-1.0,-1.0,-1.0,-1.0,-1.0,-1.0,-1.0,-1.0,-1.0,-1.0,-1.0,-1.0,-1.0,-1.0,-1.0,-1.0,-1.0,-1.0,-1.0,-1.0,-1.0,-1.0,-1.0,-1.0,-1.0,-1.0,-1.0,-1.0,-1.0,-1.0,-1.0,-1.0,-1.0,-1.0,-1.0,-1.0,-1.0,-1.0,-1.0,-1.0,-1.0,-1.0,-1.0,-1.0,-1.0,-1.0,-1.0,-1.0,-1.0,-1.0,-1.0,-1.0,-1.0,-1.0,-1.0,-1.0,-1.0,-1.0,-1.0,-1.0,-1.0,-1.0,-1.0,-1.0,-1.0,-1.0,-1.0,-1.0,-1.0,-1.0,-1.0,-1.0,-1.0,-1.0,-1.0,-1.0,-1.0,-1.0,-1.0,-1.0,-1.0,-1.0,-1.0,-1.0,-1.0,-1.0,-1.0,-1.0,-1.0,-1.0,-1.0,-1.0,-1.0,-1.0,-1.0,-1.0,-1.0,-1.0,-1.0,-1.0,-1.0,-1.0,-1.0,-1.0,-1.0,-1.0,-1.0,-1.0,-1.0,-1.0,-1.0,-1.0,-1.0,-1.0,-1.0,-1.0,-1.0,-1.0,-1.0,-1.0,-1.0,-1.0,-1.0,-1.0,-1.0,-1.0,-1.0,-1.0,-1.0,-1.0,-1.0,-1.0,-1.0,-1.0,-1.0,-1.0,-1.0,-1.0,-1.0,-1.0,-1.0,-1.0,-1.0,-1.0,-1.0,-1.0,-1.0,-1.0,-1.0,-1.0,-1.0,-1.0,-1.0,-1.0,-1.0,-1.0,-1.0,-1.0,-1.0,-1.0,-1.0,-1.0,-1.0,-1.0,-1.0,-1.0,-1.0,-1.0,-1.0,-1.0,-1.0,-1.0,-1.0,-1.0,-1.0,-1.0,-1.0,-1.0,-1.0,-1.0,-1.0,-1.0,-1.0,-1.0,-1.0,-1.0,-1.0,-1.0,-1.0,-1.0,-1.0,-1.0,-1.0,-1.0,-1.0,-1.0,-1.0,-1.0,-1.0,-1.0,-1.0,-1.0,-1.0,-1.0,-1.0,-1.0,-1.0,-1.0,-1.0,-1.0,-1.0,-1.0,-1.0,-1.0
-1.0,-1.0,-1.0,-1.0,-1.0,-1.0,-1.0,-1.0,-1.0,-1.0,-1.0,-1.0,-1.0,-1.0,-1.0,-1.0,-1.0,-1.0,-1.0,-1.0,-1.0,-1.0,-1.0,-1.0,-1.0,-1.0,-1.0,-1.0,-1.0,-1.0,-1.0,-1.0,-1.0,-1.0,-1.0,-1.0,-1.0,-1.0,-1.0,-1.0,-1.0,-1.0,-1.0,-1.0,-1.0,-1.0,-1.0,-1.0,-1.0,-1.0,-1.0,-1.0,-1.0,-1.0,-1.0,-1.0,-1.0,-1.0,-1.0,-1.0,-1.0,-1.0,-1.0,-1.0,-1.0,-1.0,-1.0,-1.0,-1.0,-1.0,-1.0,-1.0,-1.0,-1.0,-1.0,-1.0,-1.0,-1.0,-1.0,-1.0,-1.0,-1.0,-1.0,-1.0,-1.0,-1.0,-1.0,-1.0,-1.0,-1.0,-1.0,-1.0,-1.0,-1.0,-1.0,-1.0,-1.0,-1.0,-1.0,-1.0,-1.0,-1.0,-1.0,-1.0,-1.0,-1.0,-1.0,-1.0,-1.0,-1.0,-1.0,-1.0,-1.0,-1.0,-1.0,-1.0,-1.0,-1.0,-1.0,-1.0,-1.0,-1.0,-1.0,-1.0,-1.0,-1.0,-1.0,-1.0,-1.0,-1.0,-1.0,-1.0,-1.0,-1.0,-1.0,-1.0,-1.0,-1.0,-1.0,-1.0,-1.0,-1.0,-1.0,-1.0,-1.0,-1.0,-1.0,-1.0,-1.0,-1.0,-1.0,-1.0,-1.0,-1.0,-1.0,-1.0,-1.0,-1.0,-1.0,-1.0,-1.0,-1.0,-1.0,-1.0,-1.0,-1.0,-1.0,-1.0,-1.0,-1.0,-1.0,-1.0,-1.0,-1.0,-1.0,-1.0,-1.0,-1.0,-1.0,-1.0,-1.0,-1.0,-1.0,-1.0,-1.0,-1.0,-1.0,-1.0,-1.0,-1.0,-1.0,-1.0,-1.0,-1.0,-1.0,-1.0,-1.0,-1.0,-1.0,-1.0,-1.0,-1.0,-1.0,-1.0,-1.0,-1.0,-1.0,-1.0,-1.0,-1.0,-1.0,-1.0,-1.0,-1.0,-1.0,-1.0,-1.0,-1.0,-1.0,-1.0,-1.0,-1.0,-1.0,-1.0,-1.0,-1.0,-1.0,-1.0,-1.0,-1.0,-1.0,-1.0,-1.0,-1.0,-1.0,-1.0,-1.0,-1.0,-1.0,-1.0,-1.0,-1.0,-1.0,-1.0,-1.0,-1.0,-1.0,-1.0,-1.0,-1.0,-1.0,-1.0,-1.0,-1.0,-1.0,-1.0,-1.0,-1.0,-1.0,-1.0,-1.0,-1.0,-1.0,-1.0,-1.0,-1.0,-1.0,-1.0,-1.0,-1.0,-1.0,-1.0,-1.0,-1.0,-1.0,-1.0,-1.0,-1.0,-1.0,-1.0,-1.0,-1.0,-1.0,-1.0,-1.0,-1.0,-1.0,-1.0,-1.0,-1.0,-1.0,-1.0,-1.0,-1.0,-1.0,-1.0,-1.0,-1.0,-1.0,-1.0,-1.0,-1.0
-1.0,-1.0,-1.0,-1.0,-1.0,-1.0,-1.0,-1.0,-1.0,-1.0,-1.0,-1.0,-1.0,-1.0,-1.0,-1.0,-1.0,-1.0,-1.0,-1.0,-1.0,-1.0,-1.0,-1.0,-1.0,-1.0,-1.0,-1.0,-1.0,-1.0,-1.0,-1.0,-1.0,-1.0,-1.0,-1.0,-1.0,-1.0,-1.0,-1.0,-1.0,-1.0,-1.0,-1.0,-1.0,-1.0,-1.0,-1.0,-1.0,-1.0,-1.0,-1.0,-1.0,-1.0,-1.0,-1.0,-1.0,-1.0,-1.0,-1.0,-1.0,-1.0,-1.0,-1.0,-1.0,-1.0,-1.0,-1.0,-1.0,-1.0,-1.0,-1.0,-1.0,-1.0,-1.0,-1.0,-1.0,-1.0,-1.0,-1.0,-1.0,-1.0,-1.0,-1.0,-1.0,-1.0,-1.0,-1.0,-1.0,-1.0,-1.0,-1.0,-1.0,-1.0,-1.0,-1.0,-1.0,-1.0,-1.0,-1.0,-1.0,-1.0,-1.0,-1.0,-1.0,-1.0,-1.0,-1.0,-1.0,-1.0,-1.0,-1.0,-1.0,-1.0,-1.0,-1.0,-1.0,-1.0,-1.0,-1.0,-1.0,-1.0,-1.0,-1.0,-1.0,-1.0,-1.0,-1.0,-1.0,-1.0,-1.0,-1.0,-1.0,-1.0,-1.0,-1.0,-1.0,-1.0,-1.0,-1.0,-1.0,-1.0,-1.0,-1.0,-1.0,-1.0,-1.0,-1.0,-1.0,-1.0,-1.0,-1.0,-1.0,-1.0,-1.0,-1.0,-1.0,-1.0,-1.0,-1.0,-1.0,-1.0,-1.0,-1.0,-1.0,-1.0,-1.0,-1.0,-1.0,-1.0,-1.0,-1.0,-1.0,-1.0,-1.0,-1.0,-1.0,-1.0,-1.0,-1.0,-1.0,-1.0,-1.0,-1.0,-1.0,-1.0,-1.0,-1.0,-1.0,-1.0,-1.0,-1.0,-1.0,-1.0,-1.0,-1.0,-1.0,-1.0,-1.0,-1.0,-1.0,-1.0,-1.0,-1.0,-1.0,-1.0,-1.0,-1.0,-1.0,-1.0,-1.0,-1.0,-1.0,-1.0,-1.0,-1.0,-1.0,-1.0,-1.0,-1.0,-1.0,-1.0,-1.0,-1.0,-1.0,-1.0,-1.0,-1.0,-1.0,-1.0,-1.0,-1.0,-1.0,-1.0,-1.0,-1.0,-1.0,-1.0,-1.0,-1.0,-1.0,-1.0,-1.0,-1.0,-1.0,-1.0,-1.0,-1.0,-1.0,-1.0,-1.0,-1.0,-1.0,-1.0,-1.0,-1.0,-1.0,-1.0,-1.0,-1.0,-1.0,-1.0,-1.0,-1.0,-1.0,-1.0,-1.0,-1.0,-1.0,-1.0,-1.0,-1.0,-1.0,-1.0,-1.0,-1.0,-1.0,-1.0,-1.0,-1.0,-1.0,-1.0,-1.0,-1.0,-1.0,-1.0,-1.0,-1.0,-1.0,-1.0,-1.0,-1.0,-1.0,-1.0,-1.0,-1.0,-1.0,-1.0,-1.0,-1.0,-1.0,-1.0
-1.0,-1.0,-1.0,-1.0,-1.0,-1.0,-1.0,-1.0,-1.0,-1.0,-1.0,-1.0,-1.0,-1.0,-1.0,-1.0,-1.0,-1.0,-1.0,-1.0,-1.0,-1.0,-1.0,-1.0,-1.0,-1.0,-1.0,-1.0,-1.0,-1.0,-1.0,-1.0,-1.0,-1.0,-1.0,-1.0,-1.0,-1.0,-1.0,-1.0,-1.0,-1.0,-1.0,-1.0,-1.0,-1.0,-1.0,-1.0,-1.0,-1.0,-1.0,-1.0,-1.0,-1.0,-1.0,-1.0,-1.0,1.0,-1.0,-1.0,-1.0,-1.0,-1.0,-1.0,-1.0,-1.0,-1.0,-1.0,-1.0,-1.0,-1.0,-1.0,-1.0,-1.0,-1.0,-1.0,-1.0,-1.0,-1.0,-1.0,-1.0,-1.0,-1.0,-1.0,-1.0,-1.0,-1.0,-1.0,-1.0,-1.0,-1.0,-1.0,-1.0,-1.0,-1.0,-1.0,-1.0,-1.0,-1.0,-1.0,-1.0,-1.0,-1.0,-1.0,-1.0,-1.0,-1.0,-1.0,-1.0,-1.0,-1.0,-1.0,-1.0,-1.0,-1.0,-1.0,-1.0,-1.0,-1.0,-1.0,-1.0,-1.0,-1.0,-1.0,-1.0,-1.0,-1.0,-1.0,-1.0,-1.0,-1.0,-1.0,-1.0,-1.0,-1.0,-1.0,-1.0,-1.0,-1.0,-1.0,-1.0,-1.0,-1.0,-1.0,-1.0,-1.0,-1.0,-1.0,-1.0,-1.0,-1.0,-1.0,-1.0,-1.0,-1.0,-1.0,-1.0,-1.0,-1.0,-1.0,-1.0,-1.0,-1.0,-1.0,-1.0,-1.0,-1.0,-1.0,-1.0,-1.0,-1.0,-1.0,-1.0,-1.0,-1.0,-1.0,-1.0,-1.0,-1.0,-1.0,-1.0,-1.0,-1.0,-1.0,-1.0,-1.0,-1.0,-1.0,-1.0,-1.0,-1.0,-1.0,-1.0,-1.0,-1.0,-1.0,-1.0,-1.0,-1.0,-1.0,-1.0,-1.0,-1.0,-1.0,-1.0,-1.0,-1.0,-1.0,-1.0,-1.0,-1.0,-1.0,-1.0,-1.0,-1.0,-1.0,-1.0,-1.0,-1.0,-1.0,-1.0,-1.0,-1.0,-1.0,-1.0,-1.0,-1.0,-1.0,-1.0,-1.0,-1.0,-1.0,-1.0,-1.0,-1.0,-1.0,-1.0,-1.0,-1.0,-1.0,-1.0,-1.0,-1.0,-1.0,-1.0,-1.0,-1.0,-1.0,-1.0,-1.0,-1.0,-1.0,-1.0,-1.0,-1.0,-1.0,-1.0,-1.0,-1.0,-1.0,-1.0,-1.0,-1.0,-1.0,-1.0,-1.0,-1.0,-1.0,-1.0,-1.0,-1.0,-1.0,-1.0,-1.0,-1.0,-1.0,-1.0,-1.0,-1.0,-1.0,-1.0,-1.0,-1.0,-1.0,-1.0,-1.0,-1.0,-1.0,-1.0,-1.0,-1.0,-1.0,-1.0,-1.0,-1.0,-1.0,-1.0,-1.0,-1.0,-1.0,-1.0,-1.0
-1.0,-1.0,-1.0,-1.0,-1.0,-1.0,-1.0,-1.0,-1.0,-1.0,-1.0,-1.0,-1.0,-1.0,-1.0,-1.0,-1.0,-1.0,-1.0,-1.0,-1.0,-1.0,-1.0,-1.0,-1.0,-1.0,-1.0,-1.0,-1.0,-1.0,-1.0,-1.0,-1.0,-1.0,-1.0,-1.0,-1.0,-1.0,-1.0,-1.0,-1.0,-1.0,-1.0,-1.0,-1.0,-1.0,-1.0,-1.0,-1.0,-1.0,-1.0,-1.0,-1.0,-1.0,-1.0,-1.0,-1.0,-1.0,-1.0,-1.0,-1.0,-1.0,-1.0,-1.0,-1.0,-1.0,-1.0,-1.0,-1.0,-1.0,-1.0,-1.0,-1.0,-1.0,-1.0,-1.0,-1.0,-1.0,-1.0,-1.0,-1.0,-1.0,-1.0,-1.0,-1.0,-1.0,-1.0,-1.0,-1.0,-1.0,-1.0,-1.0,-1.0,-1.0,-1.0,-1.0,-1.0,-1.0,-1.0,-1.0,-1.0,-1.0,-1.0,-1.0,-1.0,-1.0,-1.0,-1.0,-1.0,-1.0,-1.0,-1.0,-1.0,-1.0,-1.0,-1.0,-1.0,-1.0,-1.0,-1.0,-1.0,-1.0,-1.0,-1.0,-1.0,-1.0,-1.0,-1.0,-1.0,-1.0,-1.0,-1.0,-1.0,-1.0,-1.0,-1.0,-1.0,-1.0,-1.0,-1.0,-1.0,-1.0,-1.0,-1.0,-1.0,-1.0,-1.0,-1.0,-1.0,-1.0,-1.0,-1.0,-1.0,-1.0,-1.0,-1.0,-1.0,-1.0,-1.0,-1.0,-1.0,-1.0,-1.0,-1.0,-1.0,-1.0,-1.0,-1.0,-1.0,-1.0,-1.0,-1.0,-1.0,-1.0,-1.0,-1.0,-1.0,-1.0,1.0,-1.0,-1.0,-1.0,-1.0,-1.0,-1.0,-1.0,-1.0,-1.0,-1.0,-1.0,-1.0,-1.0,-1.0,-1.0,-1.0,-1.0,-1.0,-1.0,-1.0,-1.0,-1.0,-1.0,-1.0,-1.0,-1.0,-1.0,-1.0,-1.0,-1.0,-1.0,-1.0,-1.0,-1.0,-1.0,-1.0,-1.0,-1.0,-1.0,-1.0,-1.0,-1.0,-1.0,-1.0,-1.0,-1.0,-1.0,-1.0,-1.0,-1.0,-1.0,-1.0,-1.0,-1.0,-1.0,-1.0,-1.0,-1.0,-1.0,-1.0,-1.0,-1.0,-1.0,-1.0,-1.0,-1.0,-1.0,-1.0,-1.0,-1.0,-1.0,-1.0,-1.0,-1.0,-1.0,-1.0,-1.0,-1.0,-1.0,-1.0,-1.0,-1.0,-1.0,-1.0,-1.0,-1.0,-1.0,-1.0,-1.0,-1.0,-1.0,-1.0,-1.0,-1.0,-1.0,-1.0,-1.0,-1.0,-1.0,-1.0,-1.0,-1.0,-1.0,-1.0,-1.0,-1.0,-1.0,-1.0,-1.0,-1.0,-1.0,-1.0,-1.0,-1.0,-1.0,-1.0,-1.0,-1.0,-1.0,-1.0,-1.0,-1.0,-1.0
